mznc2019_probs/stack-cuttingstock/d7.dzn
m = array1d(1..6, [0, 0, 0, 23, 27, 22]);
objective = 72;
used = array1d(1..6, [0, 0, 0, 1, 1, 1]);
x = array2d(1..6, 1..12, [0, 0, 0, 0, 0, 0, 0, 0, 0, 0, 0, 0, 0, 0, 0, 0, 0, 0, 0, 0, 0, 0, 0, 0, 0, 0, 0, 0, 0, 0, 0, 0, 0, 0, 0, 0, 0, 0, 0, 0, 0, 0, 0, 0, 0, 0, 0, 1, 0, 0, 0, 0, 0, 0, 0, 1, 1, 1, 1, 0, 1, 1, 1, 1, 1, 1, 1, 0, 0, 0, 0, 0]);
----------
m = array1d(1..6, [0, 0, 0, 23, 27, 16]);
objective = 66;
used = array1d(1..6, [0, 0, 0, 1, 1, 1]);
x = array2d(1..6, 1..12, [0, 0, 0, 0, 0, 0, 0, 0, 0, 0, 0, 0, 0, 0, 0, 0, 0, 0, 0, 0, 0, 0, 0, 0, 0, 0, 0, 0, 0, 0, 0, 0, 0, 0, 0, 0, 0, 0, 0, 0, 0, 0, 0, 0, 0, 0, 0, 1, 0, 0, 0, 0, 0, 0, 0, 1, 1, 1, 1, 0, 1, 1, 1, 1, 2, 1, 1, 0, 0, 0, 0, 0]);
----------
m = array1d(1..6, [0, 0, 0, 23, 27, 15]);
objective = 65;
used = array1d(1..6, [0, 0, 0, 1, 1, 1]);
x = array2d(1..6, 1..12, [0, 0, 0, 0, 0, 0, 0, 0, 0, 0, 0, 0, 0, 0, 0, 0, 0, 0, 0, 0, 0, 0, 0, 0, 0, 0, 0, 0, 0, 0, 0, 0, 0, 0, 0, 0, 0, 0, 0, 0, 0, 0, 0, 0, 0, 0, 0, 1, 0, 0, 0, 0, 0, 0, 1, 0, 1, 1, 1, 0, 1, 1, 1, 1, 2, 1, 0, 1, 0, 0, 0, 0]);
----------
m = array1d(1..6, [0, 0, 0, 23, 16, 22]);
objective = 61;
used = array1d(1..6, [0, 0, 0, 1, 1, 1]);
x = array2d(1..6, 1..12, [0, 0, 0, 0, 0, 0, 0, 0, 0, 0, 0, 0, 0, 0, 0, 0, 0, 0, 0, 0, 0, 0, 0, 0, 0, 0, 0, 0, 0, 0, 0, 0, 0, 0, 0, 0, 0, 0, 0, 0, 0, 0, 0, 0, 0, 0, 0, 1, 0, 0, 0, 0, 0, 0, 1, 1, 2, 1, 0, 0, 1, 1, 1, 1, 1, 1, 0, 0, 0, 0, 1, 0]);
----------
m = array1d(1..6, [0, 0, 0, 23, 14, 22]);
objective = 59;
used = array1d(1..6, [0, 0, 0, 1, 1, 1]);
x = array2d(1..6, 1..12, [0, 0, 0, 0, 0, 0, 0, 0, 0, 0, 0, 0, 0, 0, 0, 0, 0, 0, 0, 0, 0, 0, 0, 0, 0, 0, 0, 0, 0, 0, 0, 0, 0, 0, 0, 0, 0, 0, 0, 0, 0, 0, 0, 0, 0, 0, 0, 1, 0, 0, 0, 0, 0, 1, 0, 1, 2, 1, 0, 0, 1, 1, 1, 1, 1, 0, 1, 0, 0, 0, 1, 0]);
----------
m = array1d(1..6, [0, 0, 0, 23, 13, 22]);
objective = 58;
used = array1d(1..6, [0, 0, 0, 1, 1, 1]);
x = array2d(1..6, 1..12, [0, 0, 0, 0, 0, 0, 0, 0, 0, 0, 0, 0, 0, 0, 0, 0, 0, 0, 0, 0, 0, 0, 0, 0, 0, 0, 0, 0, 0, 0, 0, 0, 0, 0, 0, 0, 0, 0, 0, 0, 0, 0, 0, 0, 0, 0, 0, 1, 0, 0, 0, 1, 0, 1, 0, 0, 1, 1, 1, 0, 1, 1, 1, 0, 1, 0, 1, 1, 1, 0, 0, 0]);
----------
m = array1d(1..6, [0, 0, 0, 23, 12, 22]);
objective = 57;
used = array1d(1..6, [0, 0, 0, 1, 1, 1]);
x = array2d(1..6, 1..12, [0, 0, 0, 0, 0, 0, 0, 0, 0, 0, 0, 0, 0, 0, 0, 0, 0, 0, 0, 0, 0, 0, 0, 0, 0, 0, 0, 0, 0, 0, 0, 0, 0, 0, 0, 0, 0, 0, 0, 0, 0, 0, 0, 0, 0, 0, 0, 1, 0, 0, 1, 0, 0, 1, 0, 0, 1, 1, 1, 0, 1, 1, 0, 1, 1, 0, 1, 1, 1, 0, 0, 0]);
----------
m = array1d(1..6, [0, 0, 0, 12, 27, 16]);
objective = 55;
used = array1d(1..6, [0, 0, 0, 1, 1, 1]);
x = array2d(1..6, 1..12, [0, 0, 0, 0, 0, 0, 0, 0, 0, 0, 0, 0, 0, 0, 0, 0, 0, 0, 0, 0, 0, 0, 0, 0, 0, 0, 0, 0, 0, 0, 0, 0, 0, 0, 0, 0, 0, 0, 0, 0, 0, 0, 0, 0, 0, 0, 0, 2, 0, 0, 0, 0, 0, 0, 0, 1, 1, 1, 1, 0, 1, 1, 1, 1, 2, 1, 1, 0, 0, 0, 0, 0]);
----------
m = array1d(1..6, [0, 0, 0, 12, 27, 15]);
objective = 54;
used = array1d(1..6, [0, 0, 0, 1, 1, 1]);
x = array2d(1..6, 1..12, [0, 0, 0, 0, 0, 0, 0, 0, 0, 0, 0, 0, 0, 0, 0, 0, 0, 0, 0, 0, 0, 0, 0, 0, 0, 0, 0, 0, 0, 0, 0, 0, 0, 0, 0, 0, 0, 0, 0, 0, 0, 0, 0, 0, 0, 0, 0, 2, 0, 0, 0, 0, 0, 0, 1, 0, 1, 1, 1, 0, 1, 1, 1, 1, 2, 1, 0, 1, 0, 0, 0, 0]);
----------
m = array1d(1..6, [0, 0, 0, 12, 16, 22]);
objective = 50;
used = array1d(1..6, [0, 0, 0, 1, 1, 1]);
x = array2d(1..6, 1..12, [0, 0, 0, 0, 0, 0, 0, 0, 0, 0, 0, 0, 0, 0, 0, 0, 0, 0, 0, 0, 0, 0, 0, 0, 0, 0, 0, 0, 0, 0, 0, 0, 0, 0, 0, 0, 0, 0, 0, 0, 0, 0, 0, 0, 0, 0, 0, 2, 0, 0, 0, 0, 0, 0, 1, 1, 2, 1, 0, 0, 1, 1, 1, 1, 1, 1, 0, 0, 0, 0, 1, 0]);
----------
m = array1d(1..6, [0, 0, 0, 12, 14, 22]);
objective = 48;
used = array1d(1..6, [0, 0, 0, 1, 1, 1]);
x = array2d(1..6, 1..12, [0, 0, 0, 0, 0, 0, 0, 0, 0, 0, 0, 0, 0, 0, 0, 0, 0, 0, 0, 0, 0, 0, 0, 0, 0, 0, 0, 0, 0, 0, 0, 0, 0, 0, 0, 0, 0, 0, 0, 0, 0, 0, 0, 0, 0, 0, 0, 2, 0, 0, 0, 0, 0, 1, 0, 1, 2, 1, 0, 0, 1, 1, 1, 1, 1, 0, 1, 0, 0, 0, 1, 0]);
----------
m = array1d(1..6, [0, 0, 0, 12, 13, 22]);
objective = 47;
used = array1d(1..6, [0, 0, 0, 1, 1, 1]);
x = array2d(1..6, 1..12, [0, 0, 0, 0, 0, 0, 0, 0, 0, 0, 0, 0, 0, 0, 0, 0, 0, 0, 0, 0, 0, 0, 0, 0, 0, 0, 0, 0, 0, 0, 0, 0, 0, 0, 0, 0, 0, 0, 0, 0, 0, 0, 0, 0, 0, 0, 0, 2, 0, 0, 0, 1, 0, 1, 0, 0, 1, 1, 1, 0, 1, 1, 1, 0, 1, 0, 1, 1, 1, 0, 0, 0]);
----------
m = array1d(1..6, [0, 0, 0, 12, 12, 22]);
objective = 46;
used = array1d(1..6, [0, 0, 0, 1, 1, 1]);
x = array2d(1..6, 1..12, [0, 0, 0, 0, 0, 0, 0, 0, 0, 0, 0, 0, 0, 0, 0, 0, 0, 0, 0, 0, 0, 0, 0, 0, 0, 0, 0, 0, 0, 0, 0, 0, 0, 0, 0, 0, 0, 0, 0, 0, 0, 0, 0, 0, 0, 0, 0, 2, 0, 0, 1, 0, 0, 1, 0, 0, 1, 1, 1, 0, 1, 1, 0, 1, 1, 0, 1, 1, 1, 0, 0, 0]);
----------
m = array1d(1..6, [0, 0, 0, 8, 14, 22]);
objective = 44;
used = array1d(1..6, [0, 0, 0, 1, 1, 1]);
x = array2d(1..6, 1..12, [0, 0, 0, 0, 0, 0, 0, 0, 0, 0, 0, 0, 0, 0, 0, 0, 0, 0, 0, 0, 0, 0, 0, 0, 0, 0, 0, 0, 0, 0, 0, 0, 0, 0, 0, 0, 0, 0, 0, 0, 0, 0, 0, 0, 0, 0, 0, 3, 0, 0, 0, 0, 0, 1, 0, 1, 2, 1, 0, 0, 1, 1, 1, 1, 1, 0, 1, 0, 0, 0, 1, 0]);
----------
m = array1d(1..6, [0, 0, 0, 8, 13, 22]);
objective = 43;
used = array1d(1..6, [0, 0, 0, 1, 1, 1]);
x = array2d(1..6, 1..12, [0, 0, 0, 0, 0, 0, 0, 0, 0, 0, 0, 0, 0, 0, 0, 0, 0, 0, 0, 0, 0, 0, 0, 0, 0, 0, 0, 0, 0, 0, 0, 0, 0, 0, 0, 0, 0, 0, 0, 0, 0, 0, 0, 0, 0, 0, 0, 3, 0, 0, 0, 1, 0, 1, 0, 0, 1, 1, 1, 0, 1, 1, 1, 0, 1, 0, 1, 1, 1, 0, 0, 0]);
----------
m = array1d(1..6, [0, 0, 0, 8, 12, 22]);
objective = 42;
used = array1d(1..6, [0, 0, 0, 1, 1, 1]);
x = array2d(1..6, 1..12, [0, 0, 0, 0, 0, 0, 0, 0, 0, 0, 0, 0, 0, 0, 0, 0, 0, 0, 0, 0, 0, 0, 0, 0, 0, 0, 0, 0, 0, 0, 0, 0, 0, 0, 0, 0, 0, 0, 0, 0, 0, 0, 0, 0, 0, 0, 0, 3, 0, 0, 1, 0, 0, 1, 0, 0, 1, 1, 1, 0, 1, 1, 0, 1, 1, 0, 1, 1, 1, 0, 0, 0]);
----------
m = array1d(1..6, [0, 0, 0, 12, 14, 15]);
objective = 41;
used = array1d(1..6, [0, 0, 0, 1, 1, 1]);
x = array2d(1..6, 1..12, [0, 0, 0, 0, 0, 0, 0, 0, 0, 0, 0, 0, 0, 0, 0, 0, 0, 0, 0, 0, 0, 0, 0, 0, 0, 0, 0, 0, 0, 0, 0, 0, 0, 0, 0, 0, 0, 0, 0, 0, 0, 0, 0, 0, 0, 0, 1, 2, 0, 0, 0, 0, 0, 0, 1, 1, 2, 1, 0, 0, 1, 1, 1, 1, 2, 1, 1, 0, 0, 0, 0, 0]);
----------
m = array1d(1..6, [0, 0, 0, 12, 16, 12]);
objective = 40;
used = array1d(1..6, [0, 0, 0, 1, 1, 1]);
x = array2d(1..6, 1..12, [0, 0, 0, 0, 0, 0, 0, 0, 0, 0, 0, 0, 0, 0, 0, 0, 0, 0, 0, 0, 0, 0, 0, 0, 0, 0, 0, 0, 0, 0, 0, 0, 0, 0, 0, 0, 0, 0, 0, 0, 0, 0, 0, 0, 0, 0, 1, 2, 0, 0, 0, 0, 0, 0, 1, 1, 2, 1, 0, 0, 2, 1, 1, 2, 2, 1, 0, 0, 0, 0, 0, 0]);
----------
m = array1d(1..6, [0, 0, 0, 12, 12, 15]);
objective = 39;
used = array1d(1..6, [0, 0, 0, 1, 1, 1]);
x = array2d(1..6, 1..12, [0, 0, 0, 0, 0, 0, 0, 0, 0, 0, 0, 0, 0, 0, 0, 0, 0, 0, 0, 0, 0, 0, 0, 0, 0, 0, 0, 0, 0, 0, 0, 0, 0, 0, 0, 0, 0, 0, 0, 0, 0, 0, 0, 0, 0, 0, 1, 2, 0, 0, 0, 0, 0, 0, 2, 1, 1, 1, 0, 0, 1, 1, 1, 1, 2, 1, 0, 0, 1, 0, 0, 0]);
----------
m = array1d(1..6, [0, 0, 0, 4, 12, 22]);
objective = 38;
used = array1d(1..6, [0, 0, 0, 1, 1, 1]);
x = array2d(1..6, 1..12, [0, 0, 0, 0, 0, 0, 0, 0, 0, 0, 0, 0, 0, 0, 0, 0, 0, 0, 0, 0, 0, 0, 0, 0, 0, 0, 0, 0, 0, 0, 0, 0, 0, 0, 0, 0, 0, 0, 0, 0, 0, 0, 0, 0, 0, 0, 2, 1, 0, 1, 1, 0, 0, 1, 0, 1, 1, 1, 0, 0, 1, 0, 0, 1, 1, 0, 1, 0, 1, 0, 0, 1]);
----------
m = array1d(1..6, [0, 0, 0, 12, 8, 15]);
objective = 35;
used = array1d(1..6, [0, 0, 0, 1, 1, 1]);
x = array2d(1..6, 1..12, [0, 0, 0, 0, 0, 0, 0, 0, 0, 0, 0, 0, 0, 0, 0, 0, 0, 0, 0, 0, 0, 0, 0, 0, 0, 0, 0, 0, 0, 0, 0, 0, 0, 0, 0, 0, 0, 0, 0, 0, 0, 0, 0, 0, 1, 1, 0, 2, 0, 0, 0, 0, 0, 0, 2, 0, 2, 0, 1, 0, 1, 1, 1, 1, 2, 1, 0, 1, 0, 0, 0, 0]);
----------
m = array1d(1..6, [0, 0, 0, 12, 8, 14]);
objective = 34;
used = array1d(1..6, [0, 0, 0, 1, 1, 1]);
x = array2d(1..6, 1..12, [0, 0, 0, 0, 0, 0, 0, 0, 0, 0, 0, 0, 0, 0, 0, 0, 0, 0, 0, 0, 0, 0, 0, 0, 0, 0, 0, 0, 0, 0, 0, 0, 0, 0, 0, 0, 0, 0, 0, 0, 0, 0, 0, 1, 0, 1, 0, 2, 0, 0, 0, 0, 1, 1, 2, 0, 0, 0, 1, 0, 2, 1, 1, 1, 1, 0, 0, 0, 2, 0, 0, 0]);
----------
