mznc2018_probs/concert-hall-cap/concert-cap.mznc2018.03.dzn
assign = array1d(1..28, [3, 4, 5, 6, 3, 0, 0, 0, 1, 4, 0, 0, 0, 0, 0, 0, 0, 0, 0, 0, 0, 0, 0, 0, 0, 0, 0, 0]);
objective = 9294;
----------
assign = array1d(1..28, [3, 4, 5, 6, 3, 0, 0, 0, 1, 4, 0, 0, 0, 0, 0, 0, 0, 0, 0, 0, 0, 0, 0, 0, 0, 0, 0, 2]);
objective = 11310;
----------
assign = array1d(1..28, [3, 4, 5, 6, 3, 0, 0, 0, 1, 4, 0, 0, 0, 0, 0, 0, 0, 0, 0, 0, 0, 0, 0, 0, 0, 0, 1, 2]);
objective = 12792;
----------
assign = array1d(1..28, [3, 4, 5, 6, 3, 0, 0, 0, 1, 4, 0, 0, 0, 0, 0, 0, 0, 0, 0, 0, 0, 0, 0, 0, 0, 1, 2, 2]);
objective = 14274;
----------
assign = array1d(1..28, [3, 4, 5, 6, 3, 0, 0, 0, 1, 4, 0, 0, 0, 0, 0, 0, 0, 0, 0, 0, 0, 0, 0, 0, 1, 2, 7, 2]);
objective = 15756;
----------
assign = array1d(1..28, [3, 4, 5, 6, 3, 0, 0, 0, 1, 4, 0, 0, 0, 0, 0, 0, 0, 0, 0, 0, 0, 0, 0, 8, 1, 2, 7, 2]);
objective = 17238;
----------
assign = array1d(1..28, [3, 4, 5, 6, 3, 0, 0, 0, 1, 4, 0, 0, 0, 0, 0, 0, 0, 0, 0, 0, 0, 0, 8, 9, 1, 2, 7, 2]);
objective = 18720;
----------
assign = array1d(1..28, [3, 4, 5, 6, 3, 0, 0, 0, 1, 4, 0, 0, 0, 0, 0, 0, 0, 0, 0, 0, 0, 8, 9, 10, 1, 2, 7, 2]);
objective = 20202;
----------
assign = array1d(1..28, [3, 4, 5, 6, 3, 0, 0, 0, 1, 4, 0, 0, 0, 0, 0, 0, 0, 0, 0, 2, 0, 0, 8, 9, 1, 7, 10, 5]);
objective = 20878;
----------
assign = array1d(1..28, [3, 4, 5, 6, 3, 0, 0, 0, 1, 4, 0, 0, 0, 0, 0, 0, 0, 0, 2, 7, 0, 0, 0, 8, 1, 9, 10, 5]);
objective = 21554;
----------
assign = array1d(1..28, [3, 4, 5, 6, 3, 0, 0, 0, 1, 4, 0, 0, 0, 0, 0, 0, 0, 2, 7, 8, 0, 0, 0, 0, 1, 9, 10, 5]);
objective = 22230;
----------
assign = array1d(1..28, [3, 4, 5, 6, 3, 0, 0, 0, 1, 4, 0, 0, 0, 0, 0, 0, 2, 7, 8, 9, 0, 0, 0, 0, 0, 1, 10, 5]);
objective = 22906;
----------
assign = array1d(1..28, [3, 4, 5, 6, 3, 0, 0, 0, 1, 4, 0, 5, 0, 0, 0, 0, 0, 0, 2, 7, 0, 0, 0, 8, 1, 9, 10, 6]);
objective = 23474;
----------
assign = array1d(1..28, [3, 4, 5, 6, 3, 0, 0, 0, 1, 4, 0, 5, 0, 0, 0, 0, 0, 2, 7, 8, 0, 0, 0, 0, 1, 9, 10, 6]);
objective = 24150;
----------
assign = array1d(1..28, [3, 4, 5, 6, 3, 0, 0, 0, 1, 4, 0, 5, 0, 0, 0, 0, 2, 7, 8, 9, 0, 0, 0, 0, 0, 1, 10, 6]);
objective = 24826;
----------
assign = array1d(1..28, [3, 4, 5, 6, 3, 0, 0, 0, 1, 4, 5, 6, 0, 0, 0, 0, 0, 0, 2, 7, 0, 0, 0, 8, 1, 9, 10, 8]);
objective = 25394;
----------
assign = array1d(1..28, [3, 4, 5, 6, 3, 0, 0, 0, 1, 4, 5, 6, 0, 0, 0, 0, 0, 2, 7, 8, 0, 0, 0, 0, 1, 9, 10, 9]);
objective = 26070;
----------
assign = array1d(1..28, [3, 4, 5, 6, 3, 0, 0, 0, 1, 4, 5, 6, 0, 0, 0, 0, 2, 7, 8, 9, 0, 0, 0, 0, 0, 1, 10, 10]);
objective = 26746;
----------
assign = array1d(1..28, [3, 4, 5, 0, 3, 0, 0, 0, 1, 4, 5, 6, 0, 0, 0, 0, 2, 7, 8, 9, 0, 0, 0, 0, 1, 6, 10, 10]);
objective = 27253;
----------
assign = array1d(1..28, [3, 4, 0, 0, 3, 0, 0, 0, 1, 4, 5, 6, 0, 0, 0, 0, 2, 7, 8, 9, 0, 0, 0, 5, 1, 6, 10, 10]);
objective = 27760;
----------
