mznc2018_probs/train/instance.5.dzn
arrival = array2d(1..5, 1..5, [0, 5, 13, 22, 29, 0, 30, 35, 40, 45, 0, 32, 37, 47, 52, 0, 35, 47, 52, 61, 0, 45, 53, 61, 71]);
collect = array2d(1..5, 1..5, [0, 80, 110, 100, 0, 0, 0, 0, 0, 0, 0, 0, 250, 0, 0, 0, 340, 0, 160, 0, 0, 60, 140, 240, 0]);
departure = array2d(1..5, 1..5, [0, 8, 17, 24, 29, 25, 30, 35, 40, 45, 26, 32, 42, 47, 52, 30, 42, 47, 56, 61, 40, 48, 56, 66, 71]);
dwell = array2d(1..5, 1..5, [0, 3, 4, 2, 0, 25, 0, 0, 0, 0, 26, 0, 5, 0, 0, 30, 7, 0, 4, 0, 40, 3, 3, 5, 0]);
load = array2d(1..5, 1..5, [0, 80, 190, 290, 290, 0, 0, 0, 0, 0, 0, 0, 250, 250, 250, 0, 340, 340, 500, 500, 0, 60, 200, 440, 440]);
objective = 83150;
sigmaLower = array2d(1..5, 1..5, [0, 0, 6, 14, 0, 0, 8, 17, 24, 0, 0, 8, 17, 24, 0, 0, 8, 42, 24, 0, 0, 42, 42, 40, 0]);
sigmaUpper = array2d(1..5, 1..5, [0, 8, 17, 24, 0, 0, 8, 17, 24, 0, 0, 8, 42, 24, 0, 0, 42, 42, 40, 0, 0, 48, 56, 64, 0]);
----------
arrival = array2d(1..5, 1..5, [0, 5, 14, 22, 29, 0, 30, 35, 40, 45, 0, 32, 37, 47, 52, 0, 35, 47, 52, 61, 0, 45, 53, 61, 71]);
collect = array2d(1..5, 1..5, [0, 90, 110, 100, 0, 0, 0, 0, 0, 0, 0, 0, 250, 0, 0, 0, 330, 0, 170, 0, 0, 60, 140, 230, 0]);
departure = array2d(1..5, 1..5, [0, 9, 17, 24, 29, 25, 30, 35, 40, 45, 26, 32, 42, 47, 52, 30, 42, 47, 56, 61, 40, 48, 56, 66, 71]);
dwell = array2d(1..5, 1..5, [0, 4, 3, 2, 0, 25, 0, 0, 0, 0, 26, 0, 5, 0, 0, 30, 7, 0, 4, 0, 40, 3, 3, 5, 0]);
load = array2d(1..5, 1..5, [0, 90, 200, 300, 300, 0, 0, 0, 0, 0, 0, 0, 250, 250, 250, 0, 330, 330, 500, 500, 0, 60, 200, 430, 430]);
objective = 82730;
sigmaLower = array2d(1..5, 1..5, [0, 0, 6, 14, 0, 0, 9, 17, 24, 0, 0, 9, 17, 24, 0, 0, 9, 42, 24, 0, 0, 42, 42, 41, 0]);
sigmaUpper = array2d(1..5, 1..5, [0, 9, 17, 24, 0, 0, 9, 17, 24, 0, 0, 9, 42, 24, 0, 0, 42, 42, 41, 0, 0, 48, 56, 64, 0]);
----------
arrival = array2d(1..5, 1..5, [0, 5, 13, 22, 29, 0, 30, 35, 40, 45, 0, 32, 37, 47, 57, 0, 35, 47, 54, 59, 0, 45, 53, 61, 69]);
collect = array2d(1..5, 1..5, [0, 80, 110, 100, 0, 0, 0, 0, 0, 0, 0, 0, 250, 250, 0, 0, 340, 0, 0, 0, 0, 60, 140, 150, 0]);
departure = array2d(1..5, 1..5, [0, 8, 17, 24, 29, 25, 30, 35, 40, 45, 26, 32, 42, 52, 57, 30, 42, 47, 54, 59, 40, 48, 56, 64, 69]);
dwell = array2d(1..5, 1..5, [0, 3, 4, 2, 0, 25, 0, 0, 0, 0, 26, 0, 5, 5, 0, 30, 7, 0, 0, 0, 40, 3, 3, 3, 0]);
load = array2d(1..5, 1..5, [0, 80, 190, 290, 290, 0, 0, 0, 0, 0, 0, 0, 250, 500, 500, 0, 340, 340, 340, 340, 0, 60, 200, 350, 350]);
objective = 81120;
sigmaLower = array2d(1..5, 1..5, [0, 0, 6, 14, 0, 0, 8, 17, 24, 0, 0, 8, 17, 24, 0, 0, 8, 42, 49, 0, 0, 42, 42, 49, 0]);
sigmaUpper = array2d(1..5, 1..5, [0, 8, 17, 24, 0, 0, 8, 17, 24, 0, 0, 8, 42, 49, 0, 0, 42, 42, 49, 0, 0, 48, 56, 64, 0]);
----------
arrival = array2d(1..5, 1..5, [0, 5, 13, 22, 29, 0, 30, 35, 40, 45, 0, 32, 37, 47, 57, 0, 35, 47, 54, 59, 0, 45, 53, 61, 69]);
collect = array2d(1..5, 1..5, [0, 80, 110, 100, 0, 0, 0, 0, 0, 0, 0, 0, 250, 250, 0, 0, 340, 70, 0, 0, 0, 60, 70, 150, 0]);
departure = array2d(1..5, 1..5, [0, 8, 17, 24, 29, 25, 30, 35, 40, 45, 26, 32, 42, 52, 57, 30, 42, 49, 54, 59, 40, 48, 56, 64, 69]);
dwell = array2d(1..5, 1..5, [0, 3, 4, 2, 0, 25, 0, 0, 0, 0, 26, 0, 5, 5, 0, 30, 7, 2, 0, 0, 40, 3, 3, 3, 0]);
load = array2d(1..5, 1..5, [0, 80, 190, 290, 290, 0, 0, 0, 0, 0, 0, 0, 250, 500, 500, 0, 340, 410, 410, 410, 0, 60, 130, 280, 280]);
objective = 80420;
sigmaLower = array2d(1..5, 1..5, [0, 0, 6, 14, 0, 0, 8, 17, 24, 0, 0, 8, 17, 24, 0, 0, 8, 42, 49, 0, 0, 42, 49, 49, 0]);
sigmaUpper = array2d(1..5, 1..5, [0, 8, 17, 24, 0, 0, 8, 17, 24, 0, 0, 8, 42, 49, 0, 0, 42, 49, 49, 0, 0, 48, 56, 64, 0]);
----------
arrival = array2d(1..5, 1..5, [0, 5, 14, 22, 29, 0, 30, 35, 40, 45, 0, 32, 37, 47, 57, 0, 35, 47, 54, 59, 0, 45, 53, 61, 69]);
collect = array2d(1..5, 1..5, [0, 90, 110, 100, 0, 0, 0, 0, 0, 0, 0, 0, 250, 250, 0, 0, 330, 70, 0, 0, 0, 60, 70, 150, 0]);
departure = array2d(1..5, 1..5, [0, 9, 17, 24, 29, 25, 30, 35, 40, 45, 26, 32, 42, 52, 57, 30, 42, 49, 54, 59, 40, 48, 56, 64, 69]);
dwell = array2d(1..5, 1..5, [0, 4, 3, 2, 0, 25, 0, 0, 0, 0, 26, 0, 5, 5, 0, 30, 7, 2, 0, 0, 40, 3, 3, 3, 0]);
load = array2d(1..5, 1..5, [0, 90, 200, 300, 300, 0, 0, 0, 0, 0, 0, 0, 250, 500, 500, 0, 330, 400, 400, 400, 0, 60, 130, 280, 280]);
objective = 80120;
sigmaLower = array2d(1..5, 1..5, [0, 0, 6, 14, 0, 0, 9, 17, 24, 0, 0, 9, 17, 24, 0, 0, 9, 42, 49, 0, 0, 42, 49, 49, 0]);
sigmaUpper = array2d(1..5, 1..5, [0, 9, 17, 24, 0, 0, 9, 17, 24, 0, 0, 9, 42, 49, 0, 0, 42, 49, 49, 0, 0, 48, 56, 64, 0]);
----------
