mznc2018_probs/gfd-schedule/n80f7d30m7k7.dzn
assignedGroup = array1d(1..80, [23, 51, 69, 23, 1, 23, 23, 69, 15, 51, 15, 23, 23, 23, 41, 69, 51, 69, 15, 41, 41, 51, 24, 1, 1, 1, 41, 41, 41, 24, 24, 58, 41, 58, 1, 25, 42, 69, 15, 58, 69, 51, 1, 69, 24, 1, 25, 15, 70, 15, 43, 51, 58, 71, 58, 25, 2, 72, 2, 58, 58, 59, 24, 24, 2, 2, 15, 60, 51, 16, 24, 25, 61, 42, 70, 2, 73, 2, 61, 2]);
groupFacility = array1d(1..80, [1, 1, 0, 0, 0, 0, 0, 0, 0, 0, 0, 0, 0, 0, 2, 2, 0, 0, 0, 0, 0, 0, 3, 3, 1, 0, 0, 0, 0, 0, 0, 0, 0, 0, 0, 0, 0, 0, 0, 0, 4, 1, 3, 0, 0, 0, 0, 0, 0, 0, 5, 0, 0, 0, 0, 0, 0, 6, 2, 1, 4, 0, 0, 0, 0, 0, 0, 0, 7, 4, 1, 1, 5, 0, 0, 0, 0, 0, 0, 0]);
groupProcessDay = array1d(1..80, [16, 17, 0, 0, 0, 0, 0, 0, 0, 0, 0, 0, 0, 0, 18, 19, 0, 0, 0, 0, 0, 0, 20, 21, 19, 0, 0, 0, 0, 0, 0, 0, 0, 0, 0, 0, 0, 0, 0, 0, 23, 22, 19, 0, 0, 0, 0, 0, 0, 0, 27, 0, 0, 0, 0, 0, 0, 28, 22, 24, 22, 0, 0, 0, 0, 0, 0, 0, 25, 24, 26, 11, 19, 0, 0, 0, 0, 0, 0, 0]);
itemProcessDay = array1d(1..80, [20, 27, 25, 20, 16, 20, 20, 25, 18, 27, 18, 20, 20, 20, 23, 25, 27, 25, 18, 23, 23, 27, 21, 16, 16, 16, 23, 23, 23, 21, 21, 28, 23, 28, 16, 19, 22, 25, 18, 28, 25, 27, 16, 25, 21, 16, 19, 18, 24, 18, 19, 27, 28, 26, 28, 19, 17, 11, 17, 28, 28, 22, 21, 21, 17, 17, 18, 24, 27, 19, 21, 19, 22, 22, 24, 17, 19, 17, 22, 17]);
objective = 8320;
----------
assignedGroup = array1d(1..80, [23, 51, 69, 23, 1, 23, 23, 69, 15, 51, 15, 23, 23, 23, 41, 69, 51, 69, 15, 41, 41, 51, 24, 1, 1, 1, 41, 41, 41, 24, 24, 58, 41, 58, 1, 25, 42, 69, 15, 58, 69, 51, 1, 69, 24, 1, 25, 15, 70, 15, 43, 51, 58, 71, 58, 25, 2, 72, 2, 58, 58, 59, 24, 24, 2, 2, 15, 60, 51, 16, 24, 25, 61, 42, 70, 2, 73, 2, 61, 2]);
groupFacility = array1d(1..80, [1, 1, 0, 0, 0, 0, 0, 0, 0, 0, 0, 0, 0, 0, 2, 2, 0, 0, 0, 0, 0, 0, 3, 3, 1, 0, 0, 0, 0, 0, 0, 0, 0, 0, 0, 0, 0, 0, 0, 0, 4, 1, 3, 0, 0, 0, 0, 0, 0, 0, 5, 0, 0, 0, 0, 0, 0, 6, 2, 1, 4, 0, 0, 0, 0, 0, 0, 0, 7, 4, 1, 1, 5, 0, 0, 0, 0, 0, 0, 0]);
groupProcessDay = array1d(1..80, [16, 17, 0, 0, 0, 0, 0, 0, 0, 0, 0, 0, 0, 0, 18, 19, 0, 0, 0, 0, 0, 0, 20, 21, 19, 0, 0, 0, 0, 0, 0, 0, 0, 0, 0, 0, 0, 0, 0, 0, 23, 22, 19, 0, 0, 0, 0, 0, 0, 0, 24, 0, 0, 0, 0, 0, 0, 28, 22, 25, 22, 0, 0, 0, 0, 0, 0, 0, 26, 25, 27, 11, 19, 0, 0, 0, 0, 0, 0, 0]);
itemProcessDay = array1d(1..80, [20, 24, 26, 20, 16, 20, 20, 26, 18, 24, 18, 20, 20, 20, 23, 26, 24, 26, 18, 23, 23, 24, 21, 16, 16, 16, 23, 23, 23, 21, 21, 28, 23, 28, 16, 19, 22, 26, 18, 28, 26, 24, 16, 26, 21, 16, 19, 18, 25, 18, 19, 24, 28, 27, 28, 19, 17, 11, 17, 28, 28, 22, 21, 21, 17, 17, 18, 25, 24, 19, 21, 19, 22, 22, 25, 17, 19, 17, 22, 17]);
objective = 7620;
----------
assignedGroup = array1d(1..80, [23, 51, 69, 23, 1, 23, 23, 69, 15, 51, 15, 23, 23, 23, 41, 69, 51, 69, 15, 41, 41, 51, 24, 1, 1, 1, 41, 41, 41, 24, 24, 58, 41, 58, 1, 25, 42, 69, 15, 58, 69, 51, 1, 69, 24, 1, 25, 15, 70, 15, 43, 51, 58, 71, 58, 25, 2, 72, 2, 58, 58, 59, 24, 24, 2, 2, 15, 60, 51, 16, 24, 25, 61, 42, 70, 2, 73, 2, 61, 2]);
groupFacility = array1d(1..80, [1, 1, 0, 0, 0, 0, 0, 0, 0, 0, 0, 0, 0, 0, 2, 2, 0, 0, 0, 0, 0, 0, 3, 3, 1, 0, 0, 0, 0, 0, 0, 0, 0, 0, 0, 0, 0, 0, 0, 0, 4, 1, 3, 0, 0, 0, 0, 0, 0, 0, 5, 0, 0, 0, 0, 0, 0, 6, 2, 1, 4, 0, 0, 0, 0, 0, 0, 0, 7, 4, 1, 1, 5, 0, 0, 0, 0, 0, 0, 0]);
groupProcessDay = array1d(1..80, [16, 17, 0, 0, 0, 0, 0, 0, 0, 0, 0, 0, 0, 0, 18, 19, 0, 0, 0, 0, 0, 0, 20, 21, 19, 0, 0, 0, 0, 0, 0, 0, 0, 0, 0, 0, 0, 0, 0, 0, 23, 22, 19, 0, 0, 0, 0, 0, 0, 0, 24, 0, 0, 0, 0, 0, 0, 28, 22, 26, 22, 0, 0, 0, 0, 0, 0, 0, 25, 26, 27, 11, 19, 0, 0, 0, 0, 0, 0, 0]);
itemProcessDay = array1d(1..80, [20, 24, 25, 20, 16, 20, 20, 25, 18, 24, 18, 20, 20, 20, 23, 25, 24, 25, 18, 23, 23, 24, 21, 16, 16, 16, 23, 23, 23, 21, 21, 28, 23, 28, 16, 19, 22, 25, 18, 28, 25, 24, 16, 25, 21, 16, 19, 18, 26, 18, 19, 24, 28, 27, 28, 19, 17, 11, 17, 28, 28, 22, 21, 21, 17, 17, 18, 26, 24, 19, 21, 19, 22, 22, 26, 17, 19, 17, 22, 17]);
objective = 7420;
----------
assignedGroup = array1d(1..80, [23, 51, 69, 23, 1, 23, 23, 69, 15, 51, 15, 23, 23, 23, 41, 69, 51, 69, 15, 41, 41, 51, 24, 1, 1, 1, 41, 41, 41, 24, 24, 58, 41, 58, 1, 25, 42, 69, 15, 58, 69, 51, 1, 69, 24, 1, 25, 15, 70, 15, 43, 51, 58, 71, 58, 25, 2, 72, 2, 58, 58, 59, 24, 24, 2, 2, 15, 60, 51, 16, 24, 25, 61, 42, 70, 2, 73, 2, 61, 2]);
groupFacility = array1d(1..80, [1, 1, 0, 0, 0, 0, 0, 0, 0, 0, 0, 0, 0, 0, 2, 2, 0, 0, 0, 0, 0, 0, 3, 3, 1, 0, 0, 0, 0, 0, 0, 0, 0, 0, 0, 0, 0, 0, 0, 0, 4, 1, 3, 0, 0, 0, 0, 0, 0, 0, 5, 0, 0, 0, 0, 0, 0, 6, 2, 1, 4, 0, 0, 0, 0, 0, 0, 0, 7, 4, 1, 1, 5, 0, 0, 0, 0, 0, 0, 0]);
groupProcessDay = array1d(1..80, [16, 17, 0, 0, 0, 0, 0, 0, 0, 0, 0, 0, 0, 0, 18, 19, 0, 0, 0, 0, 0, 0, 20, 21, 19, 0, 0, 0, 0, 0, 0, 0, 0, 0, 0, 0, 0, 0, 0, 0, 23, 25, 19, 0, 0, 0, 0, 0, 0, 0, 24, 0, 0, 0, 0, 0, 0, 28, 22, 22, 22, 0, 0, 0, 0, 0, 0, 0, 26, 25, 27, 11, 19, 0, 0, 0, 0, 0, 0, 0]);
itemProcessDay = array1d(1..80, [20, 24, 26, 20, 16, 20, 20, 26, 18, 24, 18, 20, 20, 20, 23, 26, 24, 26, 18, 23, 23, 24, 21, 16, 16, 16, 23, 23, 23, 21, 21, 28, 23, 28, 16, 19, 25, 26, 18, 28, 26, 24, 16, 26, 21, 16, 19, 18, 25, 18, 19, 24, 28, 27, 28, 19, 17, 11, 17, 28, 28, 22, 21, 21, 17, 17, 18, 22, 24, 19, 21, 19, 22, 25, 25, 17, 19, 17, 22, 17]);
objective = 7320;
----------
assignedGroup = array1d(1..80, [23, 51, 69, 23, 1, 23, 23, 69, 15, 51, 15, 23, 23, 23, 41, 69, 51, 69, 15, 41, 41, 51, 24, 1, 1, 1, 41, 41, 41, 24, 24, 58, 41, 58, 1, 25, 42, 69, 15, 58, 69, 51, 1, 69, 24, 1, 25, 15, 70, 15, 43, 51, 58, 71, 58, 25, 2, 72, 2, 58, 58, 59, 24, 24, 2, 2, 15, 60, 51, 16, 24, 25, 61, 42, 70, 2, 73, 2, 61, 2]);
groupFacility = array1d(1..80, [1, 1, 0, 0, 0, 0, 0, 0, 0, 0, 0, 0, 0, 0, 2, 2, 0, 0, 0, 0, 0, 0, 3, 3, 1, 0, 0, 0, 0, 0, 0, 0, 0, 0, 0, 0, 0, 0, 0, 0, 4, 1, 3, 0, 0, 0, 0, 0, 0, 0, 5, 0, 0, 0, 0, 0, 0, 6, 2, 1, 4, 0, 0, 0, 0, 0, 0, 0, 7, 4, 1, 1, 5, 0, 0, 0, 0, 0, 0, 0]);
groupProcessDay = array1d(1..80, [16, 17, 0, 0, 0, 0, 0, 0, 0, 0, 0, 0, 0, 0, 18, 19, 0, 0, 0, 0, 0, 0, 20, 21, 19, 0, 0, 0, 0, 0, 0, 0, 0, 0, 0, 0, 0, 0, 0, 0, 23, 26, 19, 0, 0, 0, 0, 0, 0, 0, 24, 0, 0, 0, 0, 0, 0, 28, 22, 22, 22, 0, 0, 0, 0, 0, 0, 0, 25, 26, 27, 11, 19, 0, 0, 0, 0, 0, 0, 0]);
itemProcessDay = array1d(1..80, [20, 24, 25, 20, 16, 20, 20, 25, 18, 24, 18, 20, 20, 20, 23, 25, 24, 25, 18, 23, 23, 24, 21, 16, 16, 16, 23, 23, 23, 21, 21, 28, 23, 28, 16, 19, 26, 25, 18, 28, 25, 24, 16, 25, 21, 16, 19, 18, 26, 18, 19, 24, 28, 27, 28, 19, 17, 11, 17, 28, 28, 22, 21, 21, 17, 17, 18, 22, 24, 19, 21, 19, 22, 26, 26, 17, 19, 17, 22, 17]);
objective = 7020;
----------
assignedGroup = array1d(1..80, [23, 51, 69, 23, 1, 23, 23, 69, 15, 51, 15, 23, 23, 23, 41, 69, 51, 69, 15, 41, 41, 51, 24, 1, 1, 1, 41, 41, 41, 24, 24, 58, 41, 58, 1, 25, 42, 69, 15, 58, 69, 51, 1, 69, 24, 1, 25, 15, 70, 15, 43, 51, 58, 71, 58, 25, 2, 72, 2, 58, 58, 59, 24, 24, 2, 2, 15, 60, 51, 16, 24, 25, 61, 42, 70, 2, 73, 2, 61, 2]);
groupFacility = array1d(1..80, [1, 1, 0, 0, 0, 0, 0, 0, 0, 0, 0, 0, 0, 0, 2, 2, 0, 0, 0, 0, 0, 0, 3, 3, 1, 0, 0, 0, 0, 0, 0, 0, 0, 0, 0, 0, 0, 0, 0, 0, 4, 1, 3, 0, 0, 0, 0, 0, 0, 0, 5, 0, 0, 0, 0, 0, 0, 6, 2, 1, 4, 0, 0, 0, 0, 0, 0, 0, 7, 4, 1, 1, 5, 0, 0, 0, 0, 0, 0, 0]);
groupProcessDay = array1d(1..80, [16, 17, 0, 0, 0, 0, 0, 0, 0, 0, 0, 0, 0, 0, 18, 19, 0, 0, 0, 0, 0, 0, 20, 21, 19, 0, 0, 0, 0, 0, 0, 0, 0, 0, 0, 0, 0, 0, 0, 0, 24, 26, 19, 0, 0, 0, 0, 0, 0, 0, 25, 0, 0, 0, 0, 0, 0, 28, 22, 22, 22, 0, 0, 0, 0, 0, 0, 0, 23, 26, 27, 11, 19, 0, 0, 0, 0, 0, 0, 0]);
itemProcessDay = array1d(1..80, [20, 25, 23, 20, 16, 20, 20, 23, 18, 25, 18, 20, 20, 20, 24, 23, 25, 23, 18, 24, 24, 25, 21, 16, 16, 16, 24, 24, 24, 21, 21, 28, 24, 28, 16, 19, 26, 23, 18, 28, 23, 25, 16, 23, 21, 16, 19, 18, 26, 18, 19, 25, 28, 27, 28, 19, 17, 11, 17, 28, 28, 22, 21, 21, 17, 17, 18, 22, 25, 19, 21, 19, 22, 26, 26, 17, 19, 17, 22, 17]);
objective = 6920;
----------
assignedGroup = array1d(1..80, [23, 51, 69, 23, 1, 23, 23, 69, 15, 51, 15, 23, 23, 23, 41, 69, 51, 69, 15, 41, 41, 51, 24, 1, 1, 1, 41, 41, 41, 24, 24, 58, 41, 58, 1, 25, 42, 69, 15, 58, 69, 51, 1, 69, 24, 1, 25, 15, 70, 15, 43, 51, 58, 71, 58, 25, 2, 72, 2, 58, 58, 59, 24, 24, 2, 2, 15, 60, 51, 16, 24, 25, 61, 42, 70, 2, 73, 2, 61, 2]);
groupFacility = array1d(1..80, [1, 1, 0, 0, 0, 0, 0, 0, 0, 0, 0, 0, 0, 0, 2, 2, 0, 0, 0, 0, 0, 0, 3, 3, 1, 0, 0, 0, 0, 0, 0, 0, 0, 0, 0, 0, 0, 0, 0, 0, 4, 1, 3, 0, 0, 0, 0, 0, 0, 0, 5, 0, 0, 0, 0, 0, 0, 6, 2, 1, 4, 0, 0, 0, 0, 0, 0, 0, 7, 4, 1, 1, 5, 0, 0, 0, 0, 0, 0, 0]);
groupProcessDay = array1d(1..80, [16, 17, 0, 0, 0, 0, 0, 0, 0, 0, 0, 0, 0, 0, 18, 19, 0, 0, 0, 0, 0, 0, 20, 21, 19, 0, 0, 0, 0, 0, 0, 0, 0, 0, 0, 0, 0, 0, 0, 0, 22, 26, 24, 0, 0, 0, 0, 0, 0, 0, 23, 0, 0, 0, 0, 0, 0, 27, 24, 24, 19, 0, 0, 0, 0, 0, 0, 0, 25, 24, 28, 11, 24, 0, 0, 0, 0, 0, 0, 0]);
itemProcessDay = array1d(1..80, [20, 23, 25, 20, 16, 20, 20, 25, 18, 23, 18, 20, 20, 20, 22, 25, 23, 25, 18, 22, 22, 23, 21, 16, 16, 16, 22, 22, 22, 21, 21, 27, 22, 27, 16, 19, 26, 25, 18, 27, 25, 23, 16, 25, 21, 16, 19, 18, 24, 18, 24, 23, 27, 28, 27, 19, 17, 11, 17, 27, 27, 24, 21, 21, 17, 17, 18, 24, 23, 19, 21, 19, 19, 26, 24, 17, 24, 17, 19, 17]);
objective = 6820;
----------
assignedGroup = array1d(1..80, [23, 51, 69, 23, 1, 23, 23, 69, 15, 51, 15, 23, 23, 23, 41, 69, 51, 69, 15, 41, 41, 51, 24, 1, 1, 1, 41, 41, 41, 24, 24, 58, 41, 58, 1, 25, 42, 69, 15, 58, 69, 51, 1, 69, 24, 1, 25, 15, 70, 15, 43, 51, 58, 71, 58, 25, 2, 72, 2, 58, 58, 59, 24, 24, 2, 2, 15, 60, 51, 16, 24, 25, 61, 42, 70, 2, 73, 2, 61, 2]);
groupFacility = array1d(1..80, [1, 1, 0, 0, 0, 0, 0, 0, 0, 0, 0, 0, 0, 0, 2, 2, 0, 0, 0, 0, 0, 0, 3, 3, 1, 0, 0, 0, 0, 0, 0, 0, 0, 0, 0, 0, 0, 0, 0, 0, 4, 1, 3, 0, 0, 0, 0, 0, 0, 0, 5, 0, 0, 0, 0, 0, 0, 6, 2, 1, 4, 0, 0, 0, 0, 0, 0, 0, 7, 4, 1, 1, 5, 0, 0, 0, 0, 0, 0, 0]);
groupProcessDay = array1d(1..80, [16, 17, 0, 0, 0, 0, 0, 0, 0, 0, 0, 0, 0, 0, 18, 19, 0, 0, 0, 0, 0, 0, 20, 21, 19, 0, 0, 0, 0, 0, 0, 0, 0, 0, 0, 0, 0, 0, 0, 0, 22, 26, 25, 0, 0, 0, 0, 0, 0, 0, 23, 0, 0, 0, 0, 0, 0, 27, 25, 25, 19, 0, 0, 0, 0, 0, 0, 0, 24, 25, 28, 11, 25, 0, 0, 0, 0, 0, 0, 0]);
itemProcessDay = array1d(1..80, [20, 23, 24, 20, 16, 20, 20, 24, 18, 23, 18, 20, 20, 20, 22, 24, 23, 24, 18, 22, 22, 23, 21, 16, 16, 16, 22, 22, 22, 21, 21, 27, 22, 27, 16, 19, 26, 24, 18, 27, 24, 23, 16, 24, 21, 16, 19, 18, 25, 18, 25, 23, 27, 28, 27, 19, 17, 11, 17, 27, 27, 25, 21, 21, 17, 17, 18, 25, 23, 19, 21, 19, 19, 26, 25, 17, 25, 17, 19, 17]);
objective = 6620;
----------
assignedGroup = array1d(1..80, [23, 51, 69, 23, 1, 23, 23, 69, 15, 51, 15, 23, 23, 23, 41, 69, 51, 69, 15, 41, 41, 51, 24, 1, 1, 1, 41, 41, 41, 24, 24, 58, 41, 58, 1, 25, 42, 69, 15, 58, 69, 51, 1, 69, 24, 1, 25, 15, 70, 15, 43, 51, 58, 71, 58, 25, 2, 72, 2, 58, 58, 59, 24, 24, 2, 2, 15, 60, 51, 16, 24, 25, 61, 42, 70, 2, 73, 2, 61, 2]);
groupFacility = array1d(1..80, [1, 1, 0, 0, 0, 0, 0, 0, 0, 0, 0, 0, 0, 0, 2, 2, 0, 0, 0, 0, 0, 0, 3, 3, 1, 0, 0, 0, 0, 0, 0, 0, 0, 0, 0, 0, 0, 0, 0, 0, 4, 1, 3, 0, 0, 0, 0, 0, 0, 0, 5, 0, 0, 0, 0, 0, 0, 6, 2, 1, 4, 0, 0, 0, 0, 0, 0, 0, 7, 4, 1, 1, 5, 0, 0, 0, 0, 0, 0, 0]);
groupProcessDay = array1d(1..80, [16, 17, 0, 0, 0, 0, 0, 0, 0, 0, 0, 0, 0, 0, 18, 19, 0, 0, 0, 0, 0, 0, 20, 21, 19, 0, 0, 0, 0, 0, 0, 0, 0, 0, 0, 0, 0, 0, 0, 0, 22, 26, 25, 0, 0, 0, 0, 0, 0, 0, 24, 0, 0, 0, 0, 0, 0, 27, 25, 25, 19, 0, 0, 0, 0, 0, 0, 0, 23, 25, 28, 11, 25, 0, 0, 0, 0, 0, 0, 0]);
itemProcessDay = array1d(1..80, [20, 24, 23, 20, 16, 20, 20, 23, 18, 24, 18, 20, 20, 20, 22, 23, 24, 23, 18, 22, 22, 24, 21, 16, 16, 16, 22, 22, 22, 21, 21, 27, 22, 27, 16, 19, 26, 23, 18, 27, 23, 24, 16, 23, 21, 16, 19, 18, 25, 18, 25, 24, 27, 28, 27, 19, 17, 11, 17, 27, 27, 25, 21, 21, 17, 17, 18, 25, 24, 19, 21, 19, 19, 26, 25, 17, 25, 17, 19, 17]);
objective = 6520;
----------
assignedGroup = array1d(1..80, [23, 51, 69, 23, 1, 23, 23, 69, 15, 51, 15, 23, 23, 23, 41, 69, 51, 69, 15, 41, 41, 51, 24, 1, 1, 1, 41, 41, 41, 24, 24, 58, 41, 58, 1, 25, 42, 69, 15, 58, 69, 51, 1, 69, 24, 1, 25, 15, 70, 15, 43, 51, 58, 71, 58, 25, 2, 72, 2, 58, 58, 59, 24, 24, 2, 2, 15, 60, 51, 16, 24, 25, 61, 42, 70, 2, 73, 2, 61, 2]);
groupFacility = array1d(1..80, [1, 1, 0, 0, 0, 0, 0, 0, 0, 0, 0, 0, 0, 0, 2, 2, 0, 0, 0, 0, 0, 0, 3, 3, 1, 0, 0, 0, 0, 0, 0, 0, 0, 0, 0, 0, 0, 0, 0, 0, 4, 1, 3, 0, 0, 0, 0, 0, 0, 0, 5, 0, 0, 0, 0, 0, 0, 6, 2, 1, 4, 0, 0, 0, 0, 0, 0, 0, 7, 4, 1, 1, 5, 0, 0, 0, 0, 0, 0, 0]);
groupProcessDay = array1d(1..80, [16, 17, 0, 0, 0, 0, 0, 0, 0, 0, 0, 0, 0, 0, 18, 20, 0, 0, 0, 0, 0, 0, 19, 21, 20, 0, 0, 0, 0, 0, 0, 0, 0, 0, 0, 0, 0, 0, 0, 0, 22, 26, 25, 0, 0, 0, 0, 0, 0, 0, 23, 0, 0, 0, 0, 0, 0, 27, 25, 25, 20, 0, 0, 0, 0, 0, 0, 0, 24, 25, 28, 11, 25, 0, 0, 0, 0, 0, 0, 0]);
itemProcessDay = array1d(1..80, [19, 23, 24, 19, 16, 19, 19, 24, 18, 23, 18, 19, 19, 19, 22, 24, 23, 24, 18, 22, 22, 23, 21, 16, 16, 16, 22, 22, 22, 21, 21, 27, 22, 27, 16, 20, 26, 24, 18, 27, 24, 23, 16, 24, 21, 16, 20, 18, 25, 18, 25, 23, 27, 28, 27, 20, 17, 11, 17, 27, 27, 25, 21, 21, 17, 17, 18, 25, 23, 20, 21, 20, 20, 26, 25, 17, 25, 17, 20, 17]);
objective = 6420;
----------
assignedGroup = array1d(1..80, [23, 51, 69, 23, 1, 23, 23, 69, 15, 51, 15, 23, 23, 23, 41, 69, 51, 69, 15, 41, 41, 51, 24, 1, 1, 1, 41, 41, 41, 24, 24, 58, 41, 58, 1, 25, 42, 69, 15, 58, 69, 51, 1, 69, 24, 1, 25, 15, 70, 15, 43, 51, 58, 71, 58, 25, 2, 72, 2, 58, 58, 59, 24, 24, 2, 2, 15, 60, 51, 16, 24, 25, 61, 42, 70, 2, 73, 2, 61, 2]);
groupFacility = array1d(1..80, [1, 1, 0, 0, 0, 0, 0, 0, 0, 0, 0, 0, 0, 0, 2, 2, 0, 0, 0, 0, 0, 0, 3, 3, 1, 0, 0, 0, 0, 0, 0, 0, 0, 0, 0, 0, 0, 0, 0, 0, 4, 1, 3, 0, 0, 0, 0, 0, 0, 0, 5, 0, 0, 0, 0, 0, 0, 6, 2, 1, 4, 0, 0, 0, 0, 0, 0, 0, 7, 4, 1, 1, 5, 0, 0, 0, 0, 0, 0, 0]);
groupProcessDay = array1d(1..80, [16, 17, 0, 0, 0, 0, 0, 0, 0, 0, 0, 0, 0, 0, 18, 20, 0, 0, 0, 0, 0, 0, 19, 21, 20, 0, 0, 0, 0, 0, 0, 0, 0, 0, 0, 0, 0, 0, 0, 0, 22, 26, 25, 0, 0, 0, 0, 0, 0, 0, 24, 0, 0, 0, 0, 0, 0, 27, 25, 25, 20, 0, 0, 0, 0, 0, 0, 0, 23, 25, 28, 11, 25, 0, 0, 0, 0, 0, 0, 0]);
itemProcessDay = array1d(1..80, [19, 24, 23, 19, 16, 19, 19, 23, 18, 24, 18, 19, 19, 19, 22, 23, 24, 23, 18, 22, 22, 24, 21, 16, 16, 16, 22, 22, 22, 21, 21, 27, 22, 27, 16, 20, 26, 23, 18, 27, 23, 24, 16, 23, 21, 16, 20, 18, 25, 18, 25, 24, 27, 28, 27, 20, 17, 11, 17, 27, 27, 25, 21, 21, 17, 17, 18, 25, 24, 20, 21, 20, 20, 26, 25, 17, 25, 17, 20, 17]);
objective = 6320;
----------
assignedGroup = array1d(1..80, [23, 51, 69, 23, 1, 23, 23, 69, 15, 51, 15, 23, 23, 23, 41, 69, 51, 69, 15, 41, 41, 51, 24, 1, 1, 1, 41, 41, 41, 24, 24, 58, 41, 58, 1, 25, 42, 69, 15, 58, 69, 51, 1, 69, 24, 1, 25, 15, 70, 15, 43, 51, 58, 71, 58, 25, 2, 72, 2, 58, 58, 59, 24, 24, 2, 2, 15, 60, 51, 16, 24, 25, 61, 42, 70, 2, 73, 2, 61, 2]);
groupFacility = array1d(1..80, [1, 1, 0, 0, 0, 0, 0, 0, 0, 0, 0, 0, 0, 0, 2, 2, 0, 0, 0, 0, 0, 0, 3, 3, 1, 0, 0, 0, 0, 0, 0, 0, 0, 0, 0, 0, 0, 0, 0, 0, 4, 1, 3, 0, 0, 0, 0, 0, 0, 0, 5, 0, 0, 0, 0, 0, 0, 6, 2, 1, 4, 0, 0, 0, 0, 0, 0, 0, 7, 4, 1, 1, 5, 0, 0, 0, 0, 0, 0, 0]);
groupProcessDay = array1d(1..80, [16, 17, 0, 0, 0, 0, 0, 0, 0, 0, 0, 0, 0, 0, 18, 21, 0, 0, 0, 0, 0, 0, 19, 20, 21, 0, 0, 0, 0, 0, 0, 0, 0, 0, 0, 0, 0, 0, 0, 0, 22, 26, 25, 0, 0, 0, 0, 0, 0, 0, 24, 0, 0, 0, 0, 0, 0, 27, 25, 25, 21, 0, 0, 0, 0, 0, 0, 0, 23, 25, 28, 11, 25, 0, 0, 0, 0, 0, 0, 0]);
itemProcessDay = array1d(1..80, [19, 24, 23, 19, 16, 19, 19, 23, 18, 24, 18, 19, 19, 19, 22, 23, 24, 23, 18, 22, 22, 24, 20, 16, 16, 16, 22, 22, 22, 20, 20, 27, 22, 27, 16, 21, 26, 23, 18, 27, 23, 24, 16, 23, 20, 16, 21, 18, 25, 18, 25, 24, 27, 28, 27, 21, 17, 11, 17, 27, 27, 25, 20, 20, 17, 17, 18, 25, 24, 21, 20, 21, 21, 26, 25, 17, 25, 17, 21, 17]);
objective = 6220;
----------
assignedGroup = array1d(1..80, [23, 51, 69, 23, 1, 23, 23, 69, 15, 51, 15, 23, 23, 23, 41, 69, 51, 69, 15, 41, 41, 51, 24, 1, 1, 1, 41, 41, 41, 24, 24, 58, 41, 58, 1, 25, 42, 69, 15, 58, 69, 51, 1, 69, 24, 1, 25, 15, 70, 15, 43, 51, 58, 71, 58, 25, 2, 72, 2, 58, 58, 59, 24, 24, 2, 2, 15, 60, 51, 16, 24, 25, 61, 42, 70, 2, 73, 2, 61, 2]);
groupFacility = array1d(1..80, [1, 1, 0, 0, 0, 0, 0, 0, 0, 0, 0, 0, 0, 0, 2, 2, 0, 0, 0, 0, 0, 0, 3, 3, 1, 0, 0, 0, 0, 0, 0, 0, 0, 0, 0, 0, 0, 0, 0, 0, 4, 1, 3, 0, 0, 0, 0, 0, 0, 0, 5, 0, 0, 0, 0, 0, 0, 6, 2, 1, 4, 0, 0, 0, 0, 0, 0, 0, 7, 4, 1, 1, 5, 0, 0, 0, 0, 0, 0, 0]);
groupProcessDay = array1d(1..80, [16, 17, 0, 0, 0, 0, 0, 0, 0, 0, 0, 0, 0, 0, 18, 22, 0, 0, 0, 0, 0, 0, 19, 20, 22, 0, 0, 0, 0, 0, 0, 0, 0, 0, 0, 0, 0, 0, 0, 0, 21, 26, 25, 0, 0, 0, 0, 0, 0, 0, 24, 0, 0, 0, 0, 0, 0, 27, 25, 25, 22, 0, 0, 0, 0, 0, 0, 0, 23, 25, 28, 11, 25, 0, 0, 0, 0, 0, 0, 0]);
itemProcessDay = array1d(1..80, [19, 24, 23, 19, 16, 19, 19, 23, 18, 24, 18, 19, 19, 19, 21, 23, 24, 23, 18, 21, 21, 24, 20, 16, 16, 16, 21, 21, 21, 20, 20, 27, 21, 27, 16, 22, 26, 23, 18, 27, 23, 24, 16, 23, 20, 16, 22, 18, 25, 18, 25, 24, 27, 28, 27, 22, 17, 11, 17, 27, 27, 25, 20, 20, 17, 17, 18, 25, 24, 22, 20, 22, 22, 26, 25, 17, 25, 17, 22, 17]);
objective = 6120;
----------
assignedGroup = array1d(1..80, [23, 51, 69, 23, 1, 23, 23, 69, 15, 51, 15, 23, 23, 23, 41, 69, 51, 69, 15, 41, 41, 51, 24, 1, 1, 1, 41, 41, 41, 24, 24, 58, 41, 58, 1, 25, 42, 69, 15, 58, 69, 51, 1, 69, 24, 1, 25, 15, 70, 15, 43, 51, 58, 71, 58, 25, 2, 72, 2, 58, 58, 59, 24, 24, 2, 2, 15, 60, 51, 16, 24, 25, 61, 42, 70, 2, 73, 2, 61, 2]);
groupFacility = array1d(1..80, [1, 1, 0, 0, 0, 0, 0, 0, 0, 0, 0, 0, 0, 0, 2, 2, 0, 0, 0, 0, 0, 0, 3, 3, 1, 0, 0, 0, 0, 0, 0, 0, 0, 0, 0, 0, 0, 0, 0, 0, 4, 1, 3, 0, 0, 0, 0, 0, 0, 0, 5, 0, 0, 0, 0, 0, 0, 6, 2, 1, 4, 0, 0, 0, 0, 0, 0, 0, 7, 4, 1, 1, 5, 0, 0, 0, 0, 0, 0, 0]);
groupProcessDay = array1d(1..80, [16, 17, 0, 0, 0, 0, 0, 0, 0, 0, 0, 0, 0, 0, 19, 21, 0, 0, 0, 0, 0, 0, 18, 20, 21, 0, 0, 0, 0, 0, 0, 0, 0, 0, 0, 0, 0, 0, 0, 0, 22, 26, 25, 0, 0, 0, 0, 0, 0, 0, 24, 0, 0, 0, 0, 0, 0, 27, 25, 25, 21, 0, 0, 0, 0, 0, 0, 0, 23, 25, 28, 11, 25, 0, 0, 0, 0, 0, 0, 0]);
itemProcessDay = array1d(1..80, [18, 24, 23, 18, 16, 18, 18, 23, 19, 24, 19, 18, 18, 18, 22, 23, 24, 23, 19, 22, 22, 24, 20, 16, 16, 16, 22, 22, 22, 20, 20, 27, 22, 27, 16, 21, 26, 23, 19, 27, 23, 24, 16, 23, 20, 16, 21, 19, 25, 19, 25, 24, 27, 28, 27, 21, 17, 11, 17, 27, 27, 25, 20, 20, 17, 17, 19, 25, 24, 21, 20, 21, 21, 26, 25, 17, 25, 17, 21, 17]);
objective = 6020;
----------
assignedGroup = array1d(1..80, [23, 51, 69, 23, 1, 23, 23, 69, 15, 51, 15, 23, 23, 23, 41, 69, 51, 69, 15, 41, 41, 51, 24, 1, 1, 1, 41, 41, 41, 24, 24, 58, 41, 58, 1, 25, 42, 69, 15, 58, 69, 51, 1, 69, 24, 1, 25, 15, 70, 15, 43, 51, 58, 71, 58, 25, 2, 72, 2, 58, 58, 59, 24, 24, 2, 2, 15, 60, 51, 16, 24, 25, 61, 42, 70, 2, 73, 2, 61, 2]);
groupFacility = array1d(1..80, [1, 1, 0, 0, 0, 0, 0, 0, 0, 0, 0, 0, 0, 0, 2, 2, 0, 0, 0, 0, 0, 0, 3, 3, 1, 0, 0, 0, 0, 0, 0, 0, 0, 0, 0, 0, 0, 0, 0, 0, 4, 1, 3, 0, 0, 0, 0, 0, 0, 0, 5, 0, 0, 0, 0, 0, 0, 6, 2, 1, 4, 0, 0, 0, 0, 0, 0, 0, 7, 4, 1, 1, 5, 0, 0, 0, 0, 0, 0, 0]);
groupProcessDay = array1d(1..80, [16, 17, 0, 0, 0, 0, 0, 0, 0, 0, 0, 0, 0, 0, 19, 22, 0, 0, 0, 0, 0, 0, 18, 20, 22, 0, 0, 0, 0, 0, 0, 0, 0, 0, 0, 0, 0, 0, 0, 0, 21, 26, 25, 0, 0, 0, 0, 0, 0, 0, 24, 0, 0, 0, 0, 0, 0, 27, 25, 25, 22, 0, 0, 0, 0, 0, 0, 0, 23, 25, 28, 11, 25, 0, 0, 0, 0, 0, 0, 0]);
itemProcessDay = array1d(1..80, [18, 24, 23, 18, 16, 18, 18, 23, 19, 24, 19, 18, 18, 18, 21, 23, 24, 23, 19, 21, 21, 24, 20, 16, 16, 16, 21, 21, 21, 20, 20, 27, 21, 27, 16, 22, 26, 23, 19, 27, 23, 24, 16, 23, 20, 16, 22, 19, 25, 19, 25, 24, 27, 28, 27, 22, 17, 11, 17, 27, 27, 25, 20, 20, 17, 17, 19, 25, 24, 22, 20, 22, 22, 26, 25, 17, 25, 17, 22, 17]);
objective = 5920;
----------
assignedGroup = array1d(1..80, [23, 51, 69, 23, 1, 23, 23, 69, 15, 51, 15, 23, 23, 23, 41, 69, 51, 69, 15, 41, 41, 51, 24, 1, 1, 1, 41, 41, 41, 24, 24, 58, 41, 58, 1, 25, 42, 69, 15, 58, 69, 51, 1, 69, 24, 1, 25, 15, 70, 15, 43, 51, 58, 71, 58, 25, 2, 72, 2, 58, 58, 59, 24, 24, 2, 2, 15, 60, 51, 16, 24, 25, 61, 42, 70, 2, 73, 2, 61, 2]);
groupFacility = array1d(1..80, [1, 1, 0, 0, 0, 0, 0, 0, 0, 0, 0, 0, 0, 0, 2, 2, 0, 0, 0, 0, 0, 0, 3, 3, 1, 0, 0, 0, 0, 0, 0, 0, 0, 0, 0, 0, 0, 0, 0, 0, 4, 1, 3, 0, 0, 0, 0, 0, 0, 0, 5, 0, 0, 0, 0, 0, 0, 6, 2, 1, 4, 0, 0, 0, 0, 0, 0, 0, 7, 4, 1, 1, 5, 0, 0, 0, 0, 0, 0, 0]);
groupProcessDay = array1d(1..80, [16, 17, 0, 0, 0, 0, 0, 0, 0, 0, 0, 0, 0, 0, 20, 22, 0, 0, 0, 0, 0, 0, 18, 21, 22, 0, 0, 0, 0, 0, 0, 0, 0, 0, 0, 0, 0, 0, 0, 0, 19, 26, 25, 0, 0, 0, 0, 0, 0, 0, 24, 0, 0, 0, 0, 0, 0, 27, 25, 25, 22, 0, 0, 0, 0, 0, 0, 0, 23, 25, 28, 11, 25, 0, 0, 0, 0, 0, 0, 0]);
itemProcessDay = array1d(1..80, [18, 24, 23, 18, 16, 18, 18, 23, 20, 24, 20, 18, 18, 18, 19, 23, 24, 23, 20, 19, 19, 24, 21, 16, 16, 16, 19, 19, 19, 21, 21, 27, 19, 27, 16, 22, 26, 23, 20, 27, 23, 24, 16, 23, 21, 16, 22, 20, 25, 20, 25, 24, 27, 28, 27, 22, 17, 11, 17, 27, 27, 25, 21, 21, 17, 17, 20, 25, 24, 22, 21, 22, 22, 26, 25, 17, 25, 17, 22, 17]);
objective = 5820;
----------
assignedGroup = array1d(1..80, [23, 51, 69, 23, 1, 23, 23, 69, 15, 51, 15, 23, 23, 23, 41, 69, 51, 69, 15, 41, 41, 51, 24, 1, 1, 1, 41, 41, 41, 24, 24, 58, 41, 58, 1, 25, 42, 69, 15, 58, 69, 51, 1, 69, 24, 1, 25, 15, 70, 15, 43, 51, 58, 71, 58, 25, 2, 72, 2, 58, 58, 59, 24, 24, 2, 2, 15, 60, 51, 16, 24, 25, 61, 42, 70, 2, 73, 2, 61, 2]);
groupFacility = array1d(1..80, [1, 1, 0, 0, 0, 0, 0, 0, 0, 0, 0, 0, 0, 0, 2, 2, 0, 0, 0, 0, 0, 0, 3, 3, 1, 0, 0, 0, 0, 0, 0, 0, 0, 0, 0, 0, 0, 0, 0, 0, 4, 1, 3, 0, 0, 0, 0, 0, 0, 0, 5, 0, 0, 0, 0, 0, 0, 6, 2, 1, 4, 0, 0, 0, 0, 0, 0, 0, 7, 4, 1, 1, 5, 0, 0, 0, 0, 0, 0, 0]);
groupProcessDay = array1d(1..80, [16, 18, 0, 0, 0, 0, 0, 0, 0, 0, 0, 0, 0, 0, 20, 22, 0, 0, 0, 0, 0, 0, 17, 21, 22, 0, 0, 0, 0, 0, 0, 0, 0, 0, 0, 0, 0, 0, 0, 0, 19, 26, 25, 0, 0, 0, 0, 0, 0, 0, 24, 0, 0, 0, 0, 0, 0, 27, 25, 25, 22, 0, 0, 0, 0, 0, 0, 0, 23, 25, 28, 11, 25, 0, 0, 0, 0, 0, 0, 0]);
itemProcessDay = array1d(1..80, [17, 24, 23, 17, 16, 17, 17, 23, 20, 24, 20, 17, 17, 17, 19, 23, 24, 23, 20, 19, 19, 24, 21, 16, 16, 16, 19, 19, 19, 21, 21, 27, 19, 27, 16, 22, 26, 23, 20, 27, 23, 24, 16, 23, 21, 16, 22, 20, 25, 20, 25, 24, 27, 28, 27, 22, 18, 11, 18, 27, 27, 25, 21, 21, 18, 18, 20, 25, 24, 22, 21, 22, 22, 26, 25, 18, 25, 18, 22, 18]);
objective = 5720;
----------
assignedGroup = array1d(1..80, [23, 51, 69, 23, 1, 23, 23, 69, 15, 51, 15, 23, 23, 23, 41, 69, 51, 69, 15, 41, 41, 51, 24, 1, 1, 1, 41, 41, 41, 24, 24, 58, 41, 58, 1, 25, 42, 69, 15, 58, 69, 51, 1, 69, 24, 1, 25, 15, 70, 15, 43, 51, 58, 71, 58, 25, 2, 72, 2, 58, 58, 59, 24, 24, 2, 2, 15, 60, 51, 16, 24, 25, 61, 42, 70, 2, 73, 2, 61, 2]);
groupFacility = array1d(1..80, [1, 1, 0, 0, 0, 0, 0, 0, 0, 0, 0, 0, 0, 0, 2, 2, 0, 0, 0, 0, 0, 0, 3, 3, 1, 0, 0, 0, 0, 0, 0, 0, 0, 0, 0, 0, 0, 0, 0, 0, 4, 1, 3, 0, 0, 0, 0, 0, 0, 0, 5, 0, 0, 0, 0, 0, 0, 6, 2, 1, 4, 0, 0, 0, 0, 0, 0, 0, 7, 4, 1, 1, 5, 0, 0, 0, 0, 0, 0, 0]);
groupProcessDay = array1d(1..80, [17, 18, 0, 0, 0, 0, 0, 0, 0, 0, 0, 0, 0, 0, 20, 22, 0, 0, 0, 0, 0, 0, 16, 21, 22, 0, 0, 0, 0, 0, 0, 0, 0, 0, 0, 0, 0, 0, 0, 0, 19, 26, 25, 0, 0, 0, 0, 0, 0, 0, 24, 0, 0, 0, 0, 0, 0, 27, 25, 25, 22, 0, 0, 0, 0, 0, 0, 0, 23, 25, 28, 11, 25, 0, 0, 0, 0, 0, 0, 0]);
itemProcessDay = array1d(1..80, [16, 24, 23, 16, 17, 16, 16, 23, 20, 24, 20, 16, 16, 16, 19, 23, 24, 23, 20, 19, 19, 24, 21, 17, 17, 17, 19, 19, 19, 21, 21, 27, 19, 27, 17, 22, 26, 23, 20, 27, 23, 24, 17, 23, 21, 17, 22, 20, 25, 20, 25, 24, 27, 28, 27, 22, 18, 11, 18, 27, 27, 25, 21, 21, 18, 18, 20, 25, 24, 22, 21, 22, 22, 26, 25, 18, 25, 18, 22, 18]);
objective = 5620;
----------
assignedGroup = array1d(1..80, [23, 51, 69, 23, 1, 23, 23, 69, 15, 51, 15, 23, 23, 23, 41, 69, 51, 69, 15, 41, 41, 51, 24, 1, 1, 1, 41, 41, 41, 24, 24, 58, 41, 58, 1, 25, 42, 69, 15, 58, 69, 51, 1, 69, 24, 1, 25, 15, 70, 15, 43, 51, 58, 71, 58, 25, 2, 72, 2, 58, 58, 59, 24, 24, 2, 2, 15, 60, 51, 16, 24, 25, 61, 42, 70, 2, 73, 2, 61, 2]);
groupFacility = array1d(1..80, [1, 1, 0, 0, 0, 0, 0, 0, 0, 0, 0, 0, 0, 0, 2, 2, 0, 0, 0, 0, 0, 0, 3, 3, 1, 0, 0, 0, 0, 0, 0, 0, 0, 0, 0, 0, 0, 0, 0, 0, 4, 1, 3, 0, 0, 0, 0, 0, 0, 0, 5, 0, 0, 0, 0, 0, 0, 6, 2, 1, 4, 0, 0, 0, 0, 0, 0, 0, 7, 4, 1, 1, 5, 0, 0, 0, 0, 0, 0, 0]);
groupProcessDay = array1d(1..80, [18, 16, 0, 0, 0, 0, 0, 0, 0, 0, 0, 0, 0, 0, 20, 22, 0, 0, 0, 0, 0, 0, 17, 21, 22, 0, 0, 0, 0, 0, 0, 0, 0, 0, 0, 0, 0, 0, 0, 0, 19, 26, 25, 0, 0, 0, 0, 0, 0, 0, 24, 0, 0, 0, 0, 0, 0, 27, 25, 25, 22, 0, 0, 0, 0, 0, 0, 0, 23, 25, 28, 11, 25, 0, 0, 0, 0, 0, 0, 0]);
itemProcessDay = array1d(1..80, [17, 24, 23, 17, 18, 17, 17, 23, 20, 24, 20, 17, 17, 17, 19, 23, 24, 23, 20, 19, 19, 24, 21, 18, 18, 18, 19, 19, 19, 21, 21, 27, 19, 27, 18, 22, 26, 23, 20, 27, 23, 24, 18, 23, 21, 18, 22, 20, 25, 20, 25, 24, 27, 28, 27, 22, 16, 11, 16, 27, 27, 25, 21, 21, 16, 16, 20, 25, 24, 22, 21, 22, 22, 26, 25, 16, 25, 16, 22, 16]);
objective = 5520;
----------
assignedGroup = array1d(1..80, [23, 51, 69, 23, 1, 23, 23, 69, 15, 51, 15, 23, 23, 23, 41, 69, 51, 69, 15, 41, 41, 51, 24, 1, 1, 1, 41, 41, 41, 24, 24, 58, 41, 58, 1, 25, 42, 69, 15, 58, 69, 51, 1, 69, 24, 1, 25, 15, 70, 15, 43, 51, 58, 71, 58, 25, 2, 72, 2, 58, 58, 59, 24, 24, 2, 2, 15, 60, 51, 16, 24, 25, 61, 42, 70, 2, 73, 2, 61, 2]);
groupFacility = array1d(1..80, [1, 1, 0, 0, 0, 0, 0, 0, 0, 0, 0, 0, 0, 0, 2, 2, 0, 0, 0, 0, 0, 0, 3, 3, 1, 0, 0, 0, 0, 0, 0, 0, 0, 0, 0, 0, 0, 0, 0, 0, 4, 1, 3, 0, 0, 0, 0, 0, 0, 0, 5, 0, 0, 0, 0, 0, 0, 6, 2, 1, 4, 0, 0, 0, 0, 0, 0, 0, 7, 4, 1, 1, 5, 0, 0, 0, 0, 0, 0, 0]);
groupProcessDay = array1d(1..80, [19, 16, 0, 0, 0, 0, 0, 0, 0, 0, 0, 0, 0, 0, 20, 22, 0, 0, 0, 0, 0, 0, 17, 21, 22, 0, 0, 0, 0, 0, 0, 0, 0, 0, 0, 0, 0, 0, 0, 0, 18, 26, 25, 0, 0, 0, 0, 0, 0, 0, 24, 0, 0, 0, 0, 0, 0, 27, 25, 25, 22, 0, 0, 0, 0, 0, 0, 0, 23, 25, 28, 11, 25, 0, 0, 0, 0, 0, 0, 0]);
itemProcessDay = array1d(1..80, [17, 24, 23, 17, 19, 17, 17, 23, 20, 24, 20, 17, 17, 17, 18, 23, 24, 23, 20, 18, 18, 24, 21, 19, 19, 19, 18, 18, 18, 21, 21, 27, 18, 27, 19, 22, 26, 23, 20, 27, 23, 24, 19, 23, 21, 19, 22, 20, 25, 20, 25, 24, 27, 28, 27, 22, 16, 11, 16, 27, 27, 25, 21, 21, 16, 16, 20, 25, 24, 22, 21, 22, 22, 26, 25, 16, 25, 16, 22, 16]);
objective = 5420;
----------
assignedGroup = array1d(1..80, [23, 51, 69, 23, 1, 23, 23, 69, 15, 51, 15, 23, 23, 23, 41, 69, 51, 69, 15, 41, 41, 51, 24, 1, 1, 1, 41, 41, 41, 24, 24, 58, 41, 58, 1, 25, 42, 69, 15, 58, 69, 51, 1, 69, 24, 1, 25, 15, 70, 15, 43, 51, 58, 71, 58, 25, 2, 72, 2, 58, 58, 59, 24, 24, 2, 2, 15, 60, 51, 16, 24, 25, 61, 42, 70, 2, 73, 2, 61, 2]);
groupFacility = array1d(1..80, [1, 1, 0, 0, 0, 0, 0, 0, 0, 0, 0, 0, 0, 0, 2, 2, 0, 0, 0, 0, 0, 0, 3, 3, 1, 0, 0, 0, 0, 0, 0, 0, 0, 0, 0, 0, 0, 0, 0, 0, 4, 1, 3, 0, 0, 0, 0, 0, 0, 0, 5, 0, 0, 0, 0, 0, 0, 6, 2, 1, 4, 0, 0, 0, 0, 0, 0, 0, 7, 4, 1, 1, 5, 0, 0, 0, 0, 0, 0, 0]);
groupProcessDay = array1d(1..80, [21, 16, 0, 0, 0, 0, 0, 0, 0, 0, 0, 0, 0, 0, 19, 22, 0, 0, 0, 0, 0, 0, 17, 20, 22, 0, 0, 0, 0, 0, 0, 0, 0, 0, 0, 0, 0, 0, 0, 0, 18, 26, 25, 0, 0, 0, 0, 0, 0, 0, 24, 0, 0, 0, 0, 0, 0, 28, 25, 25, 22, 0, 0, 0, 0, 0, 0, 0, 23, 25, 27, 11, 25, 0, 0, 0, 0, 0, 0, 0]);
itemProcessDay = array1d(1..80, [17, 24, 23, 17, 21, 17, 17, 23, 19, 24, 19, 17, 17, 17, 18, 23, 24, 23, 19, 18, 18, 24, 20, 21, 21, 21, 18, 18, 18, 20, 20, 28, 18, 28, 21, 22, 26, 23, 19, 28, 23, 24, 21, 23, 20, 21, 22, 19, 25, 19, 25, 24, 28, 27, 28, 22, 16, 11, 16, 28, 28, 25, 20, 20, 16, 16, 19, 25, 24, 22, 20, 22, 22, 26, 25, 16, 25, 16, 22, 16]);
objective = 5320;
----------
assignedGroup = array1d(1..80, [23, 51, 69, 23, 1, 23, 23, 69, 15, 51, 15, 23, 23, 23, 41, 69, 51, 69, 15, 41, 41, 51, 24, 1, 1, 1, 41, 41, 41, 24, 24, 58, 41, 58, 1, 25, 42, 69, 15, 58, 69, 51, 1, 69, 24, 1, 25, 15, 70, 15, 43, 51, 58, 71, 58, 25, 2, 72, 2, 58, 58, 59, 24, 24, 2, 2, 15, 60, 51, 16, 24, 25, 61, 42, 70, 2, 73, 2, 61, 2]);
groupFacility = array1d(1..80, [1, 1, 0, 0, 0, 0, 0, 0, 0, 0, 0, 0, 0, 0, 2, 2, 0, 0, 0, 0, 0, 0, 3, 3, 1, 0, 0, 0, 0, 0, 0, 0, 0, 0, 0, 0, 0, 0, 0, 0, 4, 1, 3, 0, 0, 0, 0, 0, 0, 0, 5, 0, 0, 0, 0, 0, 0, 6, 2, 1, 4, 0, 0, 0, 0, 0, 0, 0, 7, 4, 1, 1, 5, 0, 0, 0, 0, 0, 0, 0]);
groupProcessDay = array1d(1..80, [22, 16, 0, 0, 0, 0, 0, 0, 0, 0, 0, 0, 0, 0, 19, 23, 0, 0, 0, 0, 0, 0, 17, 20, 23, 0, 0, 0, 0, 0, 0, 0, 0, 0, 0, 0, 0, 0, 0, 0, 18, 26, 25, 0, 0, 0, 0, 0, 0, 0, 24, 0, 0, 0, 0, 0, 0, 28, 25, 25, 23, 0, 0, 0, 0, 0, 0, 0, 21, 25, 27, 11, 25, 0, 0, 0, 0, 0, 0, 0]);
itemProcessDay = array1d(1..80, [17, 24, 21, 17, 22, 17, 17, 21, 19, 24, 19, 17, 17, 17, 18, 21, 24, 21, 19, 18, 18, 24, 20, 22, 22, 22, 18, 18, 18, 20, 20, 28, 18, 28, 22, 23, 26, 21, 19, 28, 21, 24, 22, 21, 20, 22, 23, 19, 25, 19, 25, 24, 28, 27, 28, 23, 16, 11, 16, 28, 28, 25, 20, 20, 16, 16, 19, 25, 24, 23, 20, 23, 23, 26, 25, 16, 25, 16, 23, 16]);
objective = 5220;
----------
assignedGroup = array1d(1..80, [23, 51, 69, 23, 1, 23, 23, 69, 15, 51, 15, 23, 23, 23, 41, 69, 51, 69, 15, 41, 41, 51, 24, 1, 1, 1, 41, 41, 41, 24, 24, 58, 41, 58, 1, 25, 42, 69, 15, 58, 69, 51, 1, 69, 24, 1, 25, 15, 70, 15, 43, 51, 58, 71, 58, 25, 2, 72, 2, 58, 58, 59, 24, 24, 2, 2, 15, 60, 51, 16, 24, 25, 61, 42, 70, 2, 73, 2, 61, 2]);
groupFacility = array1d(1..80, [1, 1, 0, 0, 0, 0, 0, 0, 0, 0, 0, 0, 0, 0, 2, 2, 0, 0, 0, 0, 0, 0, 3, 3, 1, 0, 0, 0, 0, 0, 0, 0, 0, 0, 0, 0, 0, 0, 0, 0, 4, 1, 3, 0, 0, 0, 0, 0, 0, 0, 5, 0, 0, 0, 0, 0, 0, 6, 2, 1, 4, 0, 0, 0, 0, 0, 0, 0, 7, 4, 1, 1, 5, 0, 0, 0, 0, 0, 0, 0]);
groupProcessDay = array1d(1..80, [23, 16, 0, 0, 0, 0, 0, 0, 0, 0, 0, 0, 0, 0, 19, 22, 0, 0, 0, 0, 0, 0, 17, 20, 22, 0, 0, 0, 0, 0, 0, 0, 0, 0, 0, 0, 0, 0, 0, 0, 18, 26, 25, 0, 0, 0, 0, 0, 0, 0, 24, 0, 0, 0, 0, 0, 0, 28, 25, 25, 22, 0, 0, 0, 0, 0, 0, 0, 21, 25, 27, 11, 25, 0, 0, 0, 0, 0, 0, 0]);
itemProcessDay = array1d(1..80, [17, 24, 21, 17, 23, 17, 17, 21, 19, 24, 19, 17, 17, 17, 18, 21, 24, 21, 19, 18, 18, 24, 20, 23, 23, 23, 18, 18, 18, 20, 20, 28, 18, 28, 23, 22, 26, 21, 19, 28, 21, 24, 23, 21, 20, 23, 22, 19, 25, 19, 25, 24, 28, 27, 28, 22, 16, 11, 16, 28, 28, 25, 20, 20, 16, 16, 19, 25, 24, 22, 20, 22, 22, 26, 25, 16, 25, 16, 22, 16]);
objective = 5120;
----------
assignedGroup = array1d(1..80, [23, 51, 69, 23, 1, 23, 23, 69, 15, 51, 15, 23, 23, 23, 41, 69, 51, 69, 15, 41, 41, 51, 24, 1, 1, 1, 41, 41, 41, 24, 24, 58, 41, 58, 1, 25, 42, 69, 15, 58, 69, 51, 1, 69, 24, 1, 25, 15, 70, 15, 43, 51, 58, 71, 58, 25, 2, 72, 2, 58, 58, 59, 24, 24, 2, 2, 15, 60, 51, 16, 24, 25, 61, 42, 70, 2, 73, 2, 61, 2]);
groupFacility = array1d(1..80, [1, 1, 0, 0, 0, 0, 0, 0, 0, 0, 0, 0, 0, 0, 2, 2, 0, 0, 0, 0, 0, 0, 3, 3, 1, 0, 0, 0, 0, 0, 0, 0, 0, 0, 0, 0, 0, 0, 0, 0, 4, 1, 3, 0, 0, 0, 0, 0, 0, 0, 5, 0, 0, 0, 0, 0, 0, 6, 2, 1, 4, 0, 0, 0, 0, 0, 0, 0, 7, 4, 1, 1, 5, 0, 0, 0, 0, 0, 0, 0]);
groupProcessDay = array1d(1..80, [24, 16, 0, 0, 0, 0, 0, 0, 0, 0, 0, 0, 0, 0, 19, 22, 0, 0, 0, 0, 0, 0, 17, 20, 22, 0, 0, 0, 0, 0, 0, 0, 0, 0, 0, 0, 0, 0, 0, 0, 18, 26, 25, 0, 0, 0, 0, 0, 0, 0, 23, 0, 0, 0, 0, 0, 0, 28, 25, 25, 22, 0, 0, 0, 0, 0, 0, 0, 21, 25, 27, 11, 25, 0, 0, 0, 0, 0, 0, 0]);
itemProcessDay = array1d(1..80, [17, 23, 21, 17, 24, 17, 17, 21, 19, 23, 19, 17, 17, 17, 18, 21, 23, 21, 19, 18, 18, 23, 20, 24, 24, 24, 18, 18, 18, 20, 20, 28, 18, 28, 24, 22, 26, 21, 19, 28, 21, 23, 24, 21, 20, 24, 22, 19, 25, 19, 25, 23, 28, 27, 28, 22, 16, 11, 16, 28, 28, 25, 20, 20, 16, 16, 19, 25, 23, 22, 20, 22, 22, 26, 25, 16, 25, 16, 22, 16]);
objective = 5020;
----------
assignedGroup = array1d(1..80, [23, 51, 69, 23, 1, 23, 23, 69, 15, 51, 15, 23, 23, 23, 41, 69, 51, 69, 15, 41, 41, 51, 24, 1, 1, 1, 41, 41, 41, 24, 24, 58, 41, 58, 1, 25, 42, 69, 15, 58, 69, 51, 1, 69, 25, 1, 24, 15, 70, 15, 43, 51, 58, 71, 58, 25, 2, 72, 2, 58, 58, 59, 24, 24, 2, 2, 15, 60, 51, 16, 24, 25, 61, 42, 70, 2, 73, 2, 61, 2]);
groupFacility = array1d(1..80, [1, 1, 0, 0, 0, 0, 0, 0, 0, 0, 0, 0, 0, 0, 2, 2, 0, 0, 0, 0, 0, 0, 3, 3, 1, 0, 0, 0, 0, 0, 0, 0, 0, 0, 0, 0, 0, 0, 0, 0, 4, 1, 3, 0, 0, 0, 0, 0, 0, 0, 5, 0, 0, 0, 0, 0, 0, 6, 2, 1, 4, 0, 0, 0, 0, 0, 0, 0, 7, 4, 1, 1, 5, 0, 0, 0, 0, 0, 0, 0]);
groupProcessDay = array1d(1..80, [24, 16, 0, 0, 0, 0, 0, 0, 0, 0, 0, 0, 0, 0, 20, 18, 0, 0, 0, 0, 0, 0, 17, 22, 18, 0, 0, 0, 0, 0, 0, 0, 0, 0, 0, 0, 0, 0, 0, 0, 19, 26, 25, 0, 0, 0, 0, 0, 0, 0, 23, 0, 0, 0, 0, 0, 0, 28, 25, 25, 18, 0, 0, 0, 0, 0, 0, 0, 21, 25, 27, 11, 25, 0, 0, 0, 0, 0, 0, 0]);
itemProcessDay = array1d(1..80, [17, 23, 21, 17, 24, 17, 17, 21, 20, 23, 20, 17, 17, 17, 19, 21, 23, 21, 20, 19, 19, 23, 22, 24, 24, 24, 19, 19, 19, 22, 22, 28, 19, 28, 24, 18, 26, 21, 20, 28, 21, 23, 24, 21, 18, 24, 22, 20, 25, 20, 25, 23, 28, 27, 28, 18, 16, 11, 16, 28, 28, 25, 22, 22, 16, 16, 20, 25, 23, 18, 22, 18, 18, 26, 25, 16, 25, 16, 18, 16]);
objective = 4920;
----------
assignedGroup = array1d(1..80, [23, 51, 69, 23, 1, 23, 23, 69, 15, 51, 15, 23, 23, 23, 41, 69, 51, 69, 15, 41, 41, 51, 24, 1, 1, 1, 41, 41, 41, 24, 24, 58, 41, 58, 1, 25, 42, 69, 15, 58, 69, 51, 1, 69, 25, 1, 25, 15, 70, 15, 43, 51, 58, 71, 58, 25, 2, 72, 2, 58, 58, 59, 24, 24, 2, 2, 15, 60, 51, 16, 24, 25, 61, 42, 70, 2, 73, 2, 61, 2]);
groupFacility = array1d(1..80, [1, 1, 0, 0, 0, 0, 0, 0, 0, 0, 0, 0, 0, 0, 2, 2, 0, 0, 0, 0, 0, 0, 3, 3, 1, 0, 0, 0, 0, 0, 0, 0, 0, 0, 0, 0, 0, 0, 0, 0, 4, 1, 3, 0, 0, 0, 0, 0, 0, 0, 5, 0, 0, 0, 0, 0, 0, 6, 2, 1, 4, 0, 0, 0, 0, 0, 0, 0, 7, 4, 1, 1, 5, 0, 0, 0, 0, 0, 0, 0]);
groupProcessDay = array1d(1..80, [22, 16, 0, 0, 0, 0, 0, 0, 0, 0, 0, 0, 0, 0, 20, 25, 0, 0, 0, 0, 0, 0, 17, 21, 18, 0, 0, 0, 0, 0, 0, 0, 0, 0, 0, 0, 0, 0, 0, 0, 19, 25, 25, 0, 0, 0, 0, 0, 0, 0, 24, 0, 0, 0, 0, 0, 0, 27, 26, 21, 18, 0, 0, 0, 0, 0, 0, 0, 23, 25, 26, 11, 25, 0, 0, 0, 0, 0, 0, 0]);
itemProcessDay = array1d(1..80, [17, 24, 23, 17, 22, 17, 17, 23, 20, 24, 20, 17, 17, 17, 19, 23, 24, 23, 20, 19, 19, 24, 21, 22, 22, 22, 19, 19, 19, 21, 21, 27, 19, 27, 22, 18, 25, 23, 20, 27, 23, 24, 22, 23, 18, 22, 18, 20, 25, 20, 25, 24, 27, 26, 27, 18, 16, 11, 16, 27, 27, 26, 21, 21, 16, 16, 20, 21, 24, 25, 21, 18, 18, 25, 25, 16, 25, 16, 18, 16]);
objective = 4820;
----------
assignedGroup = array1d(1..80, [23, 51, 69, 23, 1, 23, 23, 69, 15, 51, 15, 23, 23, 23, 41, 69, 51, 69, 15, 41, 41, 51, 24, 1, 1, 1, 41, 41, 41, 24, 24, 58, 41, 58, 1, 25, 42, 69, 15, 58, 69, 51, 1, 69, 25, 1, 25, 15, 70, 15, 43, 51, 58, 71, 58, 25, 2, 72, 2, 58, 58, 59, 24, 24, 2, 2, 15, 60, 51, 16, 24, 25, 61, 42, 70, 2, 73, 2, 61, 2]);
groupFacility = array1d(1..80, [1, 1, 0, 0, 0, 0, 0, 0, 0, 0, 0, 0, 0, 0, 2, 2, 0, 0, 0, 0, 0, 0, 3, 3, 1, 0, 0, 0, 0, 0, 0, 0, 0, 0, 0, 0, 0, 0, 0, 0, 4, 1, 3, 0, 0, 0, 0, 0, 0, 0, 5, 0, 0, 0, 0, 0, 0, 6, 2, 1, 4, 0, 0, 0, 0, 0, 0, 0, 7, 4, 1, 1, 5, 0, 0, 0, 0, 0, 0, 0]);
groupProcessDay = array1d(1..80, [23, 16, 0, 0, 0, 0, 0, 0, 0, 0, 0, 0, 0, 0, 20, 25, 0, 0, 0, 0, 0, 0, 17, 21, 18, 0, 0, 0, 0, 0, 0, 0, 0, 0, 0, 0, 0, 0, 0, 0, 19, 25, 25, 0, 0, 0, 0, 0, 0, 0, 24, 0, 0, 0, 0, 0, 0, 27, 26, 21, 18, 0, 0, 0, 0, 0, 0, 0, 22, 25, 26, 11, 25, 0, 0, 0, 0, 0, 0, 0]);
itemProcessDay = array1d(1..80, [17, 24, 22, 17, 23, 17, 17, 22, 20, 24, 20, 17, 17, 17, 19, 22, 24, 22, 20, 19, 19, 24, 21, 23, 23, 23, 19, 19, 19, 21, 21, 27, 19, 27, 23, 18, 25, 22, 20, 27, 22, 24, 23, 22, 18, 23, 18, 20, 25, 20, 25, 24, 27, 26, 27, 18, 16, 11, 16, 27, 27, 26, 21, 21, 16, 16, 20, 21, 24, 25, 21, 18, 18, 25, 25, 16, 25, 16, 18, 16]);
objective = 4720;
----------
assignedGroup = array1d(1..80, [23, 51, 69, 23, 1, 23, 23, 69, 15, 51, 15, 23, 23, 23, 41, 69, 51, 69, 15, 41, 41, 51, 24, 1, 1, 1, 41, 41, 41, 24, 24, 58, 41, 58, 1, 25, 42, 69, 15, 58, 69, 51, 1, 69, 25, 1, 25, 15, 70, 15, 43, 51, 58, 71, 58, 25, 2, 72, 2, 58, 58, 59, 24, 24, 2, 2, 15, 60, 51, 16, 24, 25, 61, 42, 70, 2, 73, 2, 61, 2]);
groupFacility = array1d(1..80, [1, 1, 0, 0, 0, 0, 0, 0, 0, 0, 0, 0, 0, 0, 2, 2, 0, 0, 0, 0, 0, 0, 3, 3, 1, 0, 0, 0, 0, 0, 0, 0, 0, 0, 0, 0, 0, 0, 0, 0, 4, 1, 3, 0, 0, 0, 0, 0, 0, 0, 5, 0, 0, 0, 0, 0, 0, 6, 2, 1, 4, 0, 0, 0, 0, 0, 0, 0, 7, 4, 1, 1, 5, 0, 0, 0, 0, 0, 0, 0]);
groupProcessDay = array1d(1..80, [24, 16, 0, 0, 0, 0, 0, 0, 0, 0, 0, 0, 0, 0, 20, 25, 0, 0, 0, 0, 0, 0, 17, 21, 18, 0, 0, 0, 0, 0, 0, 0, 0, 0, 0, 0, 0, 0, 0, 0, 19, 25, 25, 0, 0, 0, 0, 0, 0, 0, 23, 0, 0, 0, 0, 0, 0, 27, 26, 21, 18, 0, 0, 0, 0, 0, 0, 0, 22, 25, 26, 11, 25, 0, 0, 0, 0, 0, 0, 0]);
itemProcessDay = array1d(1..80, [17, 23, 22, 17, 24, 17, 17, 22, 20, 23, 20, 17, 17, 17, 19, 22, 23, 22, 20, 19, 19, 23, 21, 24, 24, 24, 19, 19, 19, 21, 21, 27, 19, 27, 24, 18, 25, 22, 20, 27, 22, 23, 24, 22, 18, 24, 18, 20, 25, 20, 25, 23, 27, 26, 27, 18, 16, 11, 16, 27, 27, 26, 21, 21, 16, 16, 20, 21, 23, 25, 21, 18, 18, 25, 25, 16, 25, 16, 18, 16]);
objective = 4620;
----------
assignedGroup = array1d(1..80, [23, 51, 69, 23, 1, 23, 23, 69, 15, 51, 15, 23, 23, 23, 41, 69, 51, 69, 15, 41, 41, 51, 24, 1, 1, 1, 41, 41, 41, 24, 24, 58, 41, 58, 1, 26, 42, 69, 15, 58, 69, 51, 1, 69, 24, 1, 25, 15, 70, 15, 43, 51, 58, 71, 58, 25, 2, 72, 2, 58, 58, 59, 24, 24, 2, 2, 15, 60, 51, 16, 24, 25, 61, 42, 70, 2, 73, 2, 61, 2]);
groupFacility = array1d(1..80, [1, 1, 0, 0, 0, 0, 0, 0, 0, 0, 0, 0, 0, 0, 2, 2, 0, 0, 0, 0, 0, 0, 3, 3, 1, 1, 0, 0, 0, 0, 0, 0, 0, 0, 0, 0, 0, 0, 0, 0, 4, 1, 3, 0, 0, 0, 0, 0, 0, 0, 5, 0, 0, 0, 0, 0, 0, 6, 2, 1, 4, 0, 0, 0, 0, 0, 0, 0, 7, 4, 1, 1, 5, 0, 0, 0, 0, 0, 0, 0]);
groupProcessDay = array1d(1..80, [16, 17, 0, 0, 0, 0, 0, 0, 0, 0, 0, 0, 0, 0, 18, 20, 0, 0, 0, 0, 0, 0, 19, 22, 25, 4, 0, 0, 0, 0, 0, 0, 0, 0, 0, 0, 0, 0, 0, 0, 21, 26, 20, 0, 0, 0, 0, 0, 0, 0, 23, 0, 0, 0, 0, 0, 0, 28, 25, 20, 20, 0, 0, 0, 0, 0, 0, 0, 24, 25, 27, 11, 20, 0, 0, 0, 0, 0, 0, 0]);
itemProcessDay = array1d(1..80, [19, 23, 24, 19, 16, 19, 19, 24, 18, 23, 18, 19, 19, 19, 21, 24, 23, 24, 18, 21, 21, 23, 22, 16, 16, 16, 21, 21, 21, 22, 22, 28, 21, 28, 16, 4, 26, 24, 18, 28, 24, 23, 16, 24, 22, 16, 25, 18, 25, 18, 20, 23, 28, 27, 28, 25, 17, 11, 17, 28, 28, 25, 22, 22, 17, 17, 18, 20, 23, 20, 22, 25, 20, 26, 25, 17, 20, 17, 20, 17]);
objective = 4521;
----------
assignedGroup = array1d(1..80, [23, 51, 69, 23, 1, 23, 23, 69, 15, 51, 15, 23, 23, 23, 41, 69, 51, 69, 15, 41, 41, 51, 24, 1, 1, 1, 41, 41, 41, 24, 24, 58, 41, 58, 1, 26, 42, 69, 15, 58, 69, 51, 1, 69, 24, 1, 25, 15, 70, 15, 43, 51, 58, 71, 58, 25, 2, 72, 2, 58, 58, 59, 24, 24, 2, 2, 15, 60, 51, 16, 24, 25, 61, 42, 70, 2, 73, 2, 61, 2]);
groupFacility = array1d(1..80, [1, 1, 0, 0, 0, 0, 0, 0, 0, 0, 0, 0, 0, 0, 2, 2, 0, 0, 0, 0, 0, 0, 3, 3, 1, 1, 0, 0, 0, 0, 0, 0, 0, 0, 0, 0, 0, 0, 0, 0, 4, 1, 3, 0, 0, 0, 0, 0, 0, 0, 5, 0, 0, 0, 0, 0, 0, 6, 2, 1, 4, 0, 0, 0, 0, 0, 0, 0, 7, 4, 1, 1, 5, 0, 0, 0, 0, 0, 0, 0]);
groupProcessDay = array1d(1..80, [16, 17, 0, 0, 0, 0, 0, 0, 0, 0, 0, 0, 0, 0, 18, 20, 0, 0, 0, 0, 0, 0, 19, 22, 26, 4, 0, 0, 0, 0, 0, 0, 0, 0, 0, 0, 0, 0, 0, 0, 21, 25, 20, 0, 0, 0, 0, 0, 0, 0, 24, 0, 0, 0, 0, 0, 0, 28, 25, 20, 20, 0, 0, 0, 0, 0, 0, 0, 23, 25, 27, 11, 20, 0, 0, 0, 0, 0, 0, 0]);
itemProcessDay = array1d(1..80, [19, 24, 23, 19, 16, 19, 19, 23, 18, 24, 18, 19, 19, 19, 21, 23, 24, 23, 18, 21, 21, 24, 22, 16, 16, 16, 21, 21, 21, 22, 22, 28, 21, 28, 16, 4, 25, 23, 18, 28, 23, 24, 16, 23, 22, 16, 26, 18, 25, 18, 20, 24, 28, 27, 28, 26, 17, 11, 17, 28, 28, 25, 22, 22, 17, 17, 18, 20, 24, 20, 22, 26, 20, 25, 25, 17, 20, 17, 20, 17]);
objective = 4421;
----------
assignedGroup = array1d(1..80, [23, 51, 69, 23, 1, 23, 23, 69, 15, 51, 15, 23, 23, 23, 41, 69, 51, 69, 15, 41, 41, 51, 24, 1, 1, 1, 41, 41, 41, 24, 24, 58, 41, 58, 1, 26, 42, 69, 15, 58, 69, 51, 1, 69, 24, 1, 25, 15, 70, 15, 43, 51, 58, 71, 58, 25, 2, 72, 2, 58, 58, 59, 24, 24, 2, 2, 15, 60, 51, 16, 24, 25, 61, 42, 70, 2, 73, 2, 61, 2]);
groupFacility = array1d(1..80, [1, 1, 0, 0, 0, 0, 0, 0, 0, 0, 0, 0, 0, 0, 2, 2, 0, 0, 0, 0, 0, 0, 3, 3, 1, 1, 0, 0, 0, 0, 0, 0, 0, 0, 0, 0, 0, 0, 0, 0, 4, 1, 3, 0, 0, 0, 0, 0, 0, 0, 5, 0, 0, 0, 0, 0, 0, 6, 2, 1, 4, 0, 0, 0, 0, 0, 0, 0, 7, 4, 1, 1, 5, 0, 0, 0, 0, 0, 0, 0]);
groupProcessDay = array1d(1..80, [16, 17, 0, 0, 0, 0, 0, 0, 0, 0, 0, 0, 0, 0, 18, 21, 0, 0, 0, 0, 0, 0, 19, 20, 26, 4, 0, 0, 0, 0, 0, 0, 0, 0, 0, 0, 0, 0, 0, 0, 22, 25, 21, 0, 0, 0, 0, 0, 0, 0, 24, 0, 0, 0, 0, 0, 0, 28, 25, 21, 21, 0, 0, 0, 0, 0, 0, 0, 23, 25, 27, 11, 21, 0, 0, 0, 0, 0, 0, 0]);
itemProcessDay = array1d(1..80, [19, 24, 23, 19, 16, 19, 19, 23, 18, 24, 18, 19, 19, 19, 22, 23, 24, 23, 18, 22, 22, 24, 20, 16, 16, 16, 22, 22, 22, 20, 20, 28, 22, 28, 16, 4, 25, 23, 18, 28, 23, 24, 16, 23, 20, 16, 26, 18, 25, 18, 21, 24, 28, 27, 28, 26, 17, 11, 17, 28, 28, 25, 20, 20, 17, 17, 18, 21, 24, 21, 20, 26, 21, 25, 25, 17, 21, 17, 21, 17]);
objective = 4321;
----------
assignedGroup = array1d(1..80, [23, 51, 69, 23, 1, 23, 23, 69, 15, 51, 15, 23, 23, 23, 41, 69, 51, 69, 15, 41, 41, 51, 24, 1, 1, 1, 41, 41, 41, 24, 24, 58, 41, 58, 1, 26, 42, 69, 15, 58, 69, 51, 1, 69, 24, 1, 25, 15, 70, 15, 43, 51, 58, 71, 58, 25, 2, 72, 2, 58, 58, 59, 24, 24, 2, 2, 15, 60, 51, 16, 24, 25, 61, 42, 70, 2, 73, 2, 61, 2]);
groupFacility = array1d(1..80, [1, 1, 0, 0, 0, 0, 0, 0, 0, 0, 0, 0, 0, 0, 2, 2, 0, 0, 0, 0, 0, 0, 3, 3, 1, 1, 0, 0, 0, 0, 0, 0, 0, 0, 0, 0, 0, 0, 0, 0, 4, 1, 3, 0, 0, 0, 0, 0, 0, 0, 5, 0, 0, 0, 0, 0, 0, 6, 2, 1, 4, 0, 0, 0, 0, 0, 0, 0, 7, 4, 1, 1, 5, 0, 0, 0, 0, 0, 0, 0]);
groupProcessDay = array1d(1..80, [16, 17, 0, 0, 0, 0, 0, 0, 0, 0, 0, 0, 0, 0, 18, 22, 0, 0, 0, 0, 0, 0, 19, 20, 25, 4, 0, 0, 0, 0, 0, 0, 0, 0, 0, 0, 0, 0, 0, 0, 21, 26, 22, 0, 0, 0, 0, 0, 0, 0, 24, 0, 0, 0, 0, 0, 0, 28, 25, 22, 22, 0, 0, 0, 0, 0, 0, 0, 23, 25, 27, 11, 22, 0, 0, 0, 0, 0, 0, 0]);
itemProcessDay = array1d(1..80, [19, 24, 23, 19, 16, 19, 19, 23, 18, 24, 18, 19, 19, 19, 21, 23, 24, 23, 18, 21, 21, 24, 20, 16, 16, 16, 21, 21, 21, 20, 20, 28, 21, 28, 16, 4, 26, 23, 18, 28, 23, 24, 16, 23, 20, 16, 25, 18, 25, 18, 22, 24, 28, 27, 28, 25, 17, 11, 17, 28, 28, 25, 20, 20, 17, 17, 18, 22, 24, 22, 20, 25, 22, 26, 25, 17, 22, 17, 22, 17]);
objective = 4221;
----------
assignedGroup = array1d(1..80, [23, 51, 69, 23, 1, 23, 23, 69, 15, 51, 15, 23, 23, 23, 41, 69, 51, 69, 15, 41, 41, 51, 24, 1, 1, 1, 41, 41, 41, 24, 24, 58, 41, 58, 1, 26, 42, 69, 15, 58, 69, 51, 1, 69, 24, 1, 25, 15, 70, 15, 43, 51, 58, 71, 58, 25, 2, 72, 2, 58, 58, 59, 24, 24, 2, 2, 15, 60, 51, 16, 24, 25, 61, 42, 70, 2, 73, 2, 61, 2]);
groupFacility = array1d(1..80, [1, 1, 0, 0, 0, 0, 0, 0, 0, 0, 0, 0, 0, 0, 2, 2, 0, 0, 0, 0, 0, 0, 3, 3, 1, 1, 0, 0, 0, 0, 0, 0, 0, 0, 0, 0, 0, 0, 0, 0, 4, 1, 3, 0, 0, 0, 0, 0, 0, 0, 5, 0, 0, 0, 0, 0, 0, 6, 2, 1, 4, 0, 0, 0, 0, 0, 0, 0, 7, 4, 1, 1, 5, 0, 0, 0, 0, 0, 0, 0]);
groupProcessDay = array1d(1..80, [16, 17, 0, 0, 0, 0, 0, 0, 0, 0, 0, 0, 0, 0, 19, 21, 0, 0, 0, 0, 0, 0, 18, 20, 26, 4, 0, 0, 0, 0, 0, 0, 0, 0, 0, 0, 0, 0, 0, 0, 22, 25, 21, 0, 0, 0, 0, 0, 0, 0, 24, 0, 0, 0, 0, 0, 0, 28, 25, 21, 21, 0, 0, 0, 0, 0, 0, 0, 23, 25, 27, 11, 21, 0, 0, 0, 0, 0, 0, 0]);
itemProcessDay = array1d(1..80, [18, 24, 23, 18, 16, 18, 18, 23, 19, 24, 19, 18, 18, 18, 22, 23, 24, 23, 19, 22, 22, 24, 20, 16, 16, 16, 22, 22, 22, 20, 20, 28, 22, 28, 16, 4, 25, 23, 19, 28, 23, 24, 16, 23, 20, 16, 26, 19, 25, 19, 21, 24, 28, 27, 28, 26, 17, 11, 17, 28, 28, 25, 20, 20, 17, 17, 19, 21, 24, 21, 20, 26, 21, 25, 25, 17, 21, 17, 21, 17]);
objective = 4121;
----------
assignedGroup = array1d(1..80, [23, 51, 69, 23, 1, 23, 23, 69, 15, 51, 15, 23, 23, 23, 41, 69, 51, 69, 15, 41, 41, 51, 24, 1, 1, 1, 41, 41, 41, 24, 24, 58, 41, 58, 1, 26, 42, 69, 15, 58, 69, 51, 1, 69, 24, 1, 25, 15, 70, 15, 43, 51, 58, 71, 58, 25, 2, 72, 2, 58, 58, 59, 24, 24, 2, 2, 15, 60, 51, 16, 24, 25, 61, 42, 70, 2, 73, 2, 61, 2]);
groupFacility = array1d(1..80, [1, 1, 0, 0, 0, 0, 0, 0, 0, 0, 0, 0, 0, 0, 2, 2, 0, 0, 0, 0, 0, 0, 3, 3, 1, 1, 0, 0, 0, 0, 0, 0, 0, 0, 0, 0, 0, 0, 0, 0, 4, 1, 3, 0, 0, 0, 0, 0, 0, 0, 5, 0, 0, 0, 0, 0, 0, 6, 2, 1, 4, 0, 0, 0, 0, 0, 0, 0, 7, 4, 1, 1, 5, 0, 0, 0, 0, 0, 0, 0]);
groupProcessDay = array1d(1..80, [16, 17, 0, 0, 0, 0, 0, 0, 0, 0, 0, 0, 0, 0, 19, 22, 0, 0, 0, 0, 0, 0, 18, 20, 25, 4, 0, 0, 0, 0, 0, 0, 0, 0, 0, 0, 0, 0, 0, 0, 21, 26, 22, 0, 0, 0, 0, 0, 0, 0, 24, 0, 0, 0, 0, 0, 0, 28, 25, 22, 22, 0, 0, 0, 0, 0, 0, 0, 23, 25, 27, 11, 22, 0, 0, 0, 0, 0, 0, 0]);
itemProcessDay = array1d(1..80, [18, 24, 23, 18, 16, 18, 18, 23, 19, 24, 19, 18, 18, 18, 21, 23, 24, 23, 19, 21, 21, 24, 20, 16, 16, 16, 21, 21, 21, 20, 20, 28, 21, 28, 16, 4, 26, 23, 19, 28, 23, 24, 16, 23, 20, 16, 25, 19, 25, 19, 22, 24, 28, 27, 28, 25, 17, 11, 17, 28, 28, 25, 20, 20, 17, 17, 19, 22, 24, 22, 20, 25, 22, 26, 25, 17, 22, 17, 22, 17]);
objective = 4021;
----------
assignedGroup = array1d(1..80, [23, 51, 69, 23, 1, 23, 23, 69, 15, 51, 15, 23, 23, 23, 41, 69, 51, 69, 15, 41, 41, 51, 24, 1, 1, 1, 41, 41, 41, 24, 24, 58, 41, 58, 1, 26, 42, 69, 15, 58, 69, 51, 1, 69, 24, 1, 25, 15, 70, 15, 43, 51, 58, 71, 58, 25, 2, 72, 2, 58, 58, 59, 24, 24, 2, 2, 15, 60, 51, 16, 24, 25, 61, 42, 70, 2, 73, 2, 61, 2]);
groupFacility = array1d(1..80, [1, 1, 0, 0, 0, 0, 0, 0, 0, 0, 0, 0, 0, 0, 2, 2, 0, 0, 0, 0, 0, 0, 3, 3, 1, 1, 0, 0, 0, 0, 0, 0, 0, 0, 0, 0, 0, 0, 0, 0, 4, 1, 3, 0, 0, 0, 0, 0, 0, 0, 5, 0, 0, 0, 0, 0, 0, 6, 2, 1, 4, 0, 0, 0, 0, 0, 0, 0, 7, 4, 1, 1, 5, 0, 0, 0, 0, 0, 0, 0]);
groupProcessDay = array1d(1..80, [16, 17, 0, 0, 0, 0, 0, 0, 0, 0, 0, 0, 0, 0, 20, 22, 0, 0, 0, 0, 0, 0, 18, 21, 26, 4, 0, 0, 0, 0, 0, 0, 0, 0, 0, 0, 0, 0, 0, 0, 19, 25, 22, 0, 0, 0, 0, 0, 0, 0, 24, 0, 0, 0, 0, 0, 0, 28, 25, 22, 22, 0, 0, 0, 0, 0, 0, 0, 23, 25, 27, 11, 22, 0, 0, 0, 0, 0, 0, 0]);
itemProcessDay = array1d(1..80, [18, 24, 23, 18, 16, 18, 18, 23, 20, 24, 20, 18, 18, 18, 19, 23, 24, 23, 20, 19, 19, 24, 21, 16, 16, 16, 19, 19, 19, 21, 21, 28, 19, 28, 16, 4, 25, 23, 20, 28, 23, 24, 16, 23, 21, 16, 26, 20, 25, 20, 22, 24, 28, 27, 28, 26, 17, 11, 17, 28, 28, 25, 21, 21, 17, 17, 20, 22, 24, 22, 21, 26, 22, 25, 25, 17, 22, 17, 22, 17]);
objective = 3921;
----------
assignedGroup = array1d(1..80, [23, 51, 69, 23, 1, 23, 23, 69, 15, 51, 15, 23, 23, 23, 41, 69, 51, 69, 15, 41, 41, 51, 24, 1, 1, 1, 41, 41, 41, 24, 24, 58, 41, 58, 1, 26, 42, 69, 15, 58, 69, 51, 1, 69, 24, 1, 25, 15, 70, 15, 43, 51, 58, 71, 58, 25, 2, 72, 2, 58, 58, 59, 24, 24, 2, 2, 15, 60, 51, 16, 24, 25, 61, 42, 70, 2, 73, 2, 61, 2]);
groupFacility = array1d(1..80, [1, 1, 0, 0, 0, 0, 0, 0, 0, 0, 0, 0, 0, 0, 2, 2, 0, 0, 0, 0, 0, 0, 3, 3, 1, 1, 0, 0, 0, 0, 0, 0, 0, 0, 0, 0, 0, 0, 0, 0, 4, 1, 3, 0, 0, 0, 0, 0, 0, 0, 5, 0, 0, 0, 0, 0, 0, 6, 2, 1, 4, 0, 0, 0, 0, 0, 0, 0, 7, 4, 1, 1, 5, 0, 0, 0, 0, 0, 0, 0]);
groupProcessDay = array1d(1..80, [16, 18, 0, 0, 0, 0, 0, 0, 0, 0, 0, 0, 0, 0, 20, 22, 0, 0, 0, 0, 0, 0, 17, 21, 26, 4, 0, 0, 0, 0, 0, 0, 0, 0, 0, 0, 0, 0, 0, 0, 19, 25, 22, 0, 0, 0, 0, 0, 0, 0, 24, 0, 0, 0, 0, 0, 0, 28, 25, 22, 22, 0, 0, 0, 0, 0, 0, 0, 23, 25, 27, 11, 22, 0, 0, 0, 0, 0, 0, 0]);
itemProcessDay = array1d(1..80, [17, 24, 23, 17, 16, 17, 17, 23, 20, 24, 20, 17, 17, 17, 19, 23, 24, 23, 20, 19, 19, 24, 21, 16, 16, 16, 19, 19, 19, 21, 21, 28, 19, 28, 16, 4, 25, 23, 20, 28, 23, 24, 16, 23, 21, 16, 26, 20, 25, 20, 22, 24, 28, 27, 28, 26, 18, 11, 18, 28, 28, 25, 21, 21, 18, 18, 20, 22, 24, 22, 21, 26, 22, 25, 25, 18, 22, 18, 22, 18]);
objective = 3821;
----------
assignedGroup = array1d(1..80, [23, 51, 69, 23, 1, 23, 23, 69, 15, 51, 15, 23, 23, 23, 41, 69, 51, 69, 15, 41, 41, 51, 24, 1, 1, 1, 41, 41, 41, 24, 24, 58, 41, 58, 1, 26, 42, 69, 15, 58, 69, 51, 1, 69, 24, 1, 25, 15, 70, 15, 43, 51, 58, 71, 58, 25, 2, 72, 2, 58, 58, 59, 24, 24, 2, 2, 15, 60, 51, 16, 24, 25, 61, 42, 70, 2, 73, 2, 61, 2]);
groupFacility = array1d(1..80, [1, 1, 0, 0, 0, 0, 0, 0, 0, 0, 0, 0, 0, 0, 2, 2, 0, 0, 0, 0, 0, 0, 3, 3, 1, 1, 0, 0, 0, 0, 0, 0, 0, 0, 0, 0, 0, 0, 0, 0, 4, 1, 3, 0, 0, 0, 0, 0, 0, 0, 5, 0, 0, 0, 0, 0, 0, 6, 2, 1, 4, 0, 0, 0, 0, 0, 0, 0, 7, 4, 1, 1, 5, 0, 0, 0, 0, 0, 0, 0]);
groupProcessDay = array1d(1..80, [17, 18, 0, 0, 0, 0, 0, 0, 0, 0, 0, 0, 0, 0, 20, 22, 0, 0, 0, 0, 0, 0, 16, 21, 26, 4, 0, 0, 0, 0, 0, 0, 0, 0, 0, 0, 0, 0, 0, 0, 19, 25, 22, 0, 0, 0, 0, 0, 0, 0, 24, 0, 0, 0, 0, 0, 0, 28, 25, 22, 22, 0, 0, 0, 0, 0, 0, 0, 23, 25, 27, 11, 22, 0, 0, 0, 0, 0, 0, 0]);
itemProcessDay = array1d(1..80, [16, 24, 23, 16, 17, 16, 16, 23, 20, 24, 20, 16, 16, 16, 19, 23, 24, 23, 20, 19, 19, 24, 21, 17, 17, 17, 19, 19, 19, 21, 21, 28, 19, 28, 17, 4, 25, 23, 20, 28, 23, 24, 17, 23, 21, 17, 26, 20, 25, 20, 22, 24, 28, 27, 28, 26, 18, 11, 18, 28, 28, 25, 21, 21, 18, 18, 20, 22, 24, 22, 21, 26, 22, 25, 25, 18, 22, 18, 22, 18]);
objective = 3721;
----------
assignedGroup = array1d(1..80, [23, 51, 69, 23, 1, 23, 23, 69, 15, 51, 15, 23, 23, 23, 41, 69, 51, 69, 15, 41, 41, 51, 24, 1, 1, 1, 41, 41, 41, 24, 24, 58, 41, 58, 1, 26, 42, 69, 15, 58, 69, 51, 1, 69, 24, 1, 25, 15, 70, 15, 43, 51, 58, 71, 58, 25, 2, 72, 2, 58, 58, 59, 24, 24, 2, 2, 15, 60, 51, 16, 24, 25, 61, 42, 70, 2, 73, 2, 61, 2]);
groupFacility = array1d(1..80, [1, 1, 0, 0, 0, 0, 0, 0, 0, 0, 0, 0, 0, 0, 2, 2, 0, 0, 0, 0, 0, 0, 3, 3, 1, 1, 0, 0, 0, 0, 0, 0, 0, 0, 0, 0, 0, 0, 0, 0, 4, 1, 3, 0, 0, 0, 0, 0, 0, 0, 5, 0, 0, 0, 0, 0, 0, 6, 2, 1, 4, 0, 0, 0, 0, 0, 0, 0, 7, 4, 1, 1, 5, 0, 0, 0, 0, 0, 0, 0]);
groupProcessDay = array1d(1..80, [18, 16, 0, 0, 0, 0, 0, 0, 0, 0, 0, 0, 0, 0, 20, 22, 0, 0, 0, 0, 0, 0, 17, 21, 26, 4, 0, 0, 0, 0, 0, 0, 0, 0, 0, 0, 0, 0, 0, 0, 19, 25, 22, 0, 0, 0, 0, 0, 0, 0, 24, 0, 0, 0, 0, 0, 0, 28, 25, 22, 22, 0, 0, 0, 0, 0, 0, 0, 23, 25, 27, 11, 22, 0, 0, 0, 0, 0, 0, 0]);
itemProcessDay = array1d(1..80, [17, 24, 23, 17, 18, 17, 17, 23, 20, 24, 20, 17, 17, 17, 19, 23, 24, 23, 20, 19, 19, 24, 21, 18, 18, 18, 19, 19, 19, 21, 21, 28, 19, 28, 18, 4, 25, 23, 20, 28, 23, 24, 18, 23, 21, 18, 26, 20, 25, 20, 22, 24, 28, 27, 28, 26, 16, 11, 16, 28, 28, 25, 21, 21, 16, 16, 20, 22, 24, 22, 21, 26, 22, 25, 25, 16, 22, 16, 22, 16]);
objective = 3621;
----------
assignedGroup = array1d(1..80, [23, 51, 69, 23, 1, 23, 23, 69, 15, 51, 15, 23, 23, 23, 41, 69, 51, 69, 15, 41, 41, 51, 24, 1, 1, 1, 41, 41, 41, 24, 24, 58, 41, 58, 1, 26, 42, 69, 15, 58, 69, 51, 1, 69, 24, 1, 25, 15, 70, 15, 43, 51, 58, 71, 58, 25, 2, 72, 2, 58, 58, 59, 24, 24, 2, 2, 15, 60, 51, 16, 24, 25, 61, 42, 70, 2, 73, 2, 61, 2]);
groupFacility = array1d(1..80, [1, 1, 0, 0, 0, 0, 0, 0, 0, 0, 0, 0, 0, 0, 2, 2, 0, 0, 0, 0, 0, 0, 3, 3, 1, 1, 0, 0, 0, 0, 0, 0, 0, 0, 0, 0, 0, 0, 0, 0, 4, 1, 3, 0, 0, 0, 0, 0, 0, 0, 5, 0, 0, 0, 0, 0, 0, 6, 2, 1, 4, 0, 0, 0, 0, 0, 0, 0, 7, 4, 1, 1, 5, 0, 0, 0, 0, 0, 0, 0]);
groupProcessDay = array1d(1..80, [19, 16, 0, 0, 0, 0, 0, 0, 0, 0, 0, 0, 0, 0, 20, 22, 0, 0, 0, 0, 0, 0, 17, 21, 25, 4, 0, 0, 0, 0, 0, 0, 0, 0, 0, 0, 0, 0, 0, 0, 18, 26, 22, 0, 0, 0, 0, 0, 0, 0, 24, 0, 0, 0, 0, 0, 0, 28, 25, 22, 22, 0, 0, 0, 0, 0, 0, 0, 23, 25, 27, 11, 22, 0, 0, 0, 0, 0, 0, 0]);
itemProcessDay = array1d(1..80, [17, 24, 23, 17, 19, 17, 17, 23, 20, 24, 20, 17, 17, 17, 18, 23, 24, 23, 20, 18, 18, 24, 21, 19, 19, 19, 18, 18, 18, 21, 21, 28, 18, 28, 19, 4, 26, 23, 20, 28, 23, 24, 19, 23, 21, 19, 25, 20, 25, 20, 22, 24, 28, 27, 28, 25, 16, 11, 16, 28, 28, 25, 21, 21, 16, 16, 20, 22, 24, 22, 21, 25, 22, 26, 25, 16, 22, 16, 22, 16]);
objective = 3521;
----------
assignedGroup = array1d(1..80, [23, 51, 69, 23, 1, 23, 23, 69, 15, 51, 15, 23, 23, 23, 41, 69, 51, 69, 15, 41, 41, 51, 24, 1, 1, 1, 41, 41, 41, 24, 24, 58, 41, 58, 1, 26, 42, 69, 15, 58, 69, 51, 1, 69, 24, 1, 25, 15, 70, 15, 43, 51, 58, 71, 58, 25, 2, 72, 2, 58, 58, 59, 24, 24, 2, 2, 15, 60, 51, 16, 24, 25, 61, 42, 70, 2, 73, 2, 61, 2]);
groupFacility = array1d(1..80, [1, 1, 0, 0, 0, 0, 0, 0, 0, 0, 0, 0, 0, 0, 2, 2, 0, 0, 0, 0, 0, 0, 3, 3, 1, 1, 0, 0, 0, 0, 0, 0, 0, 0, 0, 0, 0, 0, 0, 0, 4, 1, 3, 0, 0, 0, 0, 0, 0, 0, 5, 0, 0, 0, 0, 0, 0, 6, 2, 1, 4, 0, 0, 0, 0, 0, 0, 0, 7, 4, 1, 1, 5, 0, 0, 0, 0, 0, 0, 0]);
groupProcessDay = array1d(1..80, [21, 16, 0, 0, 0, 0, 0, 0, 0, 0, 0, 0, 0, 0, 19, 22, 0, 0, 0, 0, 0, 0, 17, 20, 25, 4, 0, 0, 0, 0, 0, 0, 0, 0, 0, 0, 0, 0, 0, 0, 18, 26, 22, 0, 0, 0, 0, 0, 0, 0, 24, 0, 0, 0, 0, 0, 0, 28, 25, 22, 22, 0, 0, 0, 0, 0, 0, 0, 23, 25, 27, 11, 22, 0, 0, 0, 0, 0, 0, 0]);
itemProcessDay = array1d(1..80, [17, 24, 23, 17, 21, 17, 17, 23, 19, 24, 19, 17, 17, 17, 18, 23, 24, 23, 19, 18, 18, 24, 20, 21, 21, 21, 18, 18, 18, 20, 20, 28, 18, 28, 21, 4, 26, 23, 19, 28, 23, 24, 21, 23, 20, 21, 25, 19, 25, 19, 22, 24, 28, 27, 28, 25, 16, 11, 16, 28, 28, 25, 20, 20, 16, 16, 19, 22, 24, 22, 20, 25, 22, 26, 25, 16, 22, 16, 22, 16]);
objective = 3421;
----------
assignedGroup = array1d(1..80, [23, 51, 69, 23, 1, 23, 23, 69, 15, 51, 15, 23, 23, 23, 41, 69, 51, 69, 15, 41, 41, 51, 24, 1, 1, 1, 41, 41, 41, 24, 24, 58, 41, 58, 1, 26, 42, 69, 15, 58, 69, 51, 1, 69, 24, 1, 25, 15, 70, 15, 43, 51, 58, 71, 58, 25, 2, 72, 2, 58, 58, 59, 24, 24, 2, 2, 15, 60, 51, 16, 24, 25, 61, 42, 70, 2, 73, 2, 61, 2]);
groupFacility = array1d(1..80, [1, 1, 0, 0, 0, 0, 0, 0, 0, 0, 0, 0, 0, 0, 2, 2, 0, 0, 0, 0, 0, 0, 3, 3, 1, 1, 0, 0, 0, 0, 0, 0, 0, 0, 0, 0, 0, 0, 0, 0, 4, 1, 3, 0, 0, 0, 0, 0, 0, 0, 5, 0, 0, 0, 0, 0, 0, 6, 2, 1, 4, 0, 0, 0, 0, 0, 0, 0, 7, 4, 1, 1, 5, 0, 0, 0, 0, 0, 0, 0]);
groupProcessDay = array1d(1..80, [22, 16, 0, 0, 0, 0, 0, 0, 0, 0, 0, 0, 0, 0, 19, 23, 0, 0, 0, 0, 0, 0, 17, 20, 25, 4, 0, 0, 0, 0, 0, 0, 0, 0, 0, 0, 0, 0, 0, 0, 18, 26, 23, 0, 0, 0, 0, 0, 0, 0, 24, 0, 0, 0, 0, 0, 0, 28, 25, 23, 23, 0, 0, 0, 0, 0, 0, 0, 21, 25, 27, 11, 23, 0, 0, 0, 0, 0, 0, 0]);
itemProcessDay = array1d(1..80, [17, 24, 21, 17, 22, 17, 17, 21, 19, 24, 19, 17, 17, 17, 18, 21, 24, 21, 19, 18, 18, 24, 20, 22, 22, 22, 18, 18, 18, 20, 20, 28, 18, 28, 22, 4, 26, 21, 19, 28, 21, 24, 22, 21, 20, 22, 25, 19, 25, 19, 23, 24, 28, 27, 28, 25, 16, 11, 16, 28, 28, 25, 20, 20, 16, 16, 19, 23, 24, 23, 20, 25, 23, 26, 25, 16, 23, 16, 23, 16]);
objective = 3321;
----------
assignedGroup = array1d(1..80, [23, 51, 69, 23, 1, 23, 23, 69, 15, 51, 15, 23, 23, 23, 41, 69, 51, 69, 15, 41, 41, 51, 24, 1, 1, 1, 41, 41, 41, 24, 24, 58, 41, 58, 1, 26, 42, 69, 15, 58, 69, 51, 1, 69, 24, 1, 25, 15, 70, 15, 43, 51, 58, 71, 58, 25, 2, 72, 2, 58, 58, 59, 24, 24, 2, 2, 15, 60, 51, 16, 24, 25, 61, 42, 70, 2, 73, 2, 61, 2]);
groupFacility = array1d(1..80, [1, 1, 0, 0, 0, 0, 0, 0, 0, 0, 0, 0, 0, 0, 2, 2, 0, 0, 0, 0, 0, 0, 3, 3, 1, 1, 0, 0, 0, 0, 0, 0, 0, 0, 0, 0, 0, 0, 0, 0, 4, 1, 3, 0, 0, 0, 0, 0, 0, 0, 5, 0, 0, 0, 0, 0, 0, 6, 2, 1, 4, 0, 0, 0, 0, 0, 0, 0, 7, 4, 1, 1, 5, 0, 0, 0, 0, 0, 0, 0]);
groupProcessDay = array1d(1..80, [23, 16, 0, 0, 0, 0, 0, 0, 0, 0, 0, 0, 0, 0, 19, 22, 0, 0, 0, 0, 0, 0, 17, 20, 25, 4, 0, 0, 0, 0, 0, 0, 0, 0, 0, 0, 0, 0, 0, 0, 18, 26, 22, 0, 0, 0, 0, 0, 0, 0, 24, 0, 0, 0, 0, 0, 0, 28, 25, 22, 22, 0, 0, 0, 0, 0, 0, 0, 21, 25, 27, 11, 22, 0, 0, 0, 0, 0, 0, 0]);
itemProcessDay = array1d(1..80, [17, 24, 21, 17, 23, 17, 17, 21, 19, 24, 19, 17, 17, 17, 18, 21, 24, 21, 19, 18, 18, 24, 20, 23, 23, 23, 18, 18, 18, 20, 20, 28, 18, 28, 23, 4, 26, 21, 19, 28, 21, 24, 23, 21, 20, 23, 25, 19, 25, 19, 22, 24, 28, 27, 28, 25, 16, 11, 16, 28, 28, 25, 20, 20, 16, 16, 19, 22, 24, 22, 20, 25, 22, 26, 25, 16, 22, 16, 22, 16]);
objective = 3221;
----------
assignedGroup = array1d(1..80, [23, 51, 69, 23, 1, 23, 23, 69, 15, 51, 15, 23, 23, 23, 41, 69, 51, 69, 15, 41, 41, 51, 24, 1, 1, 1, 41, 41, 41, 24, 24, 58, 41, 58, 1, 26, 42, 69, 15, 58, 69, 51, 1, 69, 24, 1, 25, 15, 70, 15, 43, 51, 58, 71, 58, 25, 2, 72, 2, 58, 58, 59, 24, 24, 2, 2, 15, 60, 51, 16, 24, 25, 61, 42, 70, 2, 73, 2, 61, 2]);
groupFacility = array1d(1..80, [1, 1, 0, 0, 0, 0, 0, 0, 0, 0, 0, 0, 0, 0, 2, 2, 0, 0, 0, 0, 0, 0, 3, 3, 1, 1, 0, 0, 0, 0, 0, 0, 0, 0, 0, 0, 0, 0, 0, 0, 4, 1, 3, 0, 0, 0, 0, 0, 0, 0, 5, 0, 0, 0, 0, 0, 0, 6, 2, 1, 4, 0, 0, 0, 0, 0, 0, 0, 7, 4, 1, 1, 5, 0, 0, 0, 0, 0, 0, 0]);
groupProcessDay = array1d(1..80, [24, 16, 0, 0, 0, 0, 0, 0, 0, 0, 0, 0, 0, 0, 19, 22, 0, 0, 0, 0, 0, 0, 17, 20, 25, 4, 0, 0, 0, 0, 0, 0, 0, 0, 0, 0, 0, 0, 0, 0, 18, 26, 22, 0, 0, 0, 0, 0, 0, 0, 23, 0, 0, 0, 0, 0, 0, 28, 25, 22, 22, 0, 0, 0, 0, 0, 0, 0, 21, 25, 27, 11, 22, 0, 0, 0, 0, 0, 0, 0]);
itemProcessDay = array1d(1..80, [17, 23, 21, 17, 24, 17, 17, 21, 19, 23, 19, 17, 17, 17, 18, 21, 23, 21, 19, 18, 18, 23, 20, 24, 24, 24, 18, 18, 18, 20, 20, 28, 18, 28, 24, 4, 26, 21, 19, 28, 21, 23, 24, 21, 20, 24, 25, 19, 25, 19, 22, 23, 28, 27, 28, 25, 16, 11, 16, 28, 28, 25, 20, 20, 16, 16, 19, 22, 23, 22, 20, 25, 22, 26, 25, 16, 22, 16, 22, 16]);
objective = 3121;
----------
assignedGroup = array1d(1..80, [23, 51, 69, 23, 1, 23, 23, 69, 15, 51, 15, 23, 23, 23, 41, 69, 51, 69, 15, 41, 41, 51, 24, 1, 1, 1, 41, 41, 41, 24, 24, 58, 41, 58, 1, 26, 42, 69, 15, 58, 69, 51, 1, 69, 24, 1, 25, 15, 70, 15, 43, 51, 58, 71, 58, 27, 2, 72, 2, 58, 58, 59, 24, 24, 2, 2, 15, 60, 51, 16, 29, 28, 61, 42, 70, 2, 73, 2, 61, 2]);
groupFacility = array1d(1..80, [1, 1, 0, 0, 0, 0, 0, 0, 0, 0, 0, 0, 0, 0, 2, 2, 0, 0, 0, 0, 0, 0, 3, 3, 1, 1, 1, 1, 2, 0, 0, 0, 0, 0, 0, 0, 0, 0, 0, 0, 4, 1, 3, 0, 0, 0, 0, 0, 0, 0, 5, 0, 0, 0, 0, 0, 0, 6, 2, 1, 4, 0, 0, 0, 0, 0, 0, 0, 7, 4, 1, 1, 5, 0, 0, 0, 0, 0, 0, 0]);
groupProcessDay = array1d(1..80, [21, 16, 0, 0, 0, 0, 0, 0, 0, 0, 0, 0, 0, 0, 19, 24, 0, 0, 0, 0, 0, 0, 17, 20, 26, 4, 27, 28, 26, 0, 0, 0, 0, 0, 0, 0, 0, 0, 0, 0, 18, 24, 24, 0, 0, 0, 0, 0, 0, 0, 23, 0, 0, 0, 0, 0, 0, 25, 27, 20, 24, 0, 0, 0, 0, 0, 0, 0, 22, 26, 29, 11, 24, 0, 0, 0, 0, 0, 0, 0]);
itemProcessDay = array1d(1..80, [17, 23, 22, 17, 21, 17, 17, 22, 19, 23, 19, 17, 17, 17, 18, 22, 23, 22, 19, 18, 18, 23, 20, 21, 21, 21, 18, 18, 18, 20, 20, 25, 18, 25, 21, 4, 24, 22, 19, 25, 22, 23, 21, 22, 20, 21, 26, 19, 26, 19, 24, 23, 25, 29, 25, 27, 16, 11, 16, 25, 25, 27, 20, 20, 16, 16, 19, 20, 23, 24, 26, 28, 24, 24, 26, 16, 24, 16, 24, 16]);
objective = 3024;
----------
assignedGroup = array1d(1..80, [23, 51, 69, 23, 1, 23, 23, 69, 15, 51, 15, 23, 23, 23, 41, 69, 51, 69, 15, 41, 41, 51, 24, 1, 1, 1, 41, 41, 41, 24, 24, 58, 41, 58, 1, 26, 42, 69, 15, 58, 69, 51, 1, 69, 24, 1, 25, 15, 70, 15, 43, 51, 58, 71, 58, 27, 2, 72, 2, 58, 58, 59, 24, 24, 2, 2, 15, 60, 51, 16, 29, 28, 61, 42, 70, 2, 73, 2, 61, 2]);
groupFacility = array1d(1..80, [1, 1, 0, 0, 0, 0, 0, 0, 0, 0, 0, 0, 0, 0, 2, 2, 0, 0, 0, 0, 0, 0, 3, 3, 1, 1, 1, 1, 2, 0, 0, 0, 0, 0, 0, 0, 0, 0, 0, 0, 4, 1, 3, 0, 0, 0, 0, 0, 0, 0, 5, 0, 0, 0, 0, 0, 0, 6, 2, 1, 4, 0, 0, 0, 0, 0, 0, 0, 7, 4, 1, 1, 5, 0, 0, 0, 0, 0, 0, 0]);
groupProcessDay = array1d(1..80, [22, 16, 0, 0, 0, 0, 0, 0, 0, 0, 0, 0, 0, 0, 19, 24, 0, 0, 0, 0, 0, 0, 17, 20, 24, 4, 25, 27, 25, 0, 0, 0, 0, 0, 0, 0, 0, 0, 0, 0, 18, 26, 24, 0, 0, 0, 0, 0, 0, 0, 23, 0, 0, 0, 0, 0, 0, 28, 26, 20, 24, 0, 0, 0, 0, 0, 0, 0, 21, 25, 29, 11, 24, 0, 0, 0, 0, 0, 0, 0]);
itemProcessDay = array1d(1..80, [17, 23, 21, 17, 22, 17, 17, 21, 19, 23, 19, 17, 17, 17, 18, 21, 23, 21, 19, 18, 18, 23, 20, 22, 22, 22, 18, 18, 18, 20, 20, 28, 18, 28, 22, 4, 26, 21, 19, 28, 21, 23, 22, 21, 20, 22, 24, 19, 25, 19, 24, 23, 28, 29, 28, 25, 16, 11, 16, 28, 28, 26, 20, 20, 16, 16, 19, 20, 23, 24, 25, 27, 24, 26, 25, 16, 24, 16, 24, 16]);
objective = 2924;
----------
assignedGroup = array1d(1..80, [23, 51, 69, 23, 1, 23, 23, 69, 15, 51, 15, 23, 23, 23, 41, 69, 51, 69, 15, 41, 41, 51, 24, 1, 1, 1, 41, 41, 41, 24, 29, 58, 41, 58, 1, 26, 42, 69, 15, 58, 69, 51, 1, 69, 24, 1, 25, 15, 70, 15, 43, 51, 58, 71, 58, 27, 2, 72, 2, 58, 58, 59, 24, 29, 2, 2, 15, 60, 51, 16, 29, 28, 61, 42, 70, 2, 73, 2, 61, 2]);
groupFacility = array1d(1..80, [1, 1, 0, 0, 0, 0, 0, 0, 0, 0, 0, 0, 0, 0, 2, 2, 0, 0, 0, 0, 0, 0, 3, 3, 1, 1, 1, 1, 2, 0, 0, 0, 0, 0, 0, 0, 0, 0, 0, 0, 4, 1, 3, 0, 0, 0, 0, 0, 0, 0, 5, 0, 0, 0, 0, 0, 0, 6, 2, 1, 4, 0, 0, 0, 0, 0, 0, 0, 7, 4, 1, 1, 5, 0, 0, 0, 0, 0, 0, 0]);
groupProcessDay = array1d(1..80, [21, 16, 0, 0, 0, 0, 0, 0, 0, 0, 0, 0, 0, 0, 19, 24, 0, 0, 0, 0, 0, 0, 17, 20, 26, 4, 27, 28, 26, 0, 0, 0, 0, 0, 0, 0, 0, 0, 0, 0, 18, 24, 24, 0, 0, 0, 0, 0, 0, 0, 23, 0, 0, 0, 0, 0, 0, 25, 27, 20, 20, 0, 0, 0, 0, 0, 0, 0, 22, 24, 29, 11, 24, 0, 0, 0, 0, 0, 0, 0]);
itemProcessDay = array1d(1..80, [17, 23, 22, 17, 21, 17, 17, 22, 19, 23, 19, 17, 17, 17, 18, 22, 23, 22, 19, 18, 18, 23, 20, 21, 21, 21, 18, 18, 18, 20, 26, 25, 18, 25, 21, 4, 24, 22, 19, 25, 22, 23, 21, 22, 20, 21, 26, 19, 24, 19, 24, 23, 25, 29, 25, 27, 16, 11, 16, 25, 25, 27, 20, 26, 16, 16, 19, 20, 23, 24, 26, 28, 20, 24, 24, 16, 24, 16, 20, 16]);
objective = 2824;
----------
assignedGroup = array1d(1..80, [23, 51, 69, 23, 1, 23, 23, 69, 15, 51, 15, 23, 23, 23, 41, 69, 51, 69, 15, 41, 41, 51, 24, 1, 1, 1, 41, 41, 41, 24, 29, 58, 41, 58, 1, 26, 42, 69, 15, 58, 69, 51, 1, 69, 24, 1, 25, 15, 70, 15, 43, 51, 58, 71, 58, 27, 2, 72, 2, 58, 58, 59, 24, 29, 2, 2, 15, 60, 51, 16, 29, 28, 61, 42, 70, 2, 73, 2, 61, 2]);
groupFacility = array1d(1..80, [1, 1, 0, 0, 0, 0, 0, 0, 0, 0, 0, 0, 0, 0, 2, 2, 0, 0, 0, 0, 0, 0, 3, 3, 1, 1, 1, 1, 2, 0, 0, 0, 0, 0, 0, 0, 0, 0, 0, 0, 4, 1, 3, 0, 0, 0, 0, 0, 0, 0, 5, 0, 0, 0, 0, 0, 0, 6, 2, 1, 4, 0, 0, 0, 0, 0, 0, 0, 7, 4, 1, 1, 5, 0, 0, 0, 0, 0, 0, 0]);
groupProcessDay = array1d(1..80, [22, 16, 0, 0, 0, 0, 0, 0, 0, 0, 0, 0, 0, 0, 19, 24, 0, 0, 0, 0, 0, 0, 17, 20, 26, 4, 27, 28, 26, 0, 0, 0, 0, 0, 0, 0, 0, 0, 0, 0, 18, 24, 24, 0, 0, 0, 0, 0, 0, 0, 23, 0, 0, 0, 0, 0, 0, 25, 27, 20, 20, 0, 0, 0, 0, 0, 0, 0, 21, 24, 29, 11, 24, 0, 0, 0, 0, 0, 0, 0]);
itemProcessDay = array1d(1..80, [17, 23, 21, 17, 22, 17, 17, 21, 19, 23, 19, 17, 17, 17, 18, 21, 23, 21, 19, 18, 18, 23, 20, 22, 22, 22, 18, 18, 18, 20, 26, 25, 18, 25, 22, 4, 24, 21, 19, 25, 21, 23, 22, 21, 20, 22, 26, 19, 24, 19, 24, 23, 25, 29, 25, 27, 16, 11, 16, 25, 25, 27, 20, 26, 16, 16, 19, 20, 23, 24, 26, 28, 20, 24, 24, 16, 24, 16, 20, 16]);
objective = 2724;
----------
assignedGroup = array1d(1..80, [23, 51, 69, 23, 1, 23, 23, 69, 15, 51, 15, 23, 23, 23, 41, 69, 51, 69, 15, 41, 41, 51, 24, 1, 1, 1, 41, 41, 41, 24, 28, 58, 41, 58, 1, 27, 42, 69, 15, 58, 69, 51, 1, 69, 24, 1, 25, 15, 70, 15, 43, 51, 58, 71, 58, 25, 2, 72, 2, 58, 58, 59, 24, 28, 2, 2, 15, 60, 51, 16, 28, 26, 61, 42, 70, 2, 73, 2, 61, 2]);
groupFacility = array1d(1..80, [1, 1, 0, 0, 0, 0, 0, 0, 0, 0, 0, 0, 0, 0, 2, 2, 0, 0, 0, 0, 0, 0, 3, 3, 1, 1, 1, 2, 0, 0, 0, 0, 0, 0, 0, 0, 0, 0, 0, 0, 4, 1, 3, 0, 0, 0, 0, 0, 0, 0, 5, 0, 0, 0, 0, 0, 0, 6, 2, 1, 4, 0, 0, 0, 0, 0, 0, 0, 7, 4, 1, 1, 5, 0, 0, 0, 0, 0, 0, 0]);
groupProcessDay = array1d(1..80, [22, 16, 0, 0, 0, 0, 0, 0, 0, 0, 0, 0, 0, 0, 19, 24, 0, 0, 0, 0, 0, 0, 17, 20, 26, 27, 4, 26, 0, 0, 0, 0, 0, 0, 0, 0, 0, 0, 0, 0, 18, 24, 24, 0, 0, 0, 0, 0, 0, 0, 23, 0, 0, 0, 0, 0, 0, 25, 27, 20, 20, 0, 0, 0, 0, 0, 0, 0, 21, 24, 28, 11, 24, 0, 0, 0, 0, 0, 0, 0]);
itemProcessDay = array1d(1..80, [17, 23, 21, 17, 22, 17, 17, 21, 19, 23, 19, 17, 17, 17, 18, 21, 23, 21, 19, 18, 18, 23, 20, 22, 22, 22, 18, 18, 18, 20, 26, 25, 18, 25, 22, 4, 24, 21, 19, 25, 21, 23, 22, 21, 20, 22, 26, 19, 24, 19, 24, 23, 25, 28, 25, 26, 16, 11, 16, 25, 25, 27, 20, 26, 16, 16, 19, 20, 23, 24, 26, 27, 20, 24, 24, 16, 24, 16, 20, 16]);
objective = 2723;
----------
assignedGroup = array1d(1..80, [23, 51, 69, 23, 1, 23, 23, 69, 15, 51, 15, 23, 23, 23, 41, 69, 51, 69, 15, 41, 41, 51, 24, 1, 1, 1, 41, 41, 41, 24, 27, 58, 41, 58, 1, 26, 42, 69, 15, 58, 69, 51, 1, 69, 24, 1, 25, 15, 70, 15, 43, 51, 58, 71, 58, 25, 2, 72, 2, 58, 58, 59, 24, 27, 2, 2, 15, 60, 51, 16, 27, 25, 61, 42, 70, 2, 73, 2, 61, 2]);
groupFacility = array1d(1..80, [1, 1, 0, 0, 0, 0, 0, 0, 0, 0, 0, 0, 0, 0, 2, 2, 0, 0, 0, 0, 0, 0, 3, 3, 1, 1, 2, 0, 0, 0, 0, 0, 0, 0, 0, 0, 0, 0, 0, 0, 4, 1, 3, 0, 0, 0, 0, 0, 0, 0, 5, 0, 0, 0, 0, 0, 0, 6, 2, 1, 4, 0, 0, 0, 0, 0, 0, 0, 7, 4, 1, 1, 5, 0, 0, 0, 0, 0, 0, 0]);
groupProcessDay = array1d(1..80, [22, 16, 0, 0, 0, 0, 0, 0, 0, 0, 0, 0, 0, 0, 19, 24, 0, 0, 0, 0, 0, 0, 17, 20, 26, 4, 26, 0, 0, 0, 0, 0, 0, 0, 0, 0, 0, 0, 0, 0, 18, 24, 24, 0, 0, 0, 0, 0, 0, 0, 23, 0, 0, 0, 0, 0, 0, 25, 27, 20, 20, 0, 0, 0, 0, 0, 0, 0, 21, 24, 27, 11, 24, 0, 0, 0, 0, 0, 0, 0]);
itemProcessDay = array1d(1..80, [17, 23, 21, 17, 22, 17, 17, 21, 19, 23, 19, 17, 17, 17, 18, 21, 23, 21, 19, 18, 18, 23, 20, 22, 22, 22, 18, 18, 18, 20, 26, 25, 18, 25, 22, 4, 24, 21, 19, 25, 21, 23, 22, 21, 20, 22, 26, 19, 24, 19, 24, 23, 25, 27, 25, 26, 16, 11, 16, 25, 25, 27, 20, 26, 16, 16, 19, 20, 23, 24, 26, 26, 20, 24, 24, 16, 24, 16, 20, 16]);
objective = 2722;
----------
assignedGroup = array1d(1..80, [23, 51, 69, 23, 1, 23, 23, 69, 15, 51, 15, 23, 23, 23, 41, 69, 51, 69, 15, 41, 41, 51, 24, 1, 1, 1, 41, 41, 41, 24, 26, 58, 41, 58, 1, 25, 42, 69, 15, 58, 69, 51, 1, 69, 24, 1, 26, 15, 70, 15, 43, 51, 58, 71, 58, 26, 2, 72, 2, 58, 58, 59, 24, 26, 2, 2, 15, 60, 51, 16, 26, 26, 61, 42, 70, 2, 73, 2, 61, 2]);
groupFacility = array1d(1..80, [1, 1, 0, 0, 0, 0, 0, 0, 0, 0, 0, 0, 0, 0, 2, 2, 0, 0, 0, 0, 0, 0, 3, 3, 1, 3, 0, 0, 0, 0, 0, 0, 0, 0, 0, 0, 0, 0, 0, 0, 4, 1, 3, 0, 0, 0, 0, 0, 0, 0, 5, 0, 0, 0, 0, 0, 0, 6, 2, 1, 4, 0, 0, 0, 0, 0, 0, 0, 7, 4, 1, 1, 5, 0, 0, 0, 0, 0, 0, 0]);
groupProcessDay = array1d(1..80, [22, 16, 0, 0, 0, 0, 0, 0, 0, 0, 0, 0, 0, 0, 19, 24, 0, 0, 0, 0, 0, 0, 17, 20, 4, 26, 0, 0, 0, 0, 0, 0, 0, 0, 0, 0, 0, 0, 0, 0, 18, 24, 24, 0, 0, 0, 0, 0, 0, 0, 23, 0, 0, 0, 0, 0, 0, 25, 27, 20, 20, 0, 0, 0, 0, 0, 0, 0, 21, 24, 26, 11, 24, 0, 0, 0, 0, 0, 0, 0]);
itemProcessDay = array1d(1..80, [17, 23, 21, 17, 22, 17, 17, 21, 19, 23, 19, 17, 17, 17, 18, 21, 23, 21, 19, 18, 18, 23, 20, 22, 22, 22, 18, 18, 18, 20, 26, 25, 18, 25, 22, 4, 24, 21, 19, 25, 21, 23, 22, 21, 20, 22, 26, 19, 24, 19, 24, 23, 25, 26, 25, 26, 16, 11, 16, 25, 25, 27, 20, 26, 16, 16, 19, 20, 23, 24, 26, 26, 20, 24, 24, 16, 24, 16, 20, 16]);
objective = 2721;
----------
assignedGroup = array1d(1..80, [23, 51, 69, 23, 1, 23, 23, 69, 15, 51, 15, 23, 23, 23, 41, 69, 51, 69, 15, 41, 41, 51, 24, 1, 1, 1, 41, 41, 41, 24, 24, 58, 41, 58, 1, 28, 42, 69, 15, 58, 69, 51, 1, 69, 24, 1, 25, 15, 70, 15, 43, 51, 58, 71, 58, 26, 2, 72, 2, 58, 58, 59, 24, 24, 2, 2, 15, 60, 51, 16, 29, 27, 61, 42, 70, 3, 73, 2, 61, 2]);
groupFacility = array1d(1..80, [1, 1, 1, 0, 0, 0, 0, 0, 0, 0, 0, 0, 0, 0, 2, 2, 0, 0, 0, 0, 0, 0, 3, 3, 1, 1, 1, 1, 2, 0, 0, 0, 0, 0, 0, 0, 0, 0, 0, 0, 4, 1, 3, 0, 0, 0, 0, 0, 0, 0, 5, 0, 0, 0, 0, 0, 0, 6, 2, 1, 4, 0, 0, 0, 0, 0, 0, 0, 7, 4, 1, 1, 5, 0, 0, 0, 0, 0, 0, 0]);
groupProcessDay = array1d(1..80, [22, 17, 12, 0, 0, 0, 0, 0, 0, 0, 0, 0, 0, 0, 19, 17, 0, 0, 0, 0, 0, 0, 16, 20, 24, 25, 27, 4, 24, 0, 0, 0, 0, 0, 0, 0, 0, 0, 0, 0, 18, 26, 24, 0, 0, 0, 0, 0, 0, 0, 23, 0, 0, 0, 0, 0, 0, 28, 25, 20, 24, 0, 0, 0, 0, 0, 0, 0, 21, 25, 29, 11, 24, 0, 0, 0, 0, 0, 0, 0]);
itemProcessDay = array1d(1..80, [16, 23, 21, 16, 22, 16, 16, 21, 19, 23, 19, 16, 16, 16, 18, 21, 23, 21, 19, 18, 18, 23, 20, 22, 22, 22, 18, 18, 18, 20, 20, 28, 18, 28, 22, 4, 26, 21, 19, 28, 21, 23, 22, 21, 20, 22, 24, 19, 25, 19, 24, 23, 28, 29, 28, 25, 17, 11, 17, 28, 28, 25, 20, 20, 17, 17, 19, 20, 23, 17, 24, 27, 24, 26, 25, 12, 24, 17, 24, 17]);
objective = 2625;
----------
assignedGroup = array1d(1..80, [23, 51, 69, 23, 1, 23, 23, 69, 15, 51, 15, 23, 23, 23, 41, 69, 51, 69, 15, 41, 41, 51, 24, 1, 1, 1, 41, 41, 41, 24, 24, 58, 41, 58, 1, 28, 42, 69, 15, 58, 69, 51, 1, 69, 29, 1, 25, 15, 70, 15, 43, 51, 58, 71, 58, 26, 2, 72, 2, 58, 58, 59, 24, 24, 2, 2, 15, 60, 51, 16, 24, 27, 61, 42, 70, 3, 73, 2, 61, 2]);
groupFacility = array1d(1..80, [1, 1, 1, 0, 0, 0, 0, 0, 0, 0, 0, 0, 0, 0, 2, 2, 0, 0, 0, 0, 0, 0, 3, 3, 1, 1, 1, 1, 2, 0, 0, 0, 0, 0, 0, 0, 0, 0, 0, 0, 4, 1, 3, 0, 0, 0, 0, 0, 0, 0, 5, 0, 0, 0, 0, 0, 0, 6, 2, 1, 4, 0, 0, 0, 0, 0, 0, 0, 7, 4, 1, 1, 5, 0, 0, 0, 0, 0, 0, 0]);
groupProcessDay = array1d(1..80, [19, 17, 12, 0, 0, 0, 0, 0, 0, 0, 0, 0, 0, 0, 20, 24, 0, 0, 0, 0, 0, 0, 16, 21, 24, 25, 28, 4, 17, 0, 0, 0, 0, 0, 0, 0, 0, 0, 0, 0, 18, 26, 24, 0, 0, 0, 0, 0, 0, 0, 23, 0, 0, 0, 0, 0, 0, 27, 25, 21, 24, 0, 0, 0, 0, 0, 0, 0, 22, 25, 29, 11, 24, 0, 0, 0, 0, 0, 0, 0]);
itemProcessDay = array1d(1..80, [16, 23, 22, 16, 19, 16, 16, 22, 20, 23, 20, 16, 16, 16, 18, 22, 23, 22, 20, 18, 18, 23, 21, 19, 19, 19, 18, 18, 18, 21, 21, 27, 18, 27, 19, 4, 26, 22, 20, 27, 22, 23, 19, 22, 17, 19, 24, 20, 25, 20, 24, 23, 27, 29, 27, 25, 17, 11, 17, 27, 27, 25, 21, 21, 17, 17, 20, 21, 23, 24, 21, 28, 24, 26, 25, 12, 24, 17, 24, 17]);
objective = 2525;
----------
assignedGroup = array1d(1..80, [23, 51, 69, 23, 1, 23, 23, 69, 15, 51, 15, 23, 23, 23, 41, 69, 51, 69, 15, 41, 41, 51, 24, 1, 1, 1, 41, 41, 41, 24, 24, 58, 41, 58, 1, 28, 42, 69, 15, 58, 69, 51, 1, 69, 29, 1, 25, 15, 70, 15, 43, 51, 58, 71, 58, 26, 2, 72, 2, 58, 58, 59, 24, 24, 2, 2, 15, 60, 51, 16, 24, 27, 61, 42, 70, 3, 73, 2, 61, 2]);
groupFacility = array1d(1..80, [1, 1, 1, 0, 0, 0, 0, 0, 0, 0, 0, 0, 0, 0, 2, 2, 0, 0, 0, 0, 0, 0, 3, 3, 1, 1, 1, 1, 2, 0, 0, 0, 0, 0, 0, 0, 0, 0, 0, 0, 4, 1, 3, 0, 0, 0, 0, 0, 0, 0, 5, 0, 0, 0, 0, 0, 0, 6, 2, 1, 4, 0, 0, 0, 0, 0, 0, 0, 7, 4, 1, 1, 5, 0, 0, 0, 0, 0, 0, 0]);
groupProcessDay = array1d(1..80, [21, 17, 12, 0, 0, 0, 0, 0, 0, 0, 0, 0, 0, 0, 19, 24, 0, 0, 0, 0, 0, 0, 16, 20, 24, 25, 27, 4, 17, 0, 0, 0, 0, 0, 0, 0, 0, 0, 0, 0, 18, 26, 24, 0, 0, 0, 0, 0, 0, 0, 23, 0, 0, 0, 0, 0, 0, 28, 25, 20, 24, 0, 0, 0, 0, 0, 0, 0, 22, 25, 29, 11, 24, 0, 0, 0, 0, 0, 0, 0]);
itemProcessDay = array1d(1..80, [16, 23, 22, 16, 21, 16, 16, 22, 19, 23, 19, 16, 16, 16, 18, 22, 23, 22, 19, 18, 18, 23, 20, 21, 21, 21, 18, 18, 18, 20, 20, 28, 18, 28, 21, 4, 26, 22, 19, 28, 22, 23, 21, 22, 17, 21, 24, 19, 25, 19, 24, 23, 28, 29, 28, 25, 17, 11, 17, 28, 28, 25, 20, 20, 17, 17, 19, 20, 23, 24, 20, 27, 24, 26, 25, 12, 24, 17, 24, 17]);
objective = 2425;
----------
assignedGroup = array1d(1..80, [23, 51, 69, 23, 1, 23, 23, 69, 15, 51, 15, 23, 23, 23, 41, 69, 51, 69, 15, 41, 41, 51, 24, 1, 1, 1, 41, 41, 41, 24, 24, 58, 41, 58, 1, 28, 42, 69, 15, 58, 69, 51, 1, 69, 29, 1, 25, 15, 70, 15, 43, 51, 58, 71, 58, 26, 2, 72, 2, 58, 58, 59, 24, 24, 2, 2, 15, 60, 51, 16, 24, 27, 61, 42, 70, 3, 73, 2, 61, 2]);
groupFacility = array1d(1..80, [1, 1, 1, 0, 0, 0, 0, 0, 0, 0, 0, 0, 0, 0, 2, 2, 0, 0, 0, 0, 0, 0, 3, 3, 1, 1, 1, 1, 2, 0, 0, 0, 0, 0, 0, 0, 0, 0, 0, 0, 4, 1, 3, 0, 0, 0, 0, 0, 0, 0, 5, 0, 0, 0, 0, 0, 0, 6, 2, 1, 4, 0, 0, 0, 0, 0, 0, 0, 7, 4, 1, 1, 5, 0, 0, 0, 0, 0, 0, 0]);
groupProcessDay = array1d(1..80, [22, 17, 12, 0, 0, 0, 0, 0, 0, 0, 0, 0, 0, 0, 19, 24, 0, 0, 0, 0, 0, 0, 16, 21, 26, 27, 28, 4, 17, 0, 0, 0, 0, 0, 0, 0, 0, 0, 0, 0, 18, 24, 24, 0, 0, 0, 0, 0, 0, 0, 23, 0, 0, 0, 0, 0, 0, 25, 26, 21, 24, 0, 0, 0, 0, 0, 0, 0, 20, 26, 29, 11, 24, 0, 0, 0, 0, 0, 0, 0]);
itemProcessDay = array1d(1..80, [16, 23, 20, 16, 22, 16, 16, 20, 19, 23, 19, 16, 16, 16, 18, 20, 23, 20, 19, 18, 18, 23, 21, 22, 22, 22, 18, 18, 18, 21, 21, 25, 18, 25, 22, 4, 24, 20, 19, 25, 20, 23, 22, 20, 17, 22, 26, 19, 26, 19, 24, 23, 25, 29, 25, 27, 17, 11, 17, 25, 25, 26, 21, 21, 17, 17, 19, 21, 23, 24, 21, 28, 24, 24, 26, 12, 24, 17, 24, 17]);
objective = 2325;
----------
assignedGroup = array1d(1..80, [23, 51, 69, 23, 1, 23, 23, 69, 15, 51, 15, 23, 23, 23, 41, 69, 51, 69, 15, 41, 41, 51, 24, 1, 1, 1, 41, 41, 41, 24, 24, 58, 41, 58, 1, 28, 42, 69, 15, 58, 69, 51, 1, 69, 29, 1, 25, 15, 70, 15, 43, 51, 58, 71, 58, 26, 2, 72, 2, 58, 58, 59, 24, 30, 2, 2, 15, 60, 51, 16, 30, 27, 61, 42, 70, 3, 73, 2, 61, 2]);
groupFacility = array1d(1..80, [1, 1, 1, 0, 0, 0, 0, 0, 0, 0, 0, 0, 0, 0, 2, 2, 0, 0, 0, 0, 0, 0, 3, 3, 1, 1, 1, 1, 2, 2, 0, 0, 0, 0, 0, 0, 0, 0, 0, 0, 4, 1, 3, 0, 0, 0, 0, 0, 0, 0, 5, 0, 0, 0, 0, 0, 0, 6, 2, 1, 4, 0, 0, 0, 0, 0, 0, 0, 7, 4, 1, 1, 5, 0, 0, 0, 0, 0, 0, 0]);
groupProcessDay = array1d(1..80, [21, 17, 12, 0, 0, 0, 0, 0, 0, 0, 0, 0, 0, 0, 19, 24, 0, 0, 0, 0, 0, 0, 16, 20, 26, 27, 28, 4, 17, 26, 0, 0, 0, 0, 0, 0, 0, 0, 0, 0, 18, 24, 24, 0, 0, 0, 0, 0, 0, 0, 23, 0, 0, 0, 0, 0, 0, 25, 27, 20, 20, 0, 0, 0, 0, 0, 0, 0, 22, 24, 29, 11, 24, 0, 0, 0, 0, 0, 0, 0]);
itemProcessDay = array1d(1..80, [16, 23, 22, 16, 21, 16, 16, 22, 19, 23, 19, 16, 16, 16, 18, 22, 23, 22, 19, 18, 18, 23, 20, 21, 21, 21, 18, 18, 18, 20, 20, 25, 18, 25, 21, 4, 24, 22, 19, 25, 22, 23, 21, 22, 17, 21, 26, 19, 24, 19, 24, 23, 25, 29, 25, 27, 17, 11, 17, 25, 25, 27, 20, 26, 17, 17, 19, 20, 23, 24, 26, 28, 20, 24, 24, 12, 24, 17, 20, 17]);
objective = 2226;
----------
assignedGroup = array1d(1..80, [23, 51, 69, 23, 1, 23, 23, 69, 15, 51, 15, 23, 23, 23, 41, 69, 51, 69, 15, 41, 41, 51, 24, 1, 1, 1, 41, 41, 41, 24, 24, 58, 41, 58, 1, 28, 42, 69, 15, 58, 69, 51, 1, 69, 29, 1, 25, 15, 70, 15, 43, 51, 58, 71, 58, 26, 2, 72, 2, 58, 58, 59, 24, 30, 2, 2, 15, 60, 51, 16, 30, 27, 61, 42, 70, 3, 73, 2, 61, 2]);
groupFacility = array1d(1..80, [1, 1, 1, 0, 0, 0, 0, 0, 0, 0, 0, 0, 0, 0, 2, 2, 0, 0, 0, 0, 0, 0, 3, 3, 1, 1, 1, 1, 2, 2, 0, 0, 0, 0, 0, 0, 0, 0, 0, 0, 4, 1, 3, 0, 0, 0, 0, 0, 0, 0, 5, 0, 0, 0, 0, 0, 0, 6, 2, 1, 4, 0, 0, 0, 0, 0, 0, 0, 7, 4, 1, 1, 5, 0, 0, 0, 0, 0, 0, 0]);
groupProcessDay = array1d(1..80, [22, 17, 12, 0, 0, 0, 0, 0, 0, 0, 0, 0, 0, 0, 19, 24, 0, 0, 0, 0, 0, 0, 16, 20, 26, 27, 28, 4, 17, 26, 0, 0, 0, 0, 0, 0, 0, 0, 0, 0, 18, 24, 24, 0, 0, 0, 0, 0, 0, 0, 23, 0, 0, 0, 0, 0, 0, 25, 27, 20, 20, 0, 0, 0, 0, 0, 0, 0, 21, 24, 29, 11, 24, 0, 0, 0, 0, 0, 0, 0]);
itemProcessDay = array1d(1..80, [16, 23, 21, 16, 22, 16, 16, 21, 19, 23, 19, 16, 16, 16, 18, 21, 23, 21, 19, 18, 18, 23, 20, 22, 22, 22, 18, 18, 18, 20, 20, 25, 18, 25, 22, 4, 24, 21, 19, 25, 21, 23, 22, 21, 17, 22, 26, 19, 24, 19, 24, 23, 25, 29, 25, 27, 17, 11, 17, 25, 25, 27, 20, 26, 17, 17, 19, 20, 23, 24, 26, 28, 20, 24, 24, 12, 24, 17, 20, 17]);
objective = 2126;
----------
assignedGroup = array1d(1..80, [23, 51, 69, 23, 1, 23, 23, 69, 15, 51, 15, 23, 23, 23, 41, 69, 51, 69, 15, 41, 41, 51, 24, 1, 1, 1, 41, 41, 41, 24, 24, 58, 41, 58, 1, 26, 42, 69, 15, 58, 69, 51, 1, 69, 28, 1, 25, 15, 70, 15, 43, 51, 58, 71, 58, 25, 2, 72, 2, 58, 58, 59, 24, 29, 2, 2, 15, 60, 51, 16, 29, 27, 61, 42, 70, 3, 73, 2, 61, 2]);
groupFacility = array1d(1..80, [1, 1, 1, 0, 0, 0, 0, 0, 0, 0, 0, 0, 0, 0, 2, 2, 0, 0, 0, 0, 0, 0, 3, 3, 1, 1, 1, 2, 2, 0, 0, 0, 0, 0, 0, 0, 0, 0, 0, 0, 4, 1, 3, 0, 0, 0, 0, 0, 0, 0, 5, 0, 0, 0, 0, 0, 0, 6, 2, 1, 4, 0, 0, 0, 0, 0, 0, 0, 7, 4, 1, 1, 5, 0, 0, 0, 0, 0, 0, 0]);
groupProcessDay = array1d(1..80, [22, 17, 12, 0, 0, 0, 0, 0, 0, 0, 0, 0, 0, 0, 19, 24, 0, 0, 0, 0, 0, 0, 16, 20, 26, 4, 27, 17, 26, 0, 0, 0, 0, 0, 0, 0, 0, 0, 0, 0, 18, 24, 24, 0, 0, 0, 0, 0, 0, 0, 23, 0, 0, 0, 0, 0, 0, 25, 27, 20, 20, 0, 0, 0, 0, 0, 0, 0, 21, 24, 28, 11, 24, 0, 0, 0, 0, 0, 0, 0]);
itemProcessDay = array1d(1..80, [16, 23, 21, 16, 22, 16, 16, 21, 19, 23, 19, 16, 16, 16, 18, 21, 23, 21, 19, 18, 18, 23, 20, 22, 22, 22, 18, 18, 18, 20, 20, 25, 18, 25, 22, 4, 24, 21, 19, 25, 21, 23, 22, 21, 17, 22, 26, 19, 24, 19, 24, 23, 25, 28, 25, 26, 17, 11, 17, 25, 25, 27, 20, 26, 17, 17, 19, 20, 23, 24, 26, 27, 20, 24, 24, 12, 24, 17, 20, 17]);
objective = 2125;
----------
assignedGroup = array1d(1..80, [23, 51, 69, 23, 1, 23, 23, 69, 15, 51, 15, 23, 23, 23, 41, 69, 51, 69, 15, 41, 41, 51, 24, 1, 1, 1, 41, 41, 41, 24, 24, 58, 41, 58, 1, 26, 42, 69, 15, 58, 69, 51, 1, 69, 27, 1, 25, 15, 70, 15, 43, 51, 58, 71, 58, 25, 2, 72, 2, 58, 58, 59, 24, 28, 2, 2, 15, 60, 51, 16, 28, 25, 61, 42, 70, 3, 73, 2, 61, 2]);
groupFacility = array1d(1..80, [1, 1, 1, 0, 0, 0, 0, 0, 0, 0, 0, 0, 0, 0, 2, 2, 0, 0, 0, 0, 0, 0, 3, 3, 1, 1, 2, 2, 0, 0, 0, 0, 0, 0, 0, 0, 0, 0, 0, 0, 4, 1, 3, 0, 0, 0, 0, 0, 0, 0, 5, 0, 0, 0, 0, 0, 0, 6, 2, 1, 4, 0, 0, 0, 0, 0, 0, 0, 7, 4, 1, 1, 5, 0, 0, 0, 0, 0, 0, 0]);
groupProcessDay = array1d(1..80, [22, 17, 12, 0, 0, 0, 0, 0, 0, 0, 0, 0, 0, 0, 19, 24, 0, 0, 0, 0, 0, 0, 16, 20, 26, 4, 17, 26, 0, 0, 0, 0, 0, 0, 0, 0, 0, 0, 0, 0, 18, 24, 24, 0, 0, 0, 0, 0, 0, 0, 23, 0, 0, 0, 0, 0, 0, 25, 27, 20, 20, 0, 0, 0, 0, 0, 0, 0, 21, 24, 27, 11, 24, 0, 0, 0, 0, 0, 0, 0]);
itemProcessDay = array1d(1..80, [16, 23, 21, 16, 22, 16, 16, 21, 19, 23, 19, 16, 16, 16, 18, 21, 23, 21, 19, 18, 18, 23, 20, 22, 22, 22, 18, 18, 18, 20, 20, 25, 18, 25, 22, 4, 24, 21, 19, 25, 21, 23, 22, 21, 17, 22, 26, 19, 24, 19, 24, 23, 25, 27, 25, 26, 17, 11, 17, 25, 25, 27, 20, 26, 17, 17, 19, 20, 23, 24, 26, 26, 20, 24, 24, 12, 24, 17, 20, 17]);
objective = 2124;
----------
assignedGroup = array1d(1..80, [23, 51, 69, 23, 1, 23, 23, 69, 15, 51, 15, 23, 23, 23, 41, 69, 51, 69, 15, 41, 41, 51, 24, 1, 1, 1, 41, 41, 41, 24, 27, 58, 41, 58, 1, 25, 42, 69, 15, 58, 69, 51, 1, 69, 26, 1, 27, 15, 70, 15, 43, 51, 58, 71, 58, 27, 2, 72, 2, 58, 58, 59, 24, 27, 2, 2, 15, 60, 51, 16, 27, 24, 61, 42, 70, 3, 73, 2, 61, 2]);
groupFacility = array1d(1..80, [1, 1, 1, 0, 0, 0, 0, 0, 0, 0, 0, 0, 0, 0, 2, 2, 0, 0, 0, 0, 0, 0, 3, 3, 1, 2, 2, 0, 0, 0, 0, 0, 0, 0, 0, 0, 0, 0, 0, 0, 4, 1, 3, 0, 0, 0, 0, 0, 0, 0, 5, 0, 0, 0, 0, 0, 0, 6, 2, 1, 4, 0, 0, 0, 0, 0, 0, 0, 7, 4, 1, 1, 5, 0, 0, 0, 0, 0, 0, 0]);
groupProcessDay = array1d(1..80, [22, 17, 12, 0, 0, 0, 0, 0, 0, 0, 0, 0, 0, 0, 19, 24, 0, 0, 0, 0, 0, 0, 16, 20, 4, 17, 26, 0, 0, 0, 0, 0, 0, 0, 0, 0, 0, 0, 0, 0, 18, 24, 24, 0, 0, 0, 0, 0, 0, 0, 23, 0, 0, 0, 0, 0, 0, 25, 27, 20, 20, 0, 0, 0, 0, 0, 0, 0, 21, 24, 26, 11, 24, 0, 0, 0, 0, 0, 0, 0]);
itemProcessDay = array1d(1..80, [16, 23, 21, 16, 22, 16, 16, 21, 19, 23, 19, 16, 16, 16, 18, 21, 23, 21, 19, 18, 18, 23, 20, 22, 22, 22, 18, 18, 18, 20, 26, 25, 18, 25, 22, 4, 24, 21, 19, 25, 21, 23, 22, 21, 17, 22, 26, 19, 24, 19, 24, 23, 25, 26, 25, 26, 17, 11, 17, 25, 25, 27, 20, 26, 17, 17, 19, 20, 23, 24, 26, 20, 20, 24, 24, 12, 24, 17, 20, 17]);
objective = 2123;
----------
assignedGroup = array1d(1..80, [23, 51, 69, 23, 1, 23, 23, 69, 15, 51, 15, 23, 23, 23, 41, 69, 51, 69, 15, 41, 41, 51, 24, 1, 1, 1, 41, 41, 41, 24, 24, 58, 41, 58, 1, 25, 42, 69, 15, 58, 69, 51, 1, 69, 29, 1, 27, 15, 70, 15, 43, 51, 58, 71, 58, 28, 2, 72, 2, 58, 58, 59, 29, 24, 2, 2, 15, 60, 51, 16, 30, 26, 61, 42, 70, 4, 73, 2, 61, 3]);
groupFacility = array1d(1..80, [1, 1, 1, 1, 0, 0, 0, 0, 0, 0, 0, 0, 0, 0, 2, 2, 0, 0, 0, 0, 0, 0, 3, 3, 1, 1, 1, 1, 2, 2, 0, 0, 0, 0, 0, 0, 0, 0, 0, 0, 4, 1, 3, 0, 0, 0, 0, 0, 0, 0, 5, 0, 0, 0, 0, 0, 0, 6, 2, 1, 4, 0, 0, 0, 0, 0, 0, 0, 7, 4, 1, 1, 5, 0, 0, 0, 0, 0, 0, 0]);
groupProcessDay = array1d(1..80, [21, 17, 24, 12, 0, 0, 0, 0, 0, 0, 0, 0, 0, 0, 19, 24, 0, 0, 0, 0, 0, 0, 16, 22, 4, 27, 28, 29, 17, 25, 0, 0, 0, 0, 0, 0, 0, 0, 0, 0, 18, 25, 24, 0, 0, 0, 0, 0, 0, 0, 23, 0, 0, 0, 0, 0, 0, 26, 27, 22, 22, 0, 0, 0, 0, 0, 0, 0, 20, 24, 30, 11, 24, 0, 0, 0, 0, 0, 0, 0]);
itemProcessDay = array1d(1..80, [16, 23, 20, 16, 21, 16, 16, 20, 19, 23, 19, 16, 16, 16, 18, 20, 23, 20, 19, 18, 18, 23, 22, 21, 21, 21, 18, 18, 18, 22, 22, 26, 18, 26, 21, 4, 25, 20, 19, 26, 20, 23, 21, 20, 17, 21, 28, 19, 24, 19, 24, 23, 26, 30, 26, 29, 17, 11, 17, 26, 26, 27, 17, 22, 17, 17, 19, 22, 23, 24, 25, 27, 22, 25, 24, 12, 24, 17, 22, 24]);
objective = 2027;
----------
assignedGroup = array1d(1..80, [23, 51, 69, 23, 1, 23, 23, 69, 15, 51, 15, 23, 23, 23, 41, 69, 51, 69, 15, 41, 41, 51, 24, 1, 1, 1, 41, 41, 41, 24, 24, 58, 41, 58, 1, 25, 42, 69, 15, 58, 69, 51, 1, 69, 28, 1, 24, 15, 70, 15, 43, 51, 58, 71, 58, 26, 2, 72, 2, 58, 58, 59, 28, 29, 2, 2, 15, 60, 51, 16, 29, 27, 61, 42, 70, 4, 73, 2, 61, 3]);
groupFacility = array1d(1..80, [1, 1, 1, 1, 0, 0, 0, 0, 0, 0, 0, 0, 0, 0, 2, 2, 0, 0, 0, 0, 0, 0, 3, 3, 1, 1, 1, 2, 2, 0, 0, 0, 0, 0, 0, 0, 0, 0, 0, 0, 4, 1, 3, 0, 0, 0, 0, 0, 0, 0, 5, 0, 0, 0, 0, 0, 0, 6, 2, 1, 4, 0, 0, 0, 0, 0, 0, 0, 7, 4, 1, 1, 5, 0, 0, 0, 0, 0, 0, 0]);
groupProcessDay = array1d(1..80, [21, 17, 24, 12, 0, 0, 0, 0, 0, 0, 0, 0, 0, 0, 19, 24, 0, 0, 0, 0, 0, 0, 16, 22, 4, 27, 28, 17, 25, 0, 0, 0, 0, 0, 0, 0, 0, 0, 0, 0, 18, 25, 24, 0, 0, 0, 0, 0, 0, 0, 23, 0, 0, 0, 0, 0, 0, 26, 27, 22, 22, 0, 0, 0, 0, 0, 0, 0, 20, 24, 29, 11, 24, 0, 0, 0, 0, 0, 0, 0]);
itemProcessDay = array1d(1..80, [16, 23, 20, 16, 21, 16, 16, 20, 19, 23, 19, 16, 16, 16, 18, 20, 23, 20, 19, 18, 18, 23, 22, 21, 21, 21, 18, 18, 18, 22, 22, 26, 18, 26, 21, 4, 25, 20, 19, 26, 20, 23, 21, 20, 17, 21, 22, 19, 24, 19, 24, 23, 26, 29, 26, 27, 17, 11, 17, 26, 26, 27, 17, 25, 17, 17, 19, 22, 23, 24, 25, 28, 22, 25, 24, 12, 24, 17, 22, 24]);
objective = 2026;
----------
assignedGroup = array1d(1..80, [23, 51, 69, 23, 1, 23, 23, 69, 15, 51, 15, 23, 23, 23, 41, 69, 51, 69, 15, 41, 41, 51, 24, 1, 1, 1, 41, 41, 41, 24, 24, 58, 41, 58, 1, 25, 42, 69, 15, 58, 69, 51, 1, 69, 27, 1, 24, 15, 70, 15, 43, 51, 58, 71, 58, 26, 2, 72, 2, 58, 58, 59, 27, 28, 2, 2, 15, 60, 51, 16, 28, 26, 61, 42, 70, 4, 73, 2, 61, 3]);
groupFacility = array1d(1..80, [1, 1, 1, 1, 0, 0, 0, 0, 0, 0, 0, 0, 0, 0, 2, 2, 0, 0, 0, 0, 0, 0, 3, 3, 1, 1, 2, 2, 0, 0, 0, 0, 0, 0, 0, 0, 0, 0, 0, 0, 4, 1, 3, 0, 0, 0, 0, 0, 0, 0, 5, 0, 0, 0, 0, 0, 0, 6, 2, 1, 4, 0, 0, 0, 0, 0, 0, 0, 7, 4, 1, 1, 5, 0, 0, 0, 0, 0, 0, 0]);
groupProcessDay = array1d(1..80, [21, 17, 24, 12, 0, 0, 0, 0, 0, 0, 0, 0, 0, 0, 19, 24, 0, 0, 0, 0, 0, 0, 16, 22, 4, 27, 17, 25, 0, 0, 0, 0, 0, 0, 0, 0, 0, 0, 0, 0, 18, 25, 24, 0, 0, 0, 0, 0, 0, 0, 23, 0, 0, 0, 0, 0, 0, 26, 27, 22, 22, 0, 0, 0, 0, 0, 0, 0, 20, 24, 28, 11, 24, 0, 0, 0, 0, 0, 0, 0]);
itemProcessDay = array1d(1..80, [16, 23, 20, 16, 21, 16, 16, 20, 19, 23, 19, 16, 16, 16, 18, 20, 23, 20, 19, 18, 18, 23, 22, 21, 21, 21, 18, 18, 18, 22, 22, 26, 18, 26, 21, 4, 25, 20, 19, 26, 20, 23, 21, 20, 17, 21, 22, 19, 24, 19, 24, 23, 26, 28, 26, 27, 17, 11, 17, 26, 26, 27, 17, 25, 17, 17, 19, 22, 23, 24, 25, 27, 22, 25, 24, 12, 24, 17, 22, 24]);
objective = 2025;
----------
assignedGroup = array1d(1..80, [23, 51, 69, 23, 1, 23, 23, 69, 15, 51, 15, 23, 23, 23, 41, 69, 51, 69, 15, 41, 41, 51, 24, 1, 1, 1, 41, 41, 41, 24, 24, 58, 41, 58, 1, 25, 42, 69, 15, 58, 69, 51, 1, 69, 26, 1, 27, 15, 70, 15, 43, 51, 58, 71, 58, 27, 2, 72, 2, 58, 58, 59, 26, 27, 2, 2, 15, 60, 51, 16, 27, 24, 61, 42, 70, 4, 73, 2, 61, 3]);
groupFacility = array1d(1..80, [1, 1, 1, 1, 0, 0, 0, 0, 0, 0, 0, 0, 0, 0, 2, 2, 0, 0, 0, 0, 0, 0, 3, 3, 1, 2, 2, 0, 0, 0, 0, 0, 0, 0, 0, 0, 0, 0, 0, 0, 4, 1, 3, 0, 0, 0, 0, 0, 0, 0, 5, 0, 0, 0, 0, 0, 0, 6, 2, 1, 4, 0, 0, 0, 0, 0, 0, 0, 7, 4, 1, 1, 5, 0, 0, 0, 0, 0, 0, 0]);
groupProcessDay = array1d(1..80, [21, 17, 24, 12, 0, 0, 0, 0, 0, 0, 0, 0, 0, 0, 19, 24, 0, 0, 0, 0, 0, 0, 16, 22, 4, 17, 25, 0, 0, 0, 0, 0, 0, 0, 0, 0, 0, 0, 0, 0, 18, 25, 24, 0, 0, 0, 0, 0, 0, 0, 23, 0, 0, 0, 0, 0, 0, 26, 27, 22, 22, 0, 0, 0, 0, 0, 0, 0, 20, 24, 27, 11, 24, 0, 0, 0, 0, 0, 0, 0]);
itemProcessDay = array1d(1..80, [16, 23, 20, 16, 21, 16, 16, 20, 19, 23, 19, 16, 16, 16, 18, 20, 23, 20, 19, 18, 18, 23, 22, 21, 21, 21, 18, 18, 18, 22, 22, 26, 18, 26, 21, 4, 25, 20, 19, 26, 20, 23, 21, 20, 17, 21, 25, 19, 24, 19, 24, 23, 26, 27, 26, 25, 17, 11, 17, 26, 26, 27, 17, 25, 17, 17, 19, 22, 23, 24, 25, 22, 22, 25, 24, 12, 24, 17, 22, 24]);
objective = 2024;
----------
assignedGroup = array1d(1..80, [23, 51, 69, 23, 1, 23, 23, 69, 15, 51, 15, 23, 23, 23, 41, 69, 51, 69, 15, 41, 41, 51, 24, 1, 1, 1, 41, 41, 41, 24, 26, 58, 41, 58, 1, 25, 42, 69, 15, 58, 69, 51, 1, 69, 24, 1, 26, 15, 70, 15, 43, 51, 58, 71, 58, 26, 2, 72, 2, 58, 58, 59, 24, 26, 2, 3, 15, 60, 51, 16, 26, 26, 61, 42, 70, 4, 73, 3, 61, 3]);
groupFacility = array1d(1..80, [1, 1, 1, 1, 0, 0, 0, 0, 0, 0, 0, 0, 0, 0, 2, 2, 0, 0, 0, 0, 0, 0, 3, 3, 1, 3, 0, 0, 0, 0, 0, 0, 0, 0, 0, 0, 0, 0, 0, 0, 4, 1, 3, 0, 0, 0, 0, 0, 0, 0, 5, 0, 0, 0, 0, 0, 0, 6, 2, 1, 4, 0, 0, 0, 0, 0, 0, 0, 7, 4, 1, 1, 5, 0, 0, 0, 0, 0, 0, 0]);
groupProcessDay = array1d(1..80, [21, 17, 24, 12, 0, 0, 0, 0, 0, 0, 0, 0, 0, 0, 19, 22, 0, 0, 0, 0, 0, 0, 16, 17, 4, 25, 0, 0, 0, 0, 0, 0, 0, 0, 0, 0, 0, 0, 0, 0, 18, 26, 22, 0, 0, 0, 0, 0, 0, 0, 23, 0, 0, 0, 0, 0, 0, 27, 24, 22, 22, 0, 0, 0, 0, 0, 0, 0, 20, 24, 25, 11, 22, 0, 0, 0, 0, 0, 0, 0]);
itemProcessDay = array1d(1..80, [16, 23, 20, 16, 21, 16, 16, 20, 19, 23, 19, 16, 16, 16, 18, 20, 23, 20, 19, 18, 18, 23, 17, 21, 21, 21, 18, 18, 18, 17, 25, 27, 18, 27, 21, 4, 26, 20, 19, 27, 20, 23, 21, 20, 17, 21, 25, 19, 24, 19, 22, 23, 27, 25, 27, 25, 17, 11, 17, 27, 27, 24, 17, 25, 17, 24, 19, 22, 23, 22, 25, 25, 22, 26, 24, 12, 22, 24, 22, 24]);
objective = 2023;
----------
