mznc2018_probs/cargo/challenge24.dzn
dT__ = array1d(1..20, [10, 11, 11, 11, 12, 9, 10, 10, 6, 5, 6, 8, 4, 6, 9, 7, 6, 7, 8, 7]);
h__ = array1d(1..20, [0, 40, 303, 568, 836, 1104, 1393, 1495, 0, 216, 400, 1104, 627, 1350, 919, 1624, 0, 1740, 171, 265]);
objective = 8568;
tR = array1d(1..20, [15519, 15691, 16282, 16822, 17974, 17419, 18659, 19472, 24480, 24830, 25920, 28800, 27360, 28800, 32092, 33224, 33533, 34268, 36000, 36406]);
tS__ = array1d(1..20, [1, 1, 2, 2, 2, 4, 4, 5, 12, 13, 13, 13, 16, 15, 14, 17, 18, 17, 18, 19]);
----------
dT__ = array1d(1..20, [10, 11, 11, 11, 12, 8, 17, 11, 11, 5, 6, 8, 5, 6, 9, 6, 6, 6, 8, 8]);
h__ = array1d(1..20, [0, 40, 303, 568, 836, 0, 1104, 1206, 1471, 289, 473, 700, 1206, 1498, 946, 289, 405, 576, 0, 94]);
objective = 7898;
tR = array1d(1..20, [15519, 15691, 16282, 16822, 17974, 27360, 28600, 19472, 22370, 24830, 25920, 30240, 30127, 31680, 32092, 33224, 34560, 35295, 38880, 39286]);
tS__ = array1d(1..20, [1, 1, 2, 2, 2, 12, 4, 4, 6, 13, 13, 14, 17, 17, 14, 18, 19, 19, 20, 20]);
----------
dT__ = array1d(1..20, [10, 11, 11, 11, 12, 8, 17, 11, 11, 4, 6, 8, 5, 6, 9, 6, 6, 7, 8, 8]);
h__ = array1d(1..20, [0, 40, 303, 568, 836, 0, 1104, 1206, 1471, 762, 289, 516, 1206, 1498, 946, 762, 289, 878, 0, 94]);
objective = 6458;
tR = array1d(1..20, [15519, 15691, 16282, 16822, 17974, 27360, 28600, 19472, 22370, 24830, 25920, 28800, 30127, 31680, 32092, 33224, 34560, 35295, 38880, 39286]);
tS__ = array1d(1..20, [1, 1, 2, 2, 2, 12, 4, 4, 6, 14, 13, 13, 17, 17, 14, 18, 19, 18, 20, 20]);
----------
dT__ = array1d(1..20, [10, 11, 11, 11, 12, 8, 17, 11, 6, 4, 6, 10, 5, 6, 6, 6, 6, 11, 8, 8]);
h__ = array1d(1..20, [0, 40, 303, 568, 836, 0, 1104, 1206, 289, 732, 505, 1471, 732, 1206, 1480, 1609, 289, 1024, 460, 554]);
objective = 6010;
tR = array1d(1..20, [15519, 15691, 16282, 16822, 17974, 27360, 28600, 19472, 25920, 24830, 25920, 24802, 31567, 33120, 33120, 33673, 34560, 35295, 37440, 37846]);
tS__ = array1d(1..20, [1, 1, 2, 2, 2, 12, 4, 4, 13, 14, 13, 8, 18, 18, 18, 18, 19, 14, 19, 19]);
----------
