mznc2017_probs/hrc/exp1-1-945.dzn
coup_pos = array1d(1..11, [3, 11, 1, 3, 2, 1, 1, 5, 3, 1, 1]);
objective = 12;
single_pos = array1d(23..110, [2, 1, 1, 2, 2, 1, 1, 1, 1, 3, 1, 2, 1, 1, 2, 1, 1, 1, 2, 2, 1, 2, 1, 3, 1, 1, 3, 2, 1, 2, 2, 1, 1, 1, 1, 1, 3, 1, 5, 1, 1, 1, 1, 1, 1, 1, 1, 2, 2, 1, 1, 1, 1, 1, 1, 1, 2, 1, 1, 1, 1, 3, 1, 1, 1, 2, 1, 1, 2, 1, 3, 1, 1, 1, 1, 2, 1, 2, 1, 1, 1, 1, 1, 1, 1, 1, 2, 1]);
----------
coup_pos = array1d(1..11, [3, 11, 1, 3, 2, 1, 1, 5, 3, 1, 1]);
objective = 11;
single_pos = array1d(23..110, [2, 1, 1, 2, 2, 1, 1, 1, 1, 3, 1, 2, 1, 1, 2, 1, 1, 1, 2, 2, 1, 2, 1, 3, 1, 1, 3, 2, 1, 2, 2, 1, 1, 1, 1, 1, 3, 1, 2, 1, 1, 1, 2, 1, 1, 1, 1, 2, 2, 1, 1, 1, 1, 1, 1, 1, 2, 1, 1, 1, 1, 3, 1, 1, 1, 2, 1, 1, 2, 1, 3, 1, 1, 1, 1, 2, 1, 2, 2, 1, 1, 1, 1, 1, 1, 1, 2, 1]);
----------
==========
