mznc2018_probs/seat-moving/sm-10-12-00.dzn
cost = 18;
objective = 738;
seat = array2d(1..9, 1..12, [8, 4, 0, 6, 0, 2, 1, 3, 5, 7, 9, 10, 8, 4, 1, 6, 2, 0, 0, 3, 5, 7, 9, 10, 8, 4, 1, 6, 2, 3, 5, 0, 0, 7, 9, 10, 8, 4, 1, 6, 2, 3, 5, 7, 9, 0, 0, 10, 8, 4, 1, 6, 2, 3, 5, 7, 9, 10, 0, 0, 0, 4, 1, 6, 2, 3, 5, 7, 9, 10, 8, 0, 1, 4, 0, 0, 2, 3, 5, 7, 9, 10, 8, 6, 1, 4, 6, 8, 2, 3, 7, 5, 9, 10, 0, 0, 0, 4, 6, 8, 0, 7, 3, 5, 9, 10, 1, 2]);
step = 8;
----------
cost = 17;
objective = 737;
seat = array2d(1..9, 1..12, [8, 4, 0, 6, 0, 2, 1, 3, 5, 7, 9, 10, 8, 4, 1, 6, 2, 0, 0, 3, 5, 7, 9, 10, 8, 4, 1, 6, 2, 3, 5, 0, 0, 7, 9, 10, 8, 4, 1, 6, 2, 3, 5, 7, 9, 0, 0, 10, 0, 4, 1, 6, 2, 3, 5, 7, 9, 10, 8, 0, 1, 4, 0, 6, 2, 3, 5, 7, 9, 10, 8, 0, 1, 4, 6, 0, 2, 3, 5, 7, 9, 10, 8, 0, 1, 4, 6, 8, 2, 3, 7, 5, 9, 10, 0, 0, 0, 4, 6, 8, 0, 7, 3, 5, 9, 10, 1, 2]);
step = 8;
----------
cost = 16;
objective = 736;
seat = array2d(1..9, 1..12, [8, 4, 0, 6, 0, 2, 1, 3, 5, 7, 9, 10, 8, 4, 6, 0, 10, 2, 1, 3, 5, 7, 9, 0, 8, 4, 6, 1, 10, 2, 0, 3, 5, 7, 9, 0, 8, 4, 6, 1, 10, 2, 3, 0, 5, 7, 9, 0, 8, 4, 6, 1, 10, 2, 3, 5, 0, 7, 9, 0, 8, 4, 6, 1, 10, 2, 3, 5, 9, 7, 0, 0, 8, 4, 6, 1, 10, 2, 3, 5, 9, 7, 0, 0, 8, 4, 6, 0, 10, 2, 3, 9, 5, 0, 1, 7, 0, 4, 6, 8, 0, 7, 3, 5, 9, 10, 1, 2]);
step = 8;
----------
cost = 24;
objective = 654;
seat = array2d(1..9, 1..12, [8, 4, 0, 6, 0, 2, 1, 3, 5, 7, 9, 10, 8, 4, 1, 6, 2, 0, 0, 3, 5, 7, 9, 10, 8, 4, 1, 6, 3, 5, 10, 2, 0, 7, 9, 0, 8, 4, 1, 6, 3, 2, 10, 5, 7, 0, 9, 0, 8, 4, 1, 6, 2, 3, 10, 5, 7, 9, 0, 0, 8, 4, 0, 6, 2, 3, 10, 5, 7, 0, 1, 9, 8, 4, 6, 0, 3, 2, 0, 5, 9, 10, 1, 7, 0, 4, 6, 8, 0, 7, 3, 5, 9, 10, 1, 2, 0, 4, 6, 8, 0, 7, 3, 5, 9, 10, 1, 2]);
step = 7;
----------
cost = 22;
objective = 652;
seat = array2d(1..9, 1..12, [8, 4, 0, 6, 0, 2, 1, 3, 5, 7, 9, 10, 8, 4, 1, 6, 2, 0, 0, 3, 5, 7, 9, 10, 8, 4, 1, 6, 3, 5, 10, 2, 0, 7, 9, 0, 0, 4, 1, 6, 0, 2, 10, 5, 3, 7, 9, 8, 6, 4, 1, 0, 10, 2, 0, 5, 9, 7, 3, 8, 6, 4, 1, 8, 10, 2, 3, 5, 9, 7, 0, 0, 6, 4, 0, 8, 10, 2, 3, 5, 9, 0, 1, 7, 0, 4, 6, 8, 0, 7, 3, 5, 9, 10, 1, 2, 0, 4, 6, 8, 0, 7, 3, 5, 9, 10, 1, 2]);
step = 7;
----------
cost = 21;
objective = 651;
seat = array2d(1..9, 1..12, [8, 4, 0, 6, 0, 2, 1, 3, 5, 7, 9, 10, 8, 4, 1, 6, 2, 0, 0, 3, 5, 7, 9, 10, 8, 4, 1, 6, 3, 5, 9, 2, 0, 7, 0, 10, 8, 4, 0, 6, 3, 2, 9, 5, 0, 7, 1, 10, 0, 4, 8, 6, 0, 2, 9, 5, 3, 7, 1, 10, 6, 4, 8, 0, 10, 2, 3, 5, 9, 7, 1, 0, 6, 4, 0, 8, 10, 2, 3, 5, 9, 0, 1, 7, 0, 4, 6, 8, 0, 7, 3, 5, 9, 10, 1, 2, 0, 4, 6, 8, 0, 7, 3, 5, 9, 10, 1, 2]);
step = 7;
----------
cost = 20;
objective = 650;
seat = array2d(1..9, 1..12, [8, 4, 0, 6, 0, 2, 1, 3, 5, 7, 9, 10, 8, 4, 1, 6, 2, 0, 0, 3, 5, 7, 9, 10, 8, 4, 1, 6, 3, 5, 9, 2, 0, 7, 0, 10, 8, 4, 0, 6, 3, 2, 0, 5, 9, 7, 1, 10, 0, 4, 8, 6, 0, 2, 3, 5, 9, 7, 1, 10, 6, 4, 8, 0, 10, 2, 3, 5, 9, 7, 1, 0, 6, 4, 0, 8, 10, 2, 3, 5, 9, 0, 1, 7, 0, 4, 6, 8, 0, 7, 3, 5, 9, 10, 1, 2, 0, 4, 6, 8, 0, 7, 3, 5, 9, 10, 1, 2]);
step = 7;
----------
cost = 19;
objective = 649;
seat = array2d(1..9, 1..12, [8, 4, 0, 6, 0, 2, 1, 3, 5, 7, 9, 10, 8, 4, 1, 6, 2, 0, 0, 3, 5, 7, 9, 10, 8, 4, 1, 6, 5, 9, 3, 0, 2, 7, 0, 10, 8, 4, 0, 6, 5, 2, 3, 0, 9, 7, 1, 10, 0, 4, 8, 6, 0, 2, 3, 5, 9, 7, 1, 10, 6, 4, 8, 0, 10, 2, 3, 5, 9, 7, 1, 0, 6, 4, 0, 8, 10, 2, 3, 5, 9, 0, 1, 7, 0, 4, 6, 8, 0, 7, 3, 5, 9, 10, 1, 2, 0, 4, 6, 8, 0, 7, 3, 5, 9, 10, 1, 2]);
step = 7;
----------
cost = 18;
objective = 648;
seat = array2d(1..9, 1..12, [8, 4, 0, 6, 0, 2, 1, 3, 5, 7, 9, 10, 8, 4, 1, 6, 2, 0, 0, 3, 5, 7, 9, 10, 0, 4, 1, 6, 9, 8, 3, 0, 5, 7, 2, 10, 6, 4, 1, 0, 9, 8, 3, 5, 0, 7, 2, 10, 6, 4, 1, 8, 0, 0, 3, 5, 9, 7, 2, 10, 6, 4, 1, 8, 10, 2, 3, 5, 9, 7, 0, 0, 6, 4, 0, 8, 10, 2, 3, 5, 9, 0, 1, 7, 0, 4, 6, 8, 0, 7, 3, 5, 9, 10, 1, 2, 0, 4, 6, 8, 0, 7, 3, 5, 9, 10, 1, 2]);
step = 7;
----------
