mznc2017_probs/traveling-tppv/circ8abal.dzn
objective = 98;
opponent = array2d(1..8, 1..7, [2, 3, 5, 4, 6, 7, 8, 1, 4, 6, 3, 5, 8, 7, 4, 1, 7, 2, 8, 5, 6, 3, 2, 8, 1, 7, 6, 5, 6, 7, 1, 8, 2, 3, 4, 5, 8, 2, 7, 1, 4, 3, 8, 5, 3, 6, 4, 1, 2, 7, 6, 4, 5, 3, 2, 1]);
travel = array2d(1..8, 1..8, [1, 1, 2, 3, 3, 0, 0, 0, 0, 0, 4, 4, 3, 3, 1, 3, 1, 1, 4, 3, 1, 0, 3, 3, 0, 2, 2, 4, 0, 2, 1, 1, 0, 2, 2, 1, 3, 2, 2, 0, 1, 1, 0, 1, 2, 3, 0, 0, 1, 1, 0, 0, 3, 3, 2, 0, 0, 2, 2, 0, 3, 3, 1, 1]);
venue = array2d(1..8, 1..7, [2, 2, 1, 2, 1, 1, 1, 1, 1, 2, 1, 2, 2, 2, 2, 1, 2, 2, 1, 1, 2, 1, 2, 2, 1, 1, 2, 2, 1, 2, 2, 2, 1, 2, 1, 2, 1, 1, 2, 2, 1, 1, 2, 1, 1, 1, 2, 2, 1, 1, 2, 1, 1, 2, 1, 2]);
----------
objective = 94;
opponent = array2d(1..8, 1..7, [2, 3, 5, 4, 6, 7, 8, 1, 4, 6, 3, 5, 8, 7, 4, 1, 8, 2, 7, 6, 5, 3, 2, 7, 1, 8, 5, 6, 6, 7, 1, 8, 2, 4, 3, 5, 8, 2, 7, 1, 3, 4, 8, 5, 4, 6, 3, 1, 2, 7, 6, 3, 5, 4, 2, 1]);
travel = array2d(1..8, 1..8, [1, 1, 2, 3, 3, 0, 0, 0, 0, 0, 4, 4, 3, 3, 1, 3, 1, 1, 0, 1, 3, 1, 3, 0, 0, 2, 2, 0, 4, 3, 1, 2, 0, 2, 2, 1, 3, 0, 2, 2, 1, 1, 0, 1, 2, 3, 0, 0, 1, 1, 3, 3, 0, 2, 2, 0, 0, 2, 3, 3, 0, 0, 1, 1]);
venue = array2d(1..8, 1..7, [2, 2, 1, 2, 1, 1, 1, 1, 1, 2, 1, 2, 2, 2, 2, 1, 1, 2, 2, 2, 1, 1, 2, 1, 1, 2, 2, 2, 1, 2, 2, 2, 1, 1, 2, 2, 1, 1, 2, 2, 1, 1, 2, 1, 2, 1, 1, 2, 1, 1, 2, 2, 1, 1, 1, 2]);
----------
objective = 92;
opponent = array2d(1..8, 1..7, [2, 3, 5, 4, 6, 7, 8, 1, 4, 6, 3, 8, 5, 7, 4, 1, 8, 2, 7, 6, 5, 3, 2, 7, 1, 5, 8, 6, 6, 7, 1, 8, 4, 2, 3, 5, 8, 2, 7, 1, 3, 4, 8, 5, 4, 6, 3, 1, 2, 7, 6, 3, 5, 2, 4, 1]);
travel = array2d(1..8, 1..8, [1, 1, 2, 3, 3, 0, 0, 0, 0, 0, 4, 4, 2, 3, 2, 3, 1, 1, 0, 1, 3, 1, 3, 0, 0, 2, 2, 0, 1, 3, 2, 2, 0, 2, 2, 1, 3, 0, 2, 2, 1, 1, 0, 1, 2, 3, 0, 0, 1, 1, 3, 3, 0, 2, 2, 0, 0, 2, 3, 3, 0, 0, 1, 1]);
venue = array2d(1..8, 1..7, [2, 2, 1, 2, 1, 1, 1, 1, 1, 2, 1, 2, 2, 2, 2, 1, 1, 2, 2, 2, 1, 1, 2, 1, 1, 2, 2, 2, 1, 2, 2, 2, 1, 1, 2, 2, 1, 1, 2, 2, 1, 1, 2, 1, 2, 1, 1, 2, 1, 1, 2, 2, 1, 1, 1, 2]);
----------
objective = 90;
opponent = array2d(1..8, 1..7, [2, 3, 5, 4, 6, 8, 7, 1, 4, 6, 7, 5, 3, 8, 4, 1, 7, 6, 8, 2, 5, 3, 2, 8, 1, 7, 5, 6, 6, 7, 1, 8, 2, 4, 3, 5, 8, 2, 3, 1, 7, 4, 8, 5, 3, 2, 4, 6, 1, 7, 6, 4, 5, 3, 1, 2]);
travel = array2d(1..8, 1..8, [1, 1, 2, 3, 3, 0, 0, 0, 0, 0, 4, 1, 2, 3, 2, 2, 1, 1, 4, 1, 3, 1, 1, 0, 0, 2, 2, 4, 0, 1, 1, 2, 0, 2, 2, 1, 3, 0, 2, 2, 1, 1, 0, 0, 3, 2, 1, 0, 1, 1, 0, 0, 3, 3, 2, 2, 0, 2, 2, 0, 3, 2, 1, 0]);
venue = array2d(1..8, 1..7, [2, 2, 1, 2, 1, 1, 1, 1, 1, 2, 2, 2, 1, 2, 2, 1, 2, 2, 1, 2, 1, 1, 2, 2, 1, 1, 2, 2, 1, 2, 2, 2, 1, 1, 2, 2, 1, 1, 1, 2, 2, 1, 2, 1, 1, 1, 2, 1, 2, 1, 2, 1, 1, 2, 2, 1]);
----------
objective = 88;
opponent = array2d(1..8, 1..7, [2, 3, 5, 4, 6, 8, 7, 1, 4, 7, 6, 5, 3, 8, 4, 1, 6, 7, 8, 2, 5, 3, 2, 8, 1, 7, 5, 6, 6, 7, 1, 8, 2, 4, 3, 5, 8, 3, 2, 1, 7, 4, 8, 5, 2, 3, 4, 6, 1, 7, 6, 4, 5, 3, 1, 2]);
travel = array2d(1..8, 1..8, [1, 1, 2, 3, 3, 0, 0, 0, 0, 0, 3, 1, 1, 3, 2, 2, 1, 1, 3, 1, 4, 1, 1, 0, 0, 2, 2, 4, 0, 1, 1, 2, 0, 2, 2, 1, 3, 0, 2, 2, 1, 1, 0, 0, 3, 2, 1, 0, 1, 1, 0, 0, 3, 3, 2, 2, 0, 2, 2, 0, 3, 2, 1, 0]);
venue = array2d(1..8, 1..7, [2, 2, 1, 2, 1, 1, 1, 1, 1, 2, 2, 2, 1, 2, 2, 1, 2, 2, 1, 2, 1, 1, 2, 2, 1, 1, 2, 2, 1, 2, 2, 2, 1, 1, 2, 2, 1, 1, 1, 2, 2, 1, 2, 1, 1, 1, 2, 1, 2, 1, 2, 1, 1, 2, 2, 1]);
----------
objective = 86;
opponent = array2d(1..8, 1..7, [2, 3, 5, 4, 7, 6, 8, 1, 7, 4, 8, 6, 5, 3, 5, 1, 7, 6, 4, 8, 2, 6, 8, 2, 1, 3, 7, 5, 3, 6, 1, 7, 8, 2, 4, 4, 5, 8, 3, 2, 1, 7, 8, 2, 3, 5, 1, 4, 6, 7, 4, 6, 2, 5, 3, 1]);
travel = array2d(1..8, 1..8, [1, 1, 2, 3, 3, 0, 0, 0, 0, 3, 3, 2, 2, 1, 3, 0, 0, 0, 4, 1, 2, 1, 1, 1, 2, 2, 2, 2, 0, 0, 1, 1, 2, 2, 4, 2, 1, 3, 0, 0, 0, 1, 1, 0, 0, 3, 2, 1, 1, 1, 0, 0, 2, 3, 3, 0, 0, 0, 2, 2, 0, 3, 2, 1]);
venue = array2d(1..8, 1..7, [2, 2, 1, 2, 1, 1, 1, 1, 2, 1, 2, 2, 2, 1, 1, 1, 2, 2, 2, 1, 2, 2, 2, 2, 1, 1, 1, 2, 2, 1, 2, 2, 2, 1, 1, 1, 2, 1, 1, 1, 2, 2, 2, 1, 1, 1, 2, 2, 1, 1, 1, 2, 1, 1, 2, 2]);
----------
objective = 84;
opponent = array2d(1..8, 1..7, [2, 3, 7, 4, 6, 5, 8, 1, 8, 6, 5, 4, 3, 7, 4, 1, 8, 6, 7, 2, 5, 3, 7, 5, 1, 2, 8, 6, 7, 6, 4, 2, 8, 1, 3, 8, 5, 2, 3, 1, 7, 4, 5, 4, 1, 8, 3, 6, 2, 6, 2, 3, 7, 5, 4, 1]);
travel = array2d(1..8, 1..8, [1, 1, 2, 3, 3, 0, 0, 0, 0, 2, 2, 1, 3, 0, 3, 3, 1, 1, 0, 3, 1, 3, 1, 0, 0, 0, 1, 1, 2, 2, 2, 2, 2, 2, 0, 0, 3, 1, 2, 2, 0, 1, 1, 0, 3, 2, 1, 0, 0, 3, 3, 1, 1, 0, 0, 0, 2, 2, 3, 3, 0, 0, 1, 1]);
venue = array2d(1..8, 1..7, [2, 2, 1, 2, 1, 1, 1, 1, 2, 2, 2, 1, 1, 2, 2, 1, 1, 2, 2, 2, 1, 1, 1, 2, 1, 2, 2, 2, 2, 1, 1, 1, 2, 2, 2, 1, 2, 1, 1, 2, 2, 1, 1, 2, 2, 2, 1, 1, 1, 2, 1, 2, 1, 1, 1, 2]);
----------
objective = 82;
opponent = array2d(1..8, 1..7, [2, 7, 8, 4, 3, 6, 5, 1, 5, 6, 7, 4, 3, 8, 5, 6, 7, 8, 1, 2, 4, 6, 8, 5, 1, 2, 7, 3, 3, 2, 4, 6, 7, 8, 1, 4, 3, 2, 5, 8, 1, 7, 8, 1, 3, 2, 5, 4, 6, 7, 4, 1, 3, 6, 5, 2]);
travel = array2d(1..8, 1..8, [1, 1, 0, 3, 1, 2, 0, 0, 0, 3, 1, 1, 3, 0, 2, 2, 0, 3, 1, 4, 0, 1, 2, 1, 2, 2, 3, 1, 2, 2, 0, 0, 2, 2, 0, 0, 2, 1, 1, 4, 0, 0, 0, 1, 1, 3, 2, 1, 1, 1, 2, 0, 0, 3, 3, 0, 0, 0, 1, 2, 3, 2, 0, 0]);
venue = array2d(1..8, 1..7, [2, 1, 1, 2, 2, 1, 1, 1, 2, 2, 2, 1, 1, 2, 1, 2, 2, 1, 1, 2, 2, 2, 2, 2, 1, 2, 1, 1, 2, 1, 1, 1, 2, 2, 2, 1, 1, 1, 2, 1, 2, 2, 2, 2, 1, 1, 1, 2, 1, 1, 1, 2, 2, 2, 1, 1]);
----------
==========
