mznc2018_probs/cargo/challenge22.dzn
dT__ = array1d(1..20, [11, 12, 13, 15, 16, 16, 16, 17, 17, 6, 6, 6, 6, 6, 7, 6, 6, 28, 8, 6]);
h__ = array1d(1..20, [0, 154, 312, 581, 779, 878, 1032, 1179, 1397, 0, 176, 421, 771, 1073, 1424, 0, 242, 1640, 393, 646]);
objective = 6133;
tR = array1d(1..20, [14189, 15462, 17624, 20735, 21526, 21878, 22067, 22586, 23385, 24480, 25920, 28800, 30038, 31680, 32921, 34560, 34560, 39827, 40320, 38880]);
tS__ = array1d(1..20, [0, 0, 0, 0, 0, 0, 0, 0, 0, 12, 13, 15, 16, 17, 17, 19, 19, 0, 21, 22]);
----------
dT__ = array1d(1..20, [11, 12, 13, 15, 16, 16, 16, 17, 6, 6, 17, 6, 6, 6, 7, 6, 6, 28, 8, 6]);
h__ = array1d(1..20, [0, 154, 312, 581, 779, 878, 1032, 1179, 0, 243, 1397, 419, 769, 1071, 1422, 0, 242, 1642, 393, 646]);
objective = 5236;
tR = array1d(1..20, [14189, 15462, 17624, 20735, 21526, 21878, 22067, 22586, 24759, 25920, 23583, 28800, 30038, 31680, 32921, 33120, 34560, 39827, 40320, 38880]);
tS__ = array1d(1..20, [0, 0, 0, 0, 0, 0, 0, 0, 12, 13, 0, 15, 16, 17, 17, 18, 19, 0, 21, 22]);
----------
