mznc2018_probs/proteindesign12/2PCY.18p.8aa.usingEref_self.dzn
objective = 3000;
ocosts1 = array1d(1..18, [31, 30, 32, 30, 31, 31, 31, 31, 31, 31, 30, 30, 31, 31, 31, 31, 29, 30]);
ocosts2 = array1d(1..153, [16, 16, 16, 16, 16, 16, 16, 16, 16, 16, 16, 16, 16, 16, 16, 16, 16, 16, 16, 16, 16, 16, 16, 16, 16, 16, 16, 16, 16, 16, 16, 16, 16, 16, 16, 16, 16, 16, 16, 16, 16, 16, 16, 16, 16, 16, 16, 16, 16, 16, 16, 16, 16, 16, 16, 16, 16, 16, 16, 16, 16, 16, 16, 16, 16, 16, 16, 16, 16, 16, 16, 16, 16, 16, 16, 16, 16, 16, 16, 16, 16, 16, 16, 16, 16, 16, 16, 16, 16, 16, 16, 16, 16, 16, 16, 16, 16, 16, 16, 16, 16, 16, 16, 16, 16, 16, 16, 16, 16, 16, 16, 16, 16, 16, 16, 16, 16, 16, 16, 16, 16, 16, 16, 16, 16, 16, 16, 16, 16, 16, 16, 16, 16, 16, 16, 16, 16, 16, 16, 16, 16, 16, 16, 16, 16, 16, 16, 16, 16, 16, 16, 16, 16]);
p = array1d(1..18, [0, 0, 0, 0, 0, 0, 0, 0, 0, 0, 0, 0, 0, 0, 0, 0, 0, 0]);
----------
objective = 2999;
ocosts1 = array1d(1..18, [31, 30, 32, 30, 31, 31, 31, 31, 30, 31, 30, 30, 31, 31, 31, 31, 29, 30]);
ocosts2 = array1d(1..153, [16, 16, 16, 16, 16, 16, 16, 16, 16, 16, 16, 16, 16, 16, 16, 16, 16, 16, 16, 16, 16, 16, 16, 16, 16, 16, 16, 16, 16, 16, 16, 16, 16, 16, 16, 16, 16, 16, 16, 16, 16, 16, 16, 16, 16, 16, 16, 16, 16, 16, 16, 16, 16, 16, 16, 16, 16, 16, 16, 16, 16, 16, 16, 16, 16, 16, 16, 16, 16, 16, 16, 16, 16, 16, 16, 16, 16, 16, 16, 16, 16, 16, 16, 16, 16, 16, 16, 16, 16, 16, 16, 16, 16, 16, 16, 16, 16, 16, 16, 16, 16, 16, 16, 16, 16, 16, 16, 16, 16, 16, 16, 16, 16, 16, 16, 16, 16, 16, 16, 16, 16, 16, 16, 16, 16, 17, 16, 16, 16, 16, 16, 16, 15, 16, 16, 16, 16, 16, 16, 16, 16, 16, 16, 16, 16, 16, 16, 16, 16, 16, 16, 16, 16]);
p = array1d(1..18, [0, 0, 0, 0, 0, 0, 0, 0, 0, 0, 0, 0, 0, 0, 5, 0, 0, 0]);
----------
objective = 2998;
ocosts1 = array1d(1..18, [31, 30, 32, 30, 31, 31, 31, 31, 30, 31, 30, 30, 31, 31, 31, 31, 29, 30]);
ocosts2 = array1d(1..153, [16, 16, 16, 16, 16, 16, 16, 16, 16, 16, 16, 16, 16, 16, 16, 16, 16, 16, 16, 16, 16, 16, 16, 16, 16, 16, 16, 16, 16, 16, 16, 16, 16, 16, 16, 16, 16, 16, 16, 16, 16, 16, 16, 16, 16, 16, 16, 16, 16, 16, 16, 16, 16, 16, 16, 16, 16, 16, 16, 16, 16, 16, 16, 16, 16, 16, 16, 16, 16, 16, 16, 16, 16, 16, 16, 16, 15, 16, 16, 16, 16, 16, 16, 16, 16, 16, 16, 16, 16, 16, 16, 16, 16, 16, 16, 16, 16, 16, 16, 16, 16, 16, 16, 16, 16, 16, 16, 16, 16, 16, 16, 16, 16, 16, 16, 16, 16, 16, 16, 16, 16, 16, 16, 16, 16, 17, 16, 16, 16, 16, 16, 16, 15, 16, 16, 16, 16, 16, 16, 16, 16, 16, 16, 16, 16, 16, 16, 16, 16, 16, 16, 16, 16]);
p = array1d(1..18, [0, 0, 0, 0, 0, 0, 0, 0, 0, 0, 0, 0, 0, 0, 5, 0, 13, 0]);
----------
objective = 2997;
ocosts1 = array1d(1..18, [31, 30, 32, 30, 31, 31, 31, 31, 30, 31, 30, 30, 31, 31, 30, 31, 29, 30]);
ocosts2 = array1d(1..153, [16, 16, 16, 16, 16, 16, 16, 16, 16, 16, 16, 16, 16, 16, 16, 16, 16, 16, 16, 16, 16, 16, 16, 16, 16, 16, 16, 16, 16, 16, 16, 15, 16, 16, 16, 16, 16, 16, 16, 16, 16, 16, 16, 16, 16, 16, 16, 16, 16, 16, 16, 16, 16, 16, 16, 16, 16, 16, 16, 16, 16, 16, 16, 16, 16, 16, 16, 16, 16, 16, 16, 16, 16, 16, 16, 16, 16, 16, 16, 16, 16, 16, 16, 16, 16, 16, 16, 16, 16, 16, 16, 16, 16, 16, 16, 16, 16, 16, 16, 16, 16, 16, 16, 16, 16, 16, 16, 16, 16, 16, 16, 16, 16, 16, 16, 16, 16, 16, 16, 16, 16, 16, 16, 16, 16, 17, 16, 16, 16, 16, 16, 16, 15, 16, 16, 16, 16, 16, 16, 16, 16, 16, 16, 16, 16, 16, 16, 16, 16, 16, 16, 16, 16]);
p = array1d(1..18, [0, 0, 0, 0, 0, 0, 0, 0, 0, 0, 0, 0, 0, 0, 5, 0, 0, 24]);
----------
objective = 2996;
ocosts1 = array1d(1..18, [31, 30, 32, 30, 31, 31, 31, 31, 30, 31, 30, 30, 31, 31, 30, 31, 29, 30]);
ocosts2 = array1d(1..153, [16, 16, 16, 16, 16, 16, 16, 16, 16, 16, 16, 16, 16, 16, 16, 16, 16, 16, 16, 16, 16, 16, 16, 16, 16, 16, 16, 16, 16, 16, 16, 15, 16, 16, 16, 16, 16, 16, 16, 16, 16, 16, 16, 16, 16, 16, 16, 16, 16, 16, 16, 16, 16, 16, 16, 16, 16, 16, 16, 16, 16, 16, 16, 16, 16, 16, 16, 16, 16, 16, 16, 16, 16, 16, 16, 16, 15, 16, 16, 16, 16, 16, 16, 16, 16, 16, 16, 16, 16, 16, 16, 16, 16, 16, 16, 16, 16, 16, 16, 16, 16, 16, 16, 16, 16, 16, 16, 16, 16, 16, 16, 16, 16, 16, 16, 16, 16, 16, 16, 16, 16, 16, 16, 16, 16, 17, 16, 16, 16, 16, 16, 16, 15, 16, 16, 16, 16, 16, 16, 16, 16, 16, 16, 16, 16, 16, 16, 16, 16, 16, 16, 16, 16]);
p = array1d(1..18, [0, 0, 0, 0, 0, 0, 0, 0, 0, 0, 0, 0, 0, 0, 5, 0, 13, 24]);
----------
objective = 2995;
ocosts1 = array1d(1..18, [31, 30, 32, 30, 31, 28, 31, 31, 31, 31, 30, 30, 31, 31, 31, 31, 29, 30]);
ocosts2 = array1d(1..153, [16, 16, 16, 16, 16, 16, 16, 16, 16, 16, 16, 16, 15, 16, 16, 16, 16, 16, 16, 16, 16, 16, 16, 16, 16, 16, 16, 16, 16, 16, 16, 16, 16, 16, 16, 16, 16, 16, 16, 16, 16, 16, 16, 16, 16, 16, 16, 16, 16, 16, 16, 16, 16, 16, 16, 16, 16, 16, 16, 16, 16, 16, 16, 16, 16, 16, 16, 16, 16, 16, 16, 16, 16, 16, 16, 16, 15, 16, 16, 16, 16, 16, 16, 16, 16, 16, 16, 16, 16, 16, 16, 16, 16, 16, 16, 16, 16, 16, 16, 16, 16, 16, 16, 16, 16, 16, 16, 16, 16, 16, 16, 16, 16, 16, 16, 16, 16, 16, 16, 16, 16, 16, 16, 16, 16, 16, 16, 16, 16, 16, 16, 16, 16, 16, 16, 16, 16, 16, 16, 16, 16, 16, 16, 16, 16, 16, 16, 16, 16, 16, 16, 16, 16]);
p = array1d(1..18, [0, 0, 0, 0, 0, 0, 0, 0, 0, 0, 0, 0, 0, 26, 0, 0, 13, 0]);
----------
objective = 2994;
ocosts1 = array1d(1..18, [31, 30, 32, 30, 31, 28, 31, 31, 30, 31, 30, 30, 31, 31, 31, 31, 29, 30]);
ocosts2 = array1d(1..153, [16, 16, 16, 16, 16, 16, 16, 16, 16, 16, 16, 16, 15, 16, 16, 16, 16, 16, 16, 16, 16, 16, 16, 16, 16, 16, 16, 16, 16, 16, 16, 16, 16, 16, 16, 16, 16, 16, 16, 16, 16, 16, 16, 16, 16, 16, 16, 16, 16, 16, 16, 16, 16, 16, 16, 16, 16, 16, 16, 16, 16, 16, 16, 16, 16, 16, 16, 16, 16, 16, 16, 16, 16, 16, 16, 16, 15, 16, 16, 16, 16, 16, 16, 16, 16, 16, 16, 16, 16, 16, 16, 16, 16, 16, 16, 16, 16, 16, 16, 16, 16, 16, 16, 16, 16, 16, 16, 16, 16, 16, 16, 16, 16, 16, 16, 16, 16, 16, 16, 16, 16, 16, 16, 16, 16, 17, 16, 16, 16, 16, 16, 16, 15, 16, 16, 16, 16, 16, 16, 16, 16, 16, 16, 16, 16, 16, 16, 16, 16, 16, 16, 16, 16]);
p = array1d(1..18, [0, 0, 0, 0, 0, 0, 0, 0, 0, 0, 0, 0, 0, 26, 5, 0, 13, 0]);
----------
objective = 2993;
ocosts1 = array1d(1..18, [31, 30, 32, 30, 31, 28, 31, 31, 30, 31, 30, 30, 31, 31, 30, 31, 29, 30]);
ocosts2 = array1d(1..153, [16, 16, 16, 16, 16, 16, 16, 16, 16, 16, 16, 16, 15, 16, 16, 16, 16, 16, 16, 16, 16, 16, 16, 16, 16, 16, 16, 16, 16, 16, 16, 16, 16, 16, 16, 16, 16, 16, 16, 16, 16, 16, 16, 16, 16, 16, 16, 16, 16, 16, 16, 16, 16, 16, 16, 16, 16, 16, 16, 16, 16, 16, 16, 16, 16, 16, 16, 16, 16, 16, 16, 16, 16, 16, 16, 16, 15, 16, 16, 16, 16, 16, 16, 16, 16, 16, 16, 16, 16, 16, 16, 16, 16, 16, 16, 16, 16, 16, 16, 16, 16, 16, 16, 16, 16, 16, 16, 16, 16, 16, 16, 16, 16, 16, 16, 16, 16, 16, 16, 16, 16, 16, 16, 16, 16, 17, 16, 16, 16, 16, 16, 16, 15, 16, 16, 16, 16, 16, 16, 16, 16, 16, 16, 16, 16, 16, 16, 16, 16, 16, 16, 16, 16]);
p = array1d(1..18, [0, 0, 0, 0, 0, 0, 0, 0, 0, 0, 0, 0, 0, 26, 5, 0, 13, 5]);
----------
objective = 2992;
ocosts1 = array1d(1..18, [31, 30, 32, 30, 31, 28, 31, 31, 30, 31, 30, 30, 31, 31, 30, 31, 29, 30]);
ocosts2 = array1d(1..153, [16, 16, 16, 16, 16, 16, 16, 16, 16, 16, 16, 16, 15, 16, 16, 16, 16, 16, 16, 16, 16, 16, 16, 16, 16, 16, 16, 16, 16, 16, 16, 15, 16, 16, 16, 16, 16, 16, 16, 16, 16, 16, 16, 16, 16, 16, 16, 16, 16, 16, 16, 16, 16, 16, 16, 16, 16, 16, 16, 16, 16, 16, 16, 16, 16, 16, 16, 16, 16, 16, 16, 16, 16, 16, 16, 16, 15, 16, 16, 16, 16, 16, 16, 16, 16, 16, 16, 16, 16, 16, 16, 16, 16, 16, 16, 16, 16, 16, 16, 16, 16, 16, 16, 16, 16, 16, 16, 16, 16, 16, 16, 16, 16, 16, 16, 16, 16, 16, 16, 16, 16, 16, 16, 16, 16, 17, 16, 16, 16, 16, 16, 16, 15, 16, 16, 16, 16, 16, 16, 16, 16, 16, 16, 16, 16, 16, 16, 16, 16, 16, 16, 16, 16]);
p = array1d(1..18, [0, 0, 0, 0, 0, 0, 0, 0, 0, 0, 0, 0, 0, 26, 5, 0, 13, 24]);
----------
objective = 2991;
ocosts1 = array1d(1..18, [31, 29, 32, 30, 31, 28, 31, 31, 30, 31, 30, 30, 31, 31, 30, 31, 29, 30]);
ocosts2 = array1d(1..153, [16, 16, 16, 16, 16, 16, 16, 16, 16, 16, 16, 16, 15, 16, 16, 16, 16, 16, 16, 16, 16, 16, 16, 16, 16, 16, 16, 16, 16, 16, 16, 15, 16, 16, 16, 16, 16, 16, 16, 16, 16, 16, 16, 16, 16, 16, 16, 16, 16, 16, 16, 16, 16, 16, 16, 16, 16, 16, 16, 16, 16, 16, 16, 16, 16, 16, 16, 16, 16, 16, 16, 16, 16, 16, 16, 16, 15, 16, 16, 16, 16, 16, 16, 16, 16, 16, 16, 16, 16, 16, 16, 16, 16, 16, 16, 16, 16, 16, 16, 16, 16, 16, 16, 16, 16, 16, 16, 16, 16, 16, 16, 16, 16, 16, 16, 16, 16, 16, 16, 16, 16, 16, 16, 16, 16, 17, 16, 16, 16, 16, 16, 16, 15, 16, 16, 16, 16, 16, 16, 16, 16, 16, 16, 16, 16, 16, 16, 16, 16, 16, 16, 16, 16]);
p = array1d(1..18, [0, 0, 0, 0, 0, 0, 0, 0, 0, 0, 0, 0, 5, 26, 5, 0, 13, 24]);
----------
objective = 2990;
ocosts1 = array1d(1..18, [31, 28, 32, 30, 31, 28, 31, 31, 30, 31, 30, 30, 31, 31, 30, 31, 29, 30]);
ocosts2 = array1d(1..153, [16, 16, 16, 16, 16, 16, 16, 16, 16, 16, 16, 16, 15, 16, 16, 16, 16, 16, 16, 16, 16, 16, 16, 16, 16, 16, 16, 16, 16, 16, 16, 15, 16, 16, 16, 16, 16, 16, 16, 16, 16, 16, 16, 16, 16, 16, 16, 16, 16, 16, 16, 16, 16, 16, 16, 16, 16, 16, 16, 16, 16, 16, 16, 16, 16, 16, 16, 16, 16, 16, 16, 16, 16, 16, 16, 16, 15, 16, 16, 16, 16, 16, 16, 16, 16, 16, 16, 16, 16, 16, 16, 16, 16, 16, 16, 16, 16, 16, 16, 16, 16, 16, 16, 16, 16, 16, 16, 16, 16, 16, 16, 16, 16, 16, 16, 16, 16, 16, 16, 16, 16, 16, 16, 16, 16, 17, 16, 16, 16, 16, 16, 16, 15, 16, 16, 16, 16, 16, 16, 16, 16, 16, 16, 16, 16, 16, 16, 16, 16, 16, 16, 16, 16]);
p = array1d(1..18, [0, 0, 0, 0, 0, 0, 0, 0, 0, 0, 0, 0, 21, 26, 5, 0, 13, 24]);
----------
objective = 2989;
ocosts1 = array1d(1..18, [31, 29, 32, 30, 31, 28, 31, 30, 30, 31, 30, 30, 31, 31, 29, 31, 29, 30]);
ocosts2 = array1d(1..153, [16, 16, 16, 16, 16, 16, 16, 16, 16, 16, 16, 16, 15, 16, 16, 16, 16, 16, 16, 16, 16, 16, 16, 16, 16, 16, 16, 16, 16, 16, 16, 16, 16, 16, 16, 16, 16, 16, 16, 16, 16, 16, 16, 16, 16, 16, 16, 16, 16, 16, 16, 16, 16, 16, 16, 16, 16, 16, 16, 16, 16, 16, 16, 16, 16, 16, 16, 16, 16, 16, 16, 16, 16, 16, 16, 16, 15, 16, 16, 16, 16, 16, 16, 16, 16, 16, 16, 16, 16, 16, 16, 16, 16, 16, 16, 16, 16, 16, 16, 16, 16, 16, 16, 16, 16, 16, 16, 16, 16, 16, 16, 16, 16, 16, 16, 16, 16, 16, 16, 16, 16, 16, 16, 16, 16, 17, 16, 16, 16, 16, 16, 15, 15, 16, 16, 16, 16, 16, 16, 16, 16, 16, 16, 16, 16, 16, 16, 16, 16, 16, 16, 16, 16]);
p = array1d(1..18, [0, 0, 0, 0, 0, 0, 0, 0, 0, 0, 0, 9, 19, 26, 5, 0, 13, 10]);
----------
objective = 2988;
ocosts1 = array1d(1..18, [31, 29, 32, 30, 31, 28, 31, 29, 30, 31, 30, 30, 31, 31, 30, 31, 29, 30]);
ocosts2 = array1d(1..153, [16, 16, 16, 16, 16, 16, 16, 16, 16, 16, 16, 16, 15, 16, 16, 16, 16, 16, 16, 16, 16, 16, 16, 16, 16, 16, 16, 16, 16, 16, 16, 15, 16, 16, 16, 16, 16, 16, 16, 16, 16, 16, 16, 16, 16, 16, 16, 16, 16, 16, 16, 16, 16, 16, 16, 16, 16, 16, 16, 16, 16, 16, 16, 16, 16, 16, 16, 16, 16, 16, 16, 16, 16, 16, 16, 16, 15, 16, 16, 16, 16, 16, 16, 16, 16, 16, 16, 16, 16, 16, 16, 16, 16, 16, 16, 16, 16, 16, 16, 16, 16, 16, 16, 16, 16, 16, 16, 16, 16, 16, 16, 16, 16, 16, 16, 16, 16, 16, 16, 16, 16, 16, 16, 16, 16, 17, 16, 16, 16, 16, 16, 15, 15, 16, 16, 16, 16, 16, 16, 16, 16, 16, 16, 16, 16, 16, 16, 16, 16, 16, 16, 16, 16]);
p = array1d(1..18, [0, 0, 0, 0, 0, 0, 0, 0, 0, 0, 0, 15, 5, 26, 5, 0, 13, 24]);
----------
objective = 2987;
ocosts1 = array1d(1..18, [31, 29, 31, 30, 31, 28, 31, 29, 30, 31, 30, 30, 31, 31, 30, 31, 29, 30]);
ocosts2 = array1d(1..153, [16, 16, 16, 16, 16, 16, 16, 16, 16, 16, 16, 16, 15, 16, 16, 16, 16, 16, 16, 16, 16, 16, 16, 16, 16, 16, 16, 16, 16, 16, 16, 15, 16, 16, 16, 16, 16, 16, 16, 16, 16, 16, 16, 16, 16, 16, 16, 16, 16, 16, 16, 16, 16, 16, 16, 16, 16, 16, 16, 16, 16, 16, 16, 16, 16, 16, 16, 16, 16, 16, 16, 16, 16, 16, 16, 16, 15, 16, 16, 16, 16, 16, 16, 16, 16, 16, 16, 16, 16, 16, 16, 16, 16, 16, 16, 16, 16, 16, 16, 16, 16, 16, 16, 16, 16, 16, 16, 16, 16, 16, 16, 16, 16, 16, 16, 16, 16, 16, 16, 16, 16, 16, 16, 16, 16, 17, 16, 16, 16, 16, 16, 15, 15, 16, 16, 16, 16, 16, 16, 16, 16, 16, 16, 16, 16, 16, 16, 16, 16, 16, 16, 16, 16]);
p = array1d(1..18, [0, 0, 0, 0, 0, 0, 0, 0, 0, 0, 3, 15, 5, 26, 5, 0, 13, 24]);
----------
objective = 2986;
ocosts1 = array1d(1..18, [31, 29, 31, 30, 31, 28, 31, 29, 30, 31, 30, 30, 31, 31, 30, 31, 29, 30]);
ocosts2 = array1d(1..153, [16, 16, 16, 16, 16, 16, 16, 16, 16, 16, 16, 16, 15, 16, 16, 16, 16, 16, 16, 16, 16, 16, 16, 16, 16, 16, 16, 16, 16, 16, 16, 15, 16, 16, 16, 16, 16, 16, 16, 16, 16, 16, 16, 16, 16, 16, 16, 16, 16, 16, 16, 16, 16, 16, 16, 16, 16, 16, 16, 16, 16, 16, 16, 16, 16, 16, 16, 16, 16, 16, 16, 16, 16, 16, 16, 16, 15, 16, 16, 16, 16, 16, 16, 16, 16, 16, 16, 16, 16, 16, 16, 16, 16, 15, 16, 16, 16, 16, 16, 16, 16, 16, 16, 16, 16, 16, 16, 16, 16, 16, 16, 16, 16, 16, 16, 16, 16, 16, 16, 16, 16, 16, 16, 16, 16, 17, 16, 16, 16, 16, 16, 15, 15, 16, 16, 16, 16, 16, 16, 16, 16, 16, 16, 16, 16, 16, 16, 16, 16, 16, 16, 16, 16]);
p = array1d(1..18, [0, 0, 0, 0, 0, 0, 0, 0, 0, 0, 14, 15, 5, 26, 5, 0, 13, 24]);
----------
objective = 2985;
ocosts1 = array1d(1..18, [31, 30, 31, 30, 31, 28, 31, 29, 30, 31, 28, 30, 31, 31, 30, 31, 29, 30]);
ocosts2 = array1d(1..153, [16, 16, 16, 16, 16, 16, 16, 16, 16, 16, 16, 16, 15, 16, 16, 16, 16, 16, 16, 16, 16, 16, 16, 16, 16, 16, 16, 16, 16, 16, 16, 16, 16, 16, 16, 16, 16, 16, 16, 16, 16, 16, 16, 16, 16, 16, 16, 16, 16, 16, 16, 16, 16, 16, 16, 16, 16, 16, 16, 16, 16, 16, 16, 16, 16, 16, 16, 16, 16, 16, 16, 16, 16, 16, 16, 15, 15, 16, 16, 16, 16, 16, 16, 16, 16, 16, 16, 16, 16, 16, 16, 16, 15, 16, 16, 16, 16, 16, 16, 16, 16, 16, 16, 16, 16, 16, 16, 16, 16, 16, 16, 16, 16, 16, 16, 16, 16, 16, 16, 16, 16, 16, 16, 16, 16, 17, 16, 16, 16, 16, 16, 15, 15, 16, 16, 16, 16, 16, 16, 16, 16, 16, 16, 16, 16, 16, 16, 16, 16, 16, 16, 16, 16]);
p = array1d(1..18, [0, 0, 0, 0, 0, 0, 0, 0, 0, 28, 3, 16, 11, 26, 5, 0, 13, 5]);
----------
objective = 2984;
ocosts1 = array1d(1..18, [31, 29, 31, 30, 31, 28, 31, 31, 30, 31, 28, 30, 31, 31, 30, 31, 29, 30]);
ocosts2 = array1d(1..153, [16, 16, 16, 16, 16, 16, 16, 16, 16, 16, 16, 16, 15, 16, 16, 16, 16, 16, 16, 16, 16, 16, 16, 16, 16, 16, 16, 16, 16, 16, 16, 15, 16, 16, 16, 16, 16, 16, 16, 16, 16, 16, 16, 16, 16, 16, 16, 16, 16, 16, 16, 16, 16, 16, 16, 16, 16, 16, 16, 16, 16, 16, 16, 16, 16, 16, 16, 16, 16, 16, 16, 16, 16, 16, 16, 16, 15, 16, 16, 16, 16, 16, 16, 16, 16, 16, 16, 16, 16, 16, 16, 16, 15, 15, 16, 16, 15, 16, 16, 16, 16, 16, 16, 16, 16, 16, 16, 16, 16, 16, 16, 16, 16, 16, 16, 16, 16, 16, 16, 16, 16, 16, 16, 16, 16, 17, 16, 16, 16, 16, 16, 16, 15, 16, 16, 16, 16, 16, 16, 16, 15, 16, 16, 16, 16, 16, 16, 16, 16, 16, 16, 16, 16]);
p = array1d(1..18, [0, 0, 0, 0, 0, 0, 0, 0, 0, 28, 26, 0, 20, 26, 5, 0, 13, 24]);
----------
objective = 2983;
ocosts1 = array1d(1..18, [31, 30, 31, 30, 31, 28, 31, 29, 30, 31, 28, 30, 31, 31, 30, 31, 29, 30]);
ocosts2 = array1d(1..153, [16, 16, 16, 16, 16, 16, 16, 16, 16, 16, 16, 16, 15, 16, 16, 16, 16, 16, 16, 16, 16, 16, 16, 16, 16, 16, 16, 16, 16, 16, 16, 16, 16, 16, 16, 16, 16, 16, 16, 16, 16, 16, 16, 16, 16, 16, 16, 16, 16, 16, 16, 16, 16, 16, 16, 16, 16, 16, 16, 16, 16, 16, 16, 16, 16, 16, 16, 16, 16, 16, 16, 16, 16, 16, 16, 15, 15, 16, 16, 16, 16, 16, 16, 16, 16, 16, 16, 16, 16, 16, 16, 16, 15, 15, 16, 16, 16, 16, 16, 16, 16, 16, 16, 16, 16, 16, 16, 16, 16, 16, 16, 16, 16, 16, 16, 16, 16, 16, 16, 16, 16, 16, 16, 16, 16, 17, 16, 16, 16, 16, 16, 15, 15, 16, 16, 16, 16, 16, 16, 16, 15, 16, 16, 16, 16, 16, 16, 16, 16, 16, 16, 16, 16]);
p = array1d(1..18, [0, 0, 0, 0, 0, 0, 0, 0, 0, 28, 26, 16, 11, 26, 5, 0, 13, 5]);
----------
objective = 2982;
ocosts1 = array1d(1..18, [31, 30, 31, 30, 31, 28, 31, 29, 30, 30, 28, 30, 31, 31, 30, 31, 29, 30]);
ocosts2 = array1d(1..153, [16, 16, 16, 16, 16, 16, 16, 16, 16, 16, 16, 16, 15, 16, 16, 16, 16, 16, 16, 16, 16, 16, 16, 16, 16, 16, 16, 16, 16, 16, 16, 16, 16, 16, 16, 16, 16, 16, 16, 16, 16, 16, 16, 16, 16, 16, 16, 16, 16, 16, 16, 16, 16, 16, 16, 16, 16, 16, 16, 16, 16, 16, 16, 16, 16, 16, 16, 16, 16, 16, 16, 16, 16, 16, 16, 15, 15, 16, 16, 16, 16, 16, 16, 16, 16, 16, 16, 16, 16, 16, 16, 16, 15, 15, 16, 16, 16, 16, 16, 16, 16, 16, 16, 16, 16, 16, 16, 16, 16, 16, 16, 16, 16, 16, 16, 16, 16, 16, 16, 16, 16, 16, 16, 16, 16, 17, 16, 16, 16, 16, 16, 15, 15, 16, 16, 16, 16, 16, 16, 16, 15, 16, 16, 16, 16, 16, 16, 16, 16, 16, 16, 16, 16]);
p = array1d(1..18, [0, 0, 0, 0, 0, 0, 0, 0, 5, 28, 26, 16, 11, 26, 5, 0, 13, 5]);
----------
objective = 2981;
ocosts1 = array1d(1..18, [31, 29, 31, 30, 31, 28, 31, 31, 30, 30, 28, 30, 31, 31, 30, 31, 29, 30]);
ocosts2 = array1d(1..153, [16, 16, 16, 16, 16, 16, 16, 16, 16, 16, 16, 16, 15, 16, 16, 16, 16, 16, 16, 15, 16, 16, 16, 16, 16, 16, 16, 16, 16, 16, 16, 15, 16, 16, 16, 16, 16, 16, 16, 16, 16, 16, 16, 16, 16, 16, 16, 16, 16, 16, 16, 16, 16, 16, 16, 16, 16, 16, 16, 16, 16, 16, 16, 16, 16, 16, 16, 16, 15, 16, 16, 16, 16, 16, 16, 16, 15, 16, 16, 16, 16, 16, 16, 16, 16, 16, 16, 16, 16, 16, 16, 16, 15, 15, 16, 16, 15, 16, 16, 16, 16, 16, 16, 16, 16, 16, 16, 16, 16, 16, 16, 16, 16, 16, 16, 16, 16, 16, 16, 16, 16, 16, 16, 16, 16, 17, 16, 16, 16, 16, 16, 16, 15, 16, 16, 16, 16, 16, 16, 16, 15, 16, 16, 16, 16, 16, 16, 16, 16, 16, 16, 16, 16]);
p = array1d(1..18, [0, 0, 0, 0, 0, 0, 0, 0, 10, 28, 26, 0, 20, 26, 5, 0, 13, 24]);
----------
objective = 2980;
ocosts1 = array1d(1..18, [31, 30, 31, 30, 31, 28, 31, 29, 30, 30, 28, 30, 31, 31, 30, 31, 29, 30]);
ocosts2 = array1d(1..153, [16, 16, 16, 16, 16, 16, 16, 16, 16, 16, 16, 16, 15, 16, 16, 16, 16, 16, 16, 15, 16, 16, 16, 16, 16, 16, 16, 16, 16, 16, 16, 16, 16, 16, 16, 16, 16, 16, 16, 16, 16, 16, 16, 16, 16, 16, 16, 16, 16, 16, 16, 16, 16, 16, 16, 16, 16, 16, 16, 16, 16, 16, 16, 16, 16, 16, 16, 16, 15, 16, 16, 16, 16, 16, 16, 15, 15, 16, 16, 16, 16, 16, 16, 16, 16, 16, 16, 16, 16, 16, 16, 16, 15, 15, 16, 16, 16, 16, 16, 16, 16, 16, 16, 16, 16, 16, 16, 16, 16, 16, 16, 16, 16, 16, 16, 16, 16, 16, 16, 16, 16, 16, 16, 16, 16, 17, 16, 16, 16, 16, 16, 15, 15, 16, 16, 16, 16, 16, 16, 16, 15, 16, 16, 16, 16, 16, 16, 16, 16, 16, 16, 16, 16]);
p = array1d(1..18, [0, 0, 0, 0, 0, 0, 0, 0, 10, 28, 26, 16, 11, 26, 5, 0, 13, 5]);
----------
objective = 2979;
ocosts1 = array1d(1..18, [31, 29, 31, 30, 31, 28, 31, 31, 30, 30, 28, 30, 31, 31, 30, 30, 29, 30]);
ocosts2 = array1d(1..153, [16, 16, 16, 16, 16, 16, 16, 16, 16, 16, 16, 16, 15, 16, 16, 16, 16, 16, 16, 15, 16, 16, 16, 16, 16, 16, 16, 16, 16, 16, 16, 15, 16, 16, 16, 16, 16, 16, 16, 16, 16, 16, 16, 16, 16, 16, 16, 16, 16, 16, 16, 16, 16, 16, 16, 16, 16, 16, 16, 16, 16, 16, 16, 15, 16, 16, 16, 16, 15, 16, 16, 16, 16, 16, 16, 16, 15, 16, 16, 16, 16, 16, 16, 16, 16, 16, 16, 16, 16, 16, 16, 16, 15, 15, 16, 16, 15, 16, 16, 16, 16, 16, 16, 16, 16, 16, 16, 16, 16, 16, 16, 16, 16, 16, 16, 16, 16, 16, 16, 16, 16, 16, 16, 16, 16, 17, 16, 16, 16, 16, 16, 16, 15, 16, 16, 16, 16, 16, 16, 16, 15, 16, 16, 16, 16, 16, 16, 16, 16, 16, 16, 16, 16]);
p = array1d(1..18, [0, 0, 0, 0, 0, 0, 1, 0, 10, 28, 26, 0, 20, 26, 6, 0, 13, 24]);
----------
objective = 2978;
ocosts1 = array1d(1..18, [31, 30, 31, 30, 31, 28, 31, 29, 30, 30, 28, 30, 31, 31, 30, 30, 29, 30]);
ocosts2 = array1d(1..153, [16, 16, 16, 16, 16, 16, 16, 16, 16, 16, 16, 16, 15, 16, 16, 16, 16, 16, 16, 15, 16, 16, 16, 16, 16, 16, 16, 16, 16, 16, 16, 16, 16, 16, 16, 16, 16, 16, 16, 16, 16, 16, 16, 16, 16, 16, 16, 16, 16, 16, 16, 16, 16, 16, 16, 16, 16, 16, 16, 16, 16, 16, 16, 15, 16, 16, 16, 16, 15, 16, 16, 16, 16, 16, 16, 15, 15, 16, 16, 16, 16, 16, 16, 16, 16, 16, 16, 16, 16, 16, 16, 16, 15, 15, 16, 16, 16, 16, 16, 16, 16, 16, 16, 16, 16, 16, 16, 16, 16, 16, 16, 16, 16, 16, 16, 16, 16, 16, 16, 16, 16, 16, 16, 16, 16, 17, 16, 16, 16, 16, 16, 15, 15, 16, 16, 16, 16, 16, 16, 16, 15, 16, 16, 16, 16, 16, 16, 16, 16, 16, 16, 16, 16]);
p = array1d(1..18, [0, 0, 0, 0, 0, 0, 1, 0, 10, 28, 26, 16, 11, 26, 6, 0, 13, 5]);
----------
objective = 2977;
ocosts1 = array1d(1..18, [31, 30, 31, 30, 31, 28, 31, 29, 30, 30, 28, 30, 31, 31, 30, 30, 28, 30]);
ocosts2 = array1d(1..153, [16, 16, 16, 16, 16, 16, 16, 16, 16, 16, 16, 16, 15, 16, 16, 16, 16, 16, 16, 15, 16, 16, 16, 16, 16, 16, 16, 16, 16, 16, 16, 16, 16, 16, 16, 16, 16, 16, 16, 16, 16, 16, 16, 16, 16, 16, 16, 16, 16, 16, 16, 16, 16, 16, 16, 16, 16, 16, 16, 16, 16, 16, 16, 15, 16, 16, 16, 16, 15, 16, 16, 16, 16, 16, 16, 15, 15, 16, 16, 16, 16, 16, 16, 16, 16, 16, 16, 16, 16, 16, 16, 16, 15, 15, 16, 16, 16, 16, 16, 16, 16, 16, 16, 16, 16, 16, 16, 16, 16, 16, 16, 16, 16, 16, 16, 16, 16, 16, 16, 16, 16, 16, 16, 16, 16, 17, 16, 16, 16, 16, 16, 15, 15, 16, 16, 16, 16, 16, 16, 16, 15, 16, 16, 16, 16, 16, 16, 16, 16, 16, 16, 16, 16]);
p = array1d(1..18, [0, 0, 0, 0, 0, 7, 12, 0, 10, 28, 26, 16, 11, 26, 5, 0, 13, 5]);
----------
objective = 2976;
ocosts1 = array1d(1..18, [31, 30, 31, 30, 31, 28, 31, 29, 30, 30, 28, 30, 31, 31, 30, 30, 27, 30]);
ocosts2 = array1d(1..153, [16, 16, 16, 16, 16, 16, 16, 16, 16, 16, 16, 16, 15, 16, 16, 16, 16, 16, 16, 15, 16, 16, 16, 16, 16, 16, 16, 16, 16, 16, 16, 16, 16, 16, 16, 17, 16, 16, 16, 16, 16, 16, 16, 16, 16, 16, 16, 16, 16, 16, 16, 16, 16, 16, 16, 16, 16, 16, 16, 16, 16, 16, 16, 15, 16, 15, 16, 16, 15, 16, 16, 16, 16, 16, 16, 15, 15, 16, 16, 16, 16, 16, 16, 16, 16, 16, 16, 16, 16, 16, 16, 16, 15, 15, 16, 16, 16, 16, 16, 16, 16, 16, 16, 16, 16, 16, 16, 16, 16, 16, 16, 16, 16, 16, 16, 16, 16, 16, 16, 16, 16, 16, 16, 16, 16, 17, 16, 16, 16, 16, 16, 15, 15, 16, 16, 16, 16, 16, 16, 16, 15, 16, 16, 16, 16, 16, 16, 16, 16, 16, 16, 16, 16]);
p = array1d(1..18, [0, 0, 0, 0, 0, 23, 12, 0, 10, 28, 26, 16, 11, 26, 5, 0, 13, 5]);
----------
objective = 2975;
ocosts1 = array1d(1..18, [31, 30, 31, 30, 31, 28, 31, 29, 31, 30, 28, 30, 31, 29, 30, 30, 27, 30]);
ocosts2 = array1d(1..153, [16, 16, 16, 16, 16, 16, 16, 16, 16, 16, 16, 16, 15, 16, 16, 16, 16, 16, 16, 15, 16, 16, 16, 16, 16, 16, 16, 16, 16, 16, 16, 16, 16, 16, 16, 17, 16, 16, 16, 16, 16, 16, 16, 16, 16, 16, 16, 16, 16, 16, 16, 16, 16, 16, 16, 16, 16, 16, 16, 16, 16, 16, 16, 16, 16, 15, 16, 16, 15, 16, 16, 16, 16, 16, 16, 15, 15, 16, 16, 16, 16, 16, 16, 16, 16, 16, 16, 16, 16, 16, 16, 16, 15, 15, 16, 16, 16, 16, 16, 16, 16, 16, 16, 16, 16, 16, 16, 16, 16, 16, 16, 16, 16, 16, 16, 16, 16, 16, 16, 16, 16, 16, 16, 16, 16, 16, 16, 16, 15, 16, 16, 15, 16, 16, 16, 16, 16, 16, 16, 16, 15, 16, 16, 16, 16, 16, 16, 16, 16, 16, 16, 16, 16]);
p = array1d(1..18, [0, 0, 0, 0, 0, 23, 12, 0, 10, 28, 26, 16, 11, 26, 0, 18, 13, 5]);
----------
objective = 2974;
ocosts1 = array1d(1..18, [31, 30, 31, 30, 30, 28, 31, 29, 30, 30, 28, 30, 31, 31, 30, 30, 27, 30]);
ocosts2 = array1d(1..153, [16, 16, 16, 16, 16, 16, 16, 16, 16, 16, 16, 16, 15, 16, 16, 16, 16, 16, 16, 15, 16, 16, 16, 16, 16, 16, 15, 16, 16, 16, 16, 16, 16, 16, 16, 17, 16, 16, 16, 16, 16, 16, 16, 16, 16, 16, 16, 16, 16, 16, 16, 16, 16, 16, 16, 16, 16, 16, 16, 16, 16, 16, 16, 15, 16, 15, 16, 16, 15, 16, 16, 16, 16, 16, 16, 15, 15, 16, 16, 16, 16, 16, 16, 16, 16, 16, 16, 16, 16, 16, 16, 16, 15, 15, 16, 16, 16, 16, 16, 16, 16, 16, 16, 16, 16, 16, 16, 16, 16, 16, 16, 16, 16, 16, 16, 16, 16, 16, 16, 16, 16, 16, 16, 16, 16, 17, 16, 16, 16, 16, 16, 15, 15, 16, 16, 16, 16, 16, 16, 16, 15, 16, 16, 16, 16, 16, 16, 16, 16, 16, 16, 16, 16]);
p = array1d(1..18, [0, 0, 0, 0, 7, 23, 12, 0, 10, 28, 26, 16, 11, 26, 5, 0, 13, 5]);
----------
objective = 2973;
ocosts1 = array1d(1..18, [31, 30, 31, 30, 30, 28, 31, 29, 31, 30, 28, 30, 31, 29, 30, 30, 27, 30]);
ocosts2 = array1d(1..153, [16, 16, 16, 16, 16, 16, 16, 16, 16, 16, 16, 16, 15, 16, 16, 16, 16, 16, 16, 15, 16, 16, 16, 16, 16, 16, 15, 16, 16, 16, 16, 16, 16, 16, 16, 17, 16, 16, 16, 16, 16, 16, 16, 16, 16, 16, 16, 16, 16, 16, 16, 16, 16, 16, 16, 16, 16, 16, 16, 16, 16, 16, 16, 16, 16, 15, 16, 16, 15, 16, 16, 16, 16, 16, 16, 15, 15, 16, 16, 16, 16, 16, 16, 16, 16, 16, 16, 16, 16, 16, 16, 16, 15, 15, 16, 16, 16, 16, 16, 16, 16, 16, 16, 16, 16, 16, 16, 16, 16, 16, 16, 16, 16, 16, 16, 16, 16, 16, 16, 16, 16, 16, 16, 16, 16, 16, 16, 16, 15, 16, 16, 15, 16, 16, 16, 16, 16, 16, 16, 16, 15, 16, 16, 16, 16, 16, 16, 16, 16, 16, 16, 16, 16]);
p = array1d(1..18, [0, 0, 0, 0, 7, 23, 12, 0, 10, 28, 26, 16, 11, 26, 0, 18, 13, 5]);
----------
objective = 2972;
ocosts1 = array1d(1..18, [31, 30, 31, 30, 29, 28, 30, 29, 30, 30, 28, 30, 31, 31, 30, 30, 27, 30]);
ocosts2 = array1d(1..153, [16, 16, 16, 16, 16, 16, 16, 16, 16, 16, 16, 16, 15, 16, 16, 16, 16, 16, 16, 16, 16, 16, 16, 16, 16, 16, 14, 16, 16, 16, 16, 16, 16, 16, 16, 17, 16, 16, 16, 16, 16, 16, 15, 16, 16, 16, 16, 16, 16, 16, 16, 16, 16, 16, 16, 16, 16, 16, 16, 16, 16, 16, 16, 15, 16, 15, 16, 16, 16, 16, 16, 16, 16, 16, 16, 15, 15, 16, 16, 16, 16, 16, 16, 16, 16, 16, 16, 16, 16, 16, 16, 16, 15, 15, 16, 16, 16, 16, 16, 16, 16, 16, 16, 16, 16, 16, 15, 16, 16, 16, 16, 16, 16, 16, 16, 16, 16, 16, 16, 16, 16, 16, 16, 16, 16, 17, 16, 16, 16, 16, 16, 15, 15, 16, 16, 16, 16, 16, 16, 16, 16, 16, 16, 16, 16, 16, 16, 16, 16, 16, 16, 16, 16]);
p = array1d(1..18, [0, 0, 0, 5, 28, 23, 12, 0, 5, 28, 3, 16, 11, 26, 5, 0, 13, 5]);
----------
objective = 2971;
ocosts1 = array1d(1..18, [31, 30, 31, 30, 29, 28, 30, 29, 31, 30, 28, 30, 31, 29, 30, 30, 27, 30]);
ocosts2 = array1d(1..153, [16, 16, 16, 16, 16, 16, 16, 16, 16, 16, 16, 16, 15, 16, 16, 16, 16, 16, 16, 16, 16, 16, 16, 16, 16, 16, 14, 16, 16, 16, 16, 16, 16, 16, 16, 17, 16, 16, 16, 16, 16, 16, 15, 16, 16, 16, 16, 16, 16, 16, 16, 16, 16, 16, 16, 16, 16, 16, 16, 16, 16, 16, 16, 16, 16, 15, 16, 16, 16, 16, 16, 16, 16, 16, 16, 15, 15, 16, 16, 16, 16, 16, 16, 16, 16, 16, 16, 16, 16, 16, 16, 16, 15, 15, 16, 16, 16, 16, 16, 16, 16, 16, 16, 16, 16, 16, 15, 16, 16, 16, 16, 16, 16, 16, 16, 16, 16, 16, 16, 16, 16, 16, 16, 16, 16, 16, 16, 16, 15, 16, 16, 15, 16, 16, 16, 16, 16, 16, 16, 16, 16, 16, 16, 16, 16, 16, 16, 16, 16, 16, 16, 16, 16]);
p = array1d(1..18, [0, 0, 0, 5, 28, 23, 12, 0, 5, 28, 3, 16, 11, 26, 0, 18, 13, 5]);
----------
objective = 2970;
ocosts1 = array1d(1..18, [31, 30, 31, 30, 29, 28, 30, 29, 31, 30, 28, 30, 31, 29, 30, 30, 27, 30]);
ocosts2 = array1d(1..153, [16, 16, 16, 16, 16, 16, 16, 16, 16, 16, 16, 16, 15, 16, 16, 16, 16, 16, 16, 16, 16, 16, 16, 16, 16, 16, 14, 16, 16, 16, 16, 15, 16, 16, 16, 17, 16, 16, 16, 16, 16, 16, 15, 16, 16, 16, 16, 16, 16, 16, 16, 16, 16, 16, 16, 16, 16, 16, 16, 16, 16, 16, 16, 16, 16, 15, 16, 16, 16, 16, 16, 16, 16, 16, 16, 15, 15, 16, 16, 16, 16, 16, 16, 16, 16, 16, 16, 16, 16, 16, 16, 16, 15, 15, 16, 16, 16, 16, 16, 16, 16, 16, 16, 16, 16, 16, 15, 16, 16, 16, 16, 16, 16, 16, 16, 16, 16, 16, 16, 16, 16, 16, 16, 16, 16, 16, 16, 16, 15, 16, 16, 15, 16, 16, 16, 16, 16, 16, 16, 16, 16, 16, 16, 16, 16, 16, 16, 16, 16, 16, 16, 16, 16]);
p = array1d(1..18, [0, 0, 1, 5, 28, 23, 12, 0, 5, 28, 3, 16, 11, 26, 0, 18, 13, 5]);
----------
objective = 2969;
ocosts1 = array1d(1..18, [30, 30, 31, 30, 30, 28, 29, 29, 31, 30, 28, 30, 31, 29, 30, 30, 27, 30]);
ocosts2 = array1d(1..153, [16, 16, 16, 16, 16, 16, 16, 16, 16, 16, 16, 16, 15, 16, 16, 16, 16, 16, 16, 15, 16, 16, 16, 16, 16, 16, 15, 16, 16, 16, 16, 15, 16, 16, 16, 17, 16, 16, 16, 16, 16, 16, 15, 16, 16, 16, 16, 16, 16, 16, 16, 16, 16, 16, 16, 16, 16, 16, 16, 16, 16, 16, 16, 16, 16, 15, 16, 16, 15, 16, 16, 16, 16, 16, 16, 15, 15, 16, 16, 16, 16, 16, 16, 16, 16, 16, 16, 16, 16, 16, 16, 16, 15, 15, 16, 16, 16, 16, 16, 16, 16, 16, 16, 16, 16, 16, 16, 16, 16, 16, 16, 16, 16, 16, 16, 16, 16, 16, 16, 16, 16, 16, 16, 16, 16, 16, 16, 16, 15, 16, 16, 15, 16, 16, 16, 16, 16, 16, 16, 16, 16, 16, 16, 16, 16, 16, 16, 16, 16, 16, 16, 16, 16]);
p = array1d(1..18, [0, 0, 13, 9, 5, 23, 12, 0, 10, 28, 3, 16, 11, 26, 0, 18, 13, 5]);
----------
