mznc2017_probs/crosswords/grid-19.05_dict-80.dzn
objective = 547;
ww = array1d(1..126, [311, 2426, 2356, 18454, 4876, 443, 464, 7091, 27718, 7838, 15392, 1085, 28436, 516, 7096, 5037, 17467, 6521, 11659, 116, 8994, 183, 9, 5758, 6557, 8831, 131, 7568, 6715, 512, 2528, 8411, 4520, 10117, 1482, 245, 9561, 4592, 1992, 3469, 3524, 1178, 3110, 1133, 18, 4, 267, 271, 137, 838, 108, 244, 2886, 3924, 3069, 3530, 2815, 4367, 37, 171, 36, 1970, 3826, 4430, 274, 4098, 2394, 59, 1198, 3072, 621, 3030, 4465, 3600, 192, 927, 2209, 1089, 1217, 4518, 78, 4043, 3535, 1177, 1131, 4573, 14, 3588, 1119, 608, 33, 3797, 2292, 2395, 3711, 1964, 3454, 2964, 2984, 2865, 2870, 397, 7, 80, 43, 665, 889, 212, 1111, 30, 457, 45, 455, 257, 270, 812, 850, 1025, 40, 79, 657, 6, 223, 232, 129, 879]);
xx = array2d(1..19, 1..19, [18, 1, 14, 7, 1, 1, 1, 9, 20, 1, 21, 18, 9, 3, 1, 23, 1, 2, 19, 5, 13, 9, 18, 1, 1, 6, 18, 15, 1, 18, 15, 13, 1, 1, 1, 2, 25, 5, 16, 1, 4, 9, 1, 9, 12, 5, 24, 1, 1, 20, 1, 16, 1, 18, 15, 5, 4, 16, 8, 9, 12, 20, 18, 1, 1, 9, 15, 14, 1, 18, 9, 2, 19, 1, 1, 1, 1, 1, 1, 19, 21, 2, 10, 5, 3, 20, 9, 22, 9, 26, 1, 20, 9, 15, 14, 1, 13, 15, 5, 2, 1, 1, 1, 19, 9, 4, 5, 1, 1, 1, 12, 7, 1, 5, 8, 5, 14, 1, 1, 7, 1, 18, 1, 3, 5, 18, 5, 1, 1, 5, 1, 18, 14, 5, 3, 3, 15, 1, 19, 9, 3, 5, 1, 1, 1, 12, 1, 14, 1, 4, 25, 5, 1, 3, 5, 19, 1, 1, 18, 1, 18, 5, 4, 1, 5, 13, 9, 3, 1, 1, 1, 16, 1, 18, 1, 19, 25, 13, 16, 1, 20, 8, 15, 13, 9, 13, 5, 20, 9, 3, 1, 1, 1, 18, 8, 5, 1, 1, 19, 8, 1, 22, 5, 1, 1, 1, 5, 18, 15, 1, 2, 19, 1, 1, 18, 9, 1, 1, 1, 11, 9, 14, 1, 1, 19, 8, 1, 20, 2, 1, 14, 3, 1, 1, 12, 9, 4, 15, 1, 19, 20, 18, 5, 1, 5, 4, 8, 1, 2, 1, 14, 4, 1, 1, 4, 15, 14, 7, 1, 1, 1, 3, 11, 5, 5, 19, 19, 21, 16, 5, 18, 19, 16, 5, 3, 20, 1, 3, 21, 12, 1, 18, 1, 1, 1, 1, 1, 1, 13, 25, 14, 1, 1, 5, 15, 14, 1, 13, 9, 4, 9, 18, 15, 14, 2, 1, 14, 9, 1, 21, 12, 1, 14, 1, 4, 21, 13, 1, 1, 12, 1, 4, 5, 1, 14, 15, 1, 1, 2, 1, 14, 20, 1, 5, 20, 1, 19, 1, 12, 9, 4, 19, 4, 1, 8, 12, 1, 19, 25, 5, 19, 1, 18, 1, 8, 1, 1, 19, 1, 19, 8]);
----------
objective = 548;
ww = array1d(1..126, [311, 2426, 2356, 18454, 4876, 443, 464, 7091, 27718, 7838, 15392, 1085, 28436, 516, 7096, 5037, 17467, 6521, 11659, 116, 8994, 183, 9, 5758, 6557, 8831, 131, 7568, 6715, 512, 2528, 8411, 4520, 10117, 1482, 245, 9561, 4592, 1992, 3469, 3524, 1178, 3110, 1133, 18, 4, 267, 271, 112, 1741, 108, 244, 2886, 3924, 3069, 3530, 2815, 4367, 37, 171, 36, 1970, 3826, 4430, 274, 4098, 2394, 59, 1198, 3072, 621, 3030, 4465, 3600, 192, 927, 2209, 1089, 1217, 4518, 78, 4043, 3535, 1177, 1131, 4573, 14, 3588, 1119, 608, 33, 3797, 2292, 2395, 3711, 1964, 3454, 2964, 2984, 2865, 2870, 397, 7, 82, 39, 656, 889, 212, 1111, 30, 457, 45, 455, 257, 270, 812, 850, 1025, 40, 79, 657, 6, 223, 232, 129, 879]);
xx = array2d(1..19, 1..19, [18, 1, 14, 7, 1, 1, 1, 9, 20, 1, 21, 18, 9, 3, 1, 23, 1, 2, 19, 5, 13, 9, 18, 1, 1, 6, 18, 15, 1, 18, 15, 13, 1, 1, 1, 2, 25, 5, 16, 1, 4, 9, 1, 9, 12, 5, 24, 1, 1, 20, 1, 16, 1, 18, 15, 5, 4, 16, 8, 9, 12, 20, 18, 1, 1, 9, 15, 14, 1, 18, 9, 2, 19, 1, 1, 1, 1, 1, 1, 19, 21, 2, 10, 5, 3, 20, 9, 22, 9, 26, 1, 20, 9, 15, 14, 1, 13, 15, 5, 2, 1, 1, 1, 19, 9, 4, 5, 1, 1, 1, 12, 7, 1, 5, 8, 5, 14, 1, 1, 7, 1, 18, 1, 3, 5, 18, 5, 1, 1, 5, 1, 18, 14, 5, 3, 3, 15, 1, 19, 9, 3, 5, 1, 1, 1, 12, 1, 14, 1, 4, 25, 5, 1, 3, 5, 19, 1, 1, 18, 1, 18, 5, 4, 1, 5, 13, 9, 3, 1, 1, 1, 16, 1, 18, 1, 19, 25, 13, 16, 1, 20, 8, 15, 13, 9, 13, 5, 20, 9, 3, 1, 1, 1, 18, 8, 5, 1, 1, 19, 8, 1, 22, 5, 1, 1, 1, 5, 18, 15, 1, 2, 19, 1, 1, 18, 9, 1, 1, 1, 11, 9, 14, 1, 1, 19, 8, 1, 20, 2, 1, 14, 3, 1, 1, 12, 9, 4, 15, 1, 19, 20, 18, 5, 1, 5, 4, 8, 1, 2, 1, 14, 4, 1, 1, 4, 15, 14, 7, 1, 1, 1, 3, 11, 5, 5, 19, 19, 21, 16, 5, 18, 19, 16, 5, 3, 20, 1, 3, 21, 12, 1, 18, 1, 1, 1, 1, 1, 1, 13, 25, 14, 1, 1, 5, 15, 14, 1, 13, 9, 4, 9, 18, 15, 14, 2, 1, 14, 9, 1, 21, 12, 1, 14, 1, 4, 21, 13, 1, 1, 12, 1, 4, 5, 1, 13, 9, 1, 1, 2, 1, 14, 20, 1, 5, 20, 1, 19, 1, 12, 9, 4, 19, 8, 1, 12, 12, 1, 19, 25, 5, 19, 1, 18, 1, 8, 1, 1, 19, 1, 19, 8]);
----------
objective = 549;
ww = array1d(1..126, [311, 2426, 2356, 18454, 4876, 443, 464, 7091, 27718, 7838, 15392, 1085, 28436, 516, 7096, 5037, 17467, 6521, 11659, 116, 8994, 183, 9, 5758, 6557, 8831, 131, 7568, 6715, 512, 2528, 8411, 4520, 10117, 1482, 245, 9561, 4592, 1992, 3469, 3524, 1178, 3110, 1133, 18, 4, 267, 271, 137, 4787, 108, 244, 2886, 3924, 3069, 3530, 2815, 4367, 37, 171, 36, 1970, 3826, 4430, 274, 4098, 2394, 59, 1198, 3072, 621, 3030, 4465, 3600, 192, 927, 2209, 1089, 1217, 4518, 78, 4043, 3535, 1177, 1131, 4573, 14, 3588, 1119, 608, 33, 3797, 2292, 2395, 3711, 1964, 3454, 2964, 2984, 2865, 2870, 397, 7, 89, 43, 670, 889, 212, 1111, 30, 457, 45, 455, 257, 270, 812, 850, 1025, 40, 79, 657, 6, 223, 232, 129, 879]);
xx = array2d(1..19, 1..19, [18, 1, 14, 7, 1, 1, 1, 9, 20, 1, 21, 18, 9, 3, 1, 23, 1, 2, 19, 5, 13, 9, 18, 1, 1, 6, 18, 15, 1, 18, 15, 13, 1, 1, 1, 2, 25, 5, 16, 1, 4, 9, 1, 9, 12, 5, 24, 1, 1, 20, 1, 16, 1, 18, 15, 5, 4, 16, 8, 9, 12, 20, 18, 1, 1, 9, 15, 14, 1, 18, 9, 2, 19, 1, 1, 1, 1, 1, 1, 19, 21, 2, 10, 5, 3, 20, 9, 22, 9, 26, 1, 20, 9, 15, 14, 1, 13, 15, 5, 2, 1, 1, 1, 19, 9, 4, 5, 1, 1, 1, 12, 7, 1, 5, 8, 5, 14, 1, 1, 7, 1, 18, 1, 3, 5, 18, 5, 1, 1, 5, 1, 18, 14, 5, 3, 3, 15, 1, 19, 9, 3, 5, 1, 1, 1, 12, 1, 14, 1, 4, 25, 5, 1, 3, 5, 19, 1, 1, 18, 1, 18, 5, 4, 1, 5, 13, 9, 3, 1, 1, 1, 16, 1, 18, 1, 19, 25, 13, 16, 1, 20, 8, 15, 13, 9, 13, 5, 20, 9, 3, 1, 1, 1, 18, 8, 5, 1, 1, 19, 8, 1, 22, 5, 1, 1, 1, 5, 18, 15, 1, 2, 19, 1, 1, 18, 9, 1, 1, 1, 11, 9, 14, 1, 1, 19, 8, 1, 20, 2, 1, 14, 3, 1, 1, 12, 9, 4, 15, 1, 19, 20, 18, 5, 1, 5, 4, 8, 1, 2, 1, 14, 4, 1, 1, 4, 15, 14, 7, 1, 1, 1, 3, 11, 5, 5, 19, 19, 21, 16, 5, 18, 19, 16, 5, 3, 20, 1, 3, 21, 12, 1, 18, 1, 1, 1, 1, 1, 1, 13, 25, 14, 1, 1, 5, 15, 14, 1, 13, 9, 4, 9, 18, 15, 14, 2, 1, 14, 9, 1, 21, 12, 1, 14, 1, 4, 21, 13, 1, 1, 12, 1, 4, 5, 1, 14, 15, 1, 1, 2, 1, 14, 20, 1, 5, 20, 1, 19, 1, 12, 9, 4, 19, 25, 1, 23, 12, 1, 19, 25, 5, 19, 1, 18, 1, 8, 1, 1, 19, 1, 19, 8]);
----------
objective = 550;
ww = array1d(1..126, [311, 2426, 2356, 18454, 4876, 443, 464, 7091, 27718, 7838, 15392, 1085, 28436, 516, 7096, 5037, 17467, 6521, 11659, 116, 8994, 183, 9, 5758, 6557, 8831, 131, 7568, 6715, 512, 2528, 8411, 4520, 10117, 1482, 245, 9561, 4592, 1992, 3469, 3524, 1178, 3110, 1133, 18, 4, 267, 271, 2985, 1901, 108, 244, 2886, 3924, 3069, 3530, 2815, 4367, 37, 171, 36, 1970, 3826, 4430, 274, 4098, 2394, 59, 1198, 3072, 621, 3030, 4465, 3600, 192, 927, 2209, 1089, 1217, 4518, 78, 4043, 3535, 1177, 1131, 4573, 14, 3588, 1119, 608, 33, 3797, 2292, 2395, 3711, 1964, 3454, 2964, 2984, 2865, 2870, 397, 7, 110, 12, 653, 889, 212, 1111, 30, 457, 45, 455, 257, 270, 812, 850, 1025, 40, 79, 657, 6, 223, 232, 129, 879]);
xx = array2d(1..19, 1..19, [18, 1, 14, 7, 1, 1, 1, 9, 20, 1, 21, 18, 9, 3, 1, 23, 1, 2, 19, 5, 13, 9, 18, 1, 1, 6, 18, 15, 1, 18, 15, 13, 1, 1, 1, 2, 25, 5, 16, 1, 4, 9, 1, 9, 12, 5, 24, 1, 1, 20, 1, 16, 1, 18, 15, 5, 4, 16, 8, 9, 12, 20, 18, 1, 1, 9, 15, 14, 1, 18, 9, 2, 19, 1, 1, 1, 1, 1, 1, 19, 21, 2, 10, 5, 3, 20, 9, 22, 9, 26, 1, 20, 9, 15, 14, 1, 13, 15, 5, 2, 1, 1, 1, 19, 9, 4, 5, 1, 1, 1, 12, 7, 1, 5, 8, 5, 14, 1, 1, 7, 1, 18, 1, 3, 5, 18, 5, 1, 1, 5, 1, 18, 14, 5, 3, 3, 15, 1, 19, 9, 3, 5, 1, 1, 1, 12, 1, 14, 1, 4, 25, 5, 1, 3, 5, 19, 1, 1, 18, 1, 18, 5, 4, 1, 5, 13, 9, 3, 1, 1, 1, 16, 1, 18, 1, 19, 25, 13, 16, 1, 20, 8, 15, 13, 9, 13, 5, 20, 9, 3, 1, 1, 1, 18, 8, 5, 1, 1, 19, 8, 1, 22, 5, 1, 1, 1, 5, 18, 15, 1, 2, 19, 1, 1, 18, 9, 1, 1, 1, 11, 9, 14, 1, 1, 19, 8, 1, 20, 2, 1, 14, 3, 1, 1, 12, 9, 4, 15, 1, 19, 20, 18, 5, 1, 5, 4, 8, 1, 2, 1, 14, 4, 1, 1, 4, 15, 14, 7, 1, 1, 1, 3, 11, 5, 5, 19, 19, 21, 16, 5, 18, 19, 16, 5, 3, 20, 1, 3, 21, 12, 1, 18, 1, 1, 1, 1, 1, 1, 13, 25, 14, 1, 1, 5, 15, 14, 1, 13, 9, 4, 9, 18, 15, 14, 2, 1, 14, 9, 1, 21, 12, 1, 14, 1, 4, 21, 13, 1, 1, 12, 1, 4, 5, 15, 4, 5, 1, 1, 2, 1, 14, 20, 1, 5, 20, 1, 19, 1, 12, 9, 4, 19, 8, 15, 23, 12, 1, 19, 25, 5, 19, 1, 18, 1, 8, 1, 1, 19, 1, 19, 8]);
----------
objective = 551;
ww = array1d(1..126, [311, 2426, 2356, 18454, 4876, 443, 464, 7091, 27718, 7838, 15392, 1085, 28436, 516, 7096, 5037, 17467, 6521, 11659, 116, 8994, 183, 9, 5758, 6557, 8831, 131, 7568, 6715, 512, 2528, 8411, 4520, 10117, 1482, 245, 9561, 4592, 1992, 3469, 3524, 1178, 3110, 1133, 18, 4, 267, 271, 3011, 838, 108, 244, 2886, 3924, 3069, 3530, 2815, 4367, 37, 171, 36, 1970, 3826, 4430, 274, 4098, 2394, 59, 1198, 3072, 621, 3030, 4465, 3600, 192, 927, 2209, 1089, 1217, 4518, 78, 4043, 3535, 1177, 1131, 4573, 14, 3588, 1119, 608, 33, 3797, 2292, 2395, 3711, 1964, 3454, 2964, 2984, 2865, 2870, 397, 7, 108, 31, 672, 889, 212, 1111, 30, 457, 45, 455, 257, 270, 812, 850, 1025, 40, 79, 657, 6, 223, 232, 129, 879]);
xx = array2d(1..19, 1..19, [18, 1, 14, 7, 1, 1, 1, 9, 20, 1, 21, 18, 9, 3, 1, 23, 1, 2, 19, 5, 13, 9, 18, 1, 1, 6, 18, 15, 1, 18, 15, 13, 1, 1, 1, 2, 25, 5, 16, 1, 4, 9, 1, 9, 12, 5, 24, 1, 1, 20, 1, 16, 1, 18, 15, 5, 4, 16, 8, 9, 12, 20, 18, 1, 1, 9, 15, 14, 1, 18, 9, 2, 19, 1, 1, 1, 1, 1, 1, 19, 21, 2, 10, 5, 3, 20, 9, 22, 9, 26, 1, 20, 9, 15, 14, 1, 13, 15, 5, 2, 1, 1, 1, 19, 9, 4, 5, 1, 1, 1, 12, 7, 1, 5, 8, 5, 14, 1, 1, 7, 1, 18, 1, 3, 5, 18, 5, 1, 1, 5, 1, 18, 14, 5, 3, 3, 15, 1, 19, 9, 3, 5, 1, 1, 1, 12, 1, 14, 1, 4, 25, 5, 1, 3, 5, 19, 1, 1, 18, 1, 18, 5, 4, 1, 5, 13, 9, 3, 1, 1, 1, 16, 1, 18, 1, 19, 25, 13, 16, 1, 20, 8, 15, 13, 9, 13, 5, 20, 9, 3, 1, 1, 1, 18, 8, 5, 1, 1, 19, 8, 1, 22, 5, 1, 1, 1, 5, 18, 15, 1, 2, 19, 1, 1, 18, 9, 1, 1, 1, 11, 9, 14, 1, 1, 19, 8, 1, 20, 2, 1, 14, 3, 1, 1, 12, 9, 4, 15, 1, 19, 20, 18, 5, 1, 5, 4, 8, 1, 2, 1, 14, 4, 1, 1, 4, 15, 14, 7, 1, 1, 1, 3, 11, 5, 5, 19, 19, 21, 16, 5, 18, 19, 16, 5, 3, 20, 1, 3, 21, 12, 1, 18, 1, 1, 1, 1, 1, 1, 13, 25, 14, 1, 1, 5, 15, 14, 1, 13, 9, 4, 9, 18, 15, 14, 2, 1, 14, 9, 1, 21, 12, 1, 14, 1, 4, 21, 13, 1, 1, 12, 1, 4, 5, 15, 11, 20, 1, 1, 2, 1, 14, 20, 1, 5, 20, 1, 19, 1, 12, 9, 4, 19, 4, 1, 8, 12, 1, 19, 25, 5, 19, 1, 18, 1, 8, 1, 1, 19, 1, 19, 8]);
----------
objective = 552;
ww = array1d(1..126, [311, 2426, 2356, 18454, 4876, 443, 464, 7091, 27718, 7838, 15392, 1085, 28436, 516, 7096, 5037, 17467, 6521, 11659, 116, 8994, 183, 9, 5758, 6557, 8831, 131, 7568, 6715, 512, 2528, 8411, 4520, 10117, 1482, 245, 9561, 4592, 1992, 3469, 3524, 1178, 3110, 1133, 18, 4, 267, 271, 4477, 4787, 108, 244, 2886, 3924, 3069, 3530, 2815, 4367, 37, 171, 36, 1970, 3826, 4430, 274, 4098, 2394, 59, 1198, 3072, 621, 3030, 4465, 3600, 192, 927, 2209, 1089, 1217, 4518, 78, 4043, 3535, 1177, 1131, 4573, 14, 3588, 1119, 608, 33, 3797, 2292, 2395, 3711, 1964, 3454, 2964, 2984, 2865, 2870, 397, 7, 128, 69, 653, 889, 212, 1111, 30, 457, 45, 455, 257, 270, 812, 850, 1025, 40, 79, 657, 6, 223, 232, 129, 879]);
xx = array2d(1..19, 1..19, [18, 1, 14, 7, 1, 1, 1, 9, 20, 1, 21, 18, 9, 3, 1, 23, 1, 2, 19, 5, 13, 9, 18, 1, 1, 6, 18, 15, 1, 18, 15, 13, 1, 1, 1, 2, 25, 5, 16, 1, 4, 9, 1, 9, 12, 5, 24, 1, 1, 20, 1, 16, 1, 18, 15, 5, 4, 16, 8, 9, 12, 20, 18, 1, 1, 9, 15, 14, 1, 18, 9, 2, 19, 1, 1, 1, 1, 1, 1, 19, 21, 2, 10, 5, 3, 20, 9, 22, 9, 26, 1, 20, 9, 15, 14, 1, 13, 15, 5, 2, 1, 1, 1, 19, 9, 4, 5, 1, 1, 1, 12, 7, 1, 5, 8, 5, 14, 1, 1, 7, 1, 18, 1, 3, 5, 18, 5, 1, 1, 5, 1, 18, 14, 5, 3, 3, 15, 1, 19, 9, 3, 5, 1, 1, 1, 12, 1, 14, 1, 4, 25, 5, 1, 3, 5, 19, 1, 1, 18, 1, 18, 5, 4, 1, 5, 13, 9, 3, 1, 1, 1, 16, 1, 18, 1, 19, 25, 13, 16, 1, 20, 8, 15, 13, 9, 13, 5, 20, 9, 3, 1, 1, 1, 18, 8, 5, 1, 1, 19, 8, 1, 22, 5, 1, 1, 1, 5, 18, 15, 1, 2, 19, 1, 1, 18, 9, 1, 1, 1, 11, 9, 14, 1, 1, 19, 8, 1, 20, 2, 1, 14, 3, 1, 1, 12, 9, 4, 15, 1, 19, 20, 18, 5, 1, 5, 4, 8, 1, 2, 1, 14, 4, 1, 1, 4, 15, 14, 7, 1, 1, 1, 3, 11, 5, 5, 19, 19, 21, 16, 5, 18, 19, 16, 5, 3, 20, 1, 3, 21, 12, 1, 18, 1, 1, 1, 1, 1, 1, 13, 25, 14, 1, 1, 5, 15, 14, 1, 13, 9, 4, 9, 18, 15, 14, 2, 1, 14, 9, 1, 21, 12, 1, 14, 1, 4, 21, 13, 1, 1, 12, 1, 4, 5, 21, 22, 5, 1, 1, 2, 1, 14, 20, 1, 5, 20, 1, 19, 1, 12, 9, 4, 19, 25, 1, 23, 12, 1, 19, 25, 5, 19, 1, 18, 1, 8, 1, 1, 19, 1, 19, 8]);
----------
objective = 554;
ww = array1d(1..126, [311, 2426, 2356, 18454, 4876, 443, 464, 7091, 27718, 7838, 15392, 1085, 28436, 516, 7096, 5037, 17467, 6521, 11659, 116, 8994, 183, 9, 5758, 6557, 8831, 131, 7568, 6715, 512, 2528, 8411, 4520, 10117, 1482, 245, 9561, 4592, 1992, 3469, 3524, 1178, 3110, 1133, 18, 4, 267, 553, 1163, 3121, 108, 244, 2886, 3924, 3069, 3530, 2815, 4367, 37, 171, 36, 1970, 3826, 4430, 274, 4098, 2394, 59, 1198, 3072, 621, 3030, 4465, 3600, 192, 927, 2209, 1089, 1217, 4518, 78, 4043, 3535, 1177, 1131, 4573, 14, 3588, 1119, 608, 33, 3797, 2292, 2395, 3711, 1964, 3454, 2964, 2984, 2865, 2870, 397, 7, 141, 31, 199, 889, 212, 1111, 30, 457, 45, 455, 257, 270, 812, 850, 1025, 40, 79, 657, 6, 223, 232, 129, 879]);
xx = array2d(1..19, 1..19, [18, 1, 14, 7, 1, 1, 1, 9, 20, 1, 21, 18, 9, 3, 1, 23, 1, 2, 19, 5, 13, 9, 18, 1, 1, 6, 18, 15, 1, 18, 15, 13, 1, 1, 1, 2, 25, 5, 16, 1, 4, 9, 1, 9, 12, 5, 24, 1, 1, 20, 1, 16, 1, 18, 15, 5, 4, 16, 8, 9, 12, 20, 18, 1, 1, 9, 15, 14, 1, 18, 9, 2, 19, 1, 1, 1, 1, 1, 1, 19, 21, 2, 10, 5, 3, 20, 9, 22, 9, 26, 1, 20, 9, 15, 14, 1, 13, 15, 5, 2, 1, 1, 1, 19, 9, 4, 5, 1, 1, 1, 12, 7, 1, 5, 8, 5, 14, 1, 1, 7, 1, 18, 1, 3, 5, 18, 5, 1, 1, 5, 1, 18, 14, 5, 3, 3, 15, 1, 19, 9, 3, 5, 1, 1, 1, 12, 1, 14, 1, 4, 25, 5, 1, 3, 5, 19, 1, 1, 18, 1, 18, 5, 4, 1, 5, 13, 9, 3, 1, 1, 1, 16, 1, 18, 1, 19, 25, 13, 16, 1, 20, 8, 15, 13, 9, 13, 5, 20, 9, 3, 1, 1, 1, 18, 8, 5, 1, 1, 19, 8, 1, 22, 5, 1, 1, 1, 5, 18, 15, 1, 2, 19, 1, 1, 18, 9, 1, 1, 1, 11, 9, 14, 1, 1, 19, 8, 1, 20, 2, 1, 14, 3, 1, 1, 12, 9, 4, 15, 1, 19, 20, 18, 5, 1, 5, 4, 8, 1, 2, 1, 14, 4, 1, 1, 4, 15, 14, 7, 1, 1, 1, 3, 11, 5, 5, 19, 19, 21, 16, 5, 18, 19, 16, 5, 3, 20, 1, 3, 21, 12, 1, 18, 1, 1, 1, 1, 1, 1, 13, 25, 14, 1, 1, 5, 15, 14, 1, 13, 9, 4, 9, 18, 15, 14, 3, 1, 4, 9, 1, 21, 12, 1, 14, 1, 4, 21, 13, 1, 1, 12, 1, 4, 5, 5, 11, 11, 1, 1, 2, 1, 14, 20, 1, 5, 20, 1, 19, 1, 12, 9, 4, 19, 16, 1, 12, 12, 1, 19, 25, 5, 19, 1, 18, 1, 8, 1, 1, 19, 1, 19, 8]);
----------
objective = 555;
ww = array1d(1..126, [311, 2426, 2356, 18454, 4876, 443, 464, 7091, 27718, 7838, 15392, 1085, 28436, 516, 7096, 5037, 17467, 6521, 11659, 116, 8994, 183, 9, 5758, 6557, 8831, 131, 7568, 6715, 512, 2528, 8411, 4520, 10117, 1482, 245, 9561, 4592, 1992, 3469, 3524, 1178, 3110, 1133, 18, 4, 267, 2027, 4477, 838, 108, 244, 2886, 3924, 3069, 3530, 2815, 4367, 37, 171, 36, 1970, 3826, 4430, 274, 4098, 2394, 59, 1198, 3072, 621, 3030, 4465, 3600, 192, 927, 2209, 1089, 1217, 4518, 78, 4043, 3535, 1177, 1131, 4573, 14, 3588, 1119, 608, 33, 3797, 2292, 2395, 3711, 1964, 3454, 2964, 2984, 2865, 2870, 397, 7, 485, 69, 827, 889, 212, 1111, 30, 457, 45, 455, 257, 270, 812, 850, 1025, 40, 79, 657, 6, 223, 232, 129, 879]);
xx = array2d(1..19, 1..19, [18, 1, 14, 7, 1, 1, 1, 9, 20, 1, 21, 18, 9, 3, 1, 23, 1, 2, 19, 5, 13, 9, 18, 1, 1, 6, 18, 15, 1, 18, 15, 13, 1, 1, 1, 2, 25, 5, 16, 1, 4, 9, 1, 9, 12, 5, 24, 1, 1, 20, 1, 16, 1, 18, 15, 5, 4, 16, 8, 9, 12, 20, 18, 1, 1, 9, 15, 14, 1, 18, 9, 2, 19, 1, 1, 1, 1, 1, 1, 19, 21, 2, 10, 5, 3, 20, 9, 22, 9, 26, 1, 20, 9, 15, 14, 1, 13, 15, 5, 2, 1, 1, 1, 19, 9, 4, 5, 1, 1, 1, 12, 7, 1, 5, 8, 5, 14, 1, 1, 7, 1, 18, 1, 3, 5, 18, 5, 1, 1, 5, 1, 18, 14, 5, 3, 3, 15, 1, 19, 9, 3, 5, 1, 1, 1, 12, 1, 14, 1, 4, 25, 5, 1, 3, 5, 19, 1, 1, 18, 1, 18, 5, 4, 1, 5, 13, 9, 3, 1, 1, 1, 16, 1, 18, 1, 19, 25, 13, 16, 1, 20, 8, 15, 13, 9, 13, 5, 20, 9, 3, 1, 1, 1, 18, 8, 5, 1, 1, 19, 8, 1, 22, 5, 1, 1, 1, 5, 18, 15, 1, 2, 19, 1, 1, 18, 9, 1, 1, 1, 11, 9, 14, 1, 1, 19, 8, 1, 20, 2, 1, 14, 3, 1, 1, 12, 9, 4, 15, 1, 19, 20, 18, 5, 1, 5, 4, 8, 1, 2, 1, 14, 4, 1, 1, 4, 15, 14, 7, 1, 1, 1, 3, 11, 5, 5, 19, 19, 21, 16, 5, 18, 19, 16, 5, 3, 20, 1, 3, 21, 12, 1, 18, 1, 1, 1, 1, 1, 1, 13, 25, 14, 1, 1, 5, 15, 14, 1, 13, 9, 4, 9, 18, 15, 14, 10, 1, 18, 9, 1, 21, 12, 1, 14, 1, 4, 21, 13, 1, 1, 12, 1, 4, 5, 21, 22, 5, 1, 1, 2, 1, 14, 20, 1, 5, 20, 1, 19, 1, 12, 9, 4, 19, 4, 1, 8, 12, 1, 19, 25, 5, 19, 1, 18, 1, 8, 1, 1, 19, 1, 19, 8]);
----------
objective = 556;
ww = array1d(1..126, [311, 2426, 2356, 18454, 4876, 443, 464, 7091, 27718, 7838, 15392, 1085, 28436, 516, 7096, 5037, 17467, 6521, 11659, 116, 8994, 183, 9, 5758, 6557, 8831, 131, 7568, 6715, 512, 2528, 8411, 4520, 10117, 1482, 245, 9561, 4592, 1992, 3469, 3524, 1178, 3110, 1133, 18, 4, 267, 2132, 44, 1262, 108, 244, 2886, 3924, 3069, 3530, 2815, 4367, 37, 171, 36, 1970, 3826, 4430, 274, 4098, 2394, 59, 1198, 3072, 621, 3030, 4465, 3600, 192, 927, 2209, 1089, 1217, 4518, 78, 4043, 3535, 1177, 1131, 4573, 14, 3588, 1119, 608, 33, 3797, 2292, 2395, 3711, 1964, 3454, 2964, 2984, 2865, 2870, 397, 7, 491, 16, 507, 889, 212, 1111, 30, 457, 45, 455, 257, 270, 812, 850, 1025, 40, 79, 657, 6, 223, 232, 129, 879]);
xx = array2d(1..19, 1..19, [18, 1, 14, 7, 1, 1, 1, 9, 20, 1, 21, 18, 9, 3, 1, 23, 1, 2, 19, 5, 13, 9, 18, 1, 1, 6, 18, 15, 1, 18, 15, 13, 1, 1, 1, 2, 25, 5, 16, 1, 4, 9, 1, 9, 12, 5, 24, 1, 1, 20, 1, 16, 1, 18, 15, 5, 4, 16, 8, 9, 12, 20, 18, 1, 1, 9, 15, 14, 1, 18, 9, 2, 19, 1, 1, 1, 1, 1, 1, 19, 21, 2, 10, 5, 3, 20, 9, 22, 9, 26, 1, 20, 9, 15, 14, 1, 13, 15, 5, 2, 1, 1, 1, 19, 9, 4, 5, 1, 1, 1, 12, 7, 1, 5, 8, 5, 14, 1, 1, 7, 1, 18, 1, 3, 5, 18, 5, 1, 1, 5, 1, 18, 14, 5, 3, 3, 15, 1, 19, 9, 3, 5, 1, 1, 1, 12, 1, 14, 1, 4, 25, 5, 1, 3, 5, 19, 1, 1, 18, 1, 18, 5, 4, 1, 5, 13, 9, 3, 1, 1, 1, 16, 1, 18, 1, 19, 25, 13, 16, 1, 20, 8, 15, 13, 9, 13, 5, 20, 9, 3, 1, 1, 1, 18, 8, 5, 1, 1, 19, 8, 1, 22, 5, 1, 1, 1, 5, 18, 15, 1, 2, 19, 1, 1, 18, 9, 1, 1, 1, 11, 9, 14, 1, 1, 19, 8, 1, 20, 2, 1, 14, 3, 1, 1, 12, 9, 4, 15, 1, 19, 20, 18, 5, 1, 5, 4, 8, 1, 2, 1, 14, 4, 1, 1, 4, 15, 14, 7, 1, 1, 1, 3, 11, 5, 5, 19, 19, 21, 16, 5, 18, 19, 16, 5, 3, 20, 1, 3, 21, 12, 1, 18, 1, 1, 1, 1, 1, 1, 13, 25, 14, 1, 1, 5, 15, 14, 1, 13, 9, 4, 9, 18, 15, 14, 11, 1, 11, 9, 1, 21, 12, 1, 14, 1, 4, 21, 13, 1, 1, 12, 1, 4, 5, 1, 7, 8, 1, 1, 2, 1, 14, 20, 1, 5, 20, 1, 19, 1, 12, 9, 4, 19, 6, 1, 9, 12, 1, 19, 25, 5, 19, 1, 18, 1, 8, 1, 1, 19, 1, 19, 8]);
----------
objective = 561;
ww = array1d(1..126, [311, 2426, 2356, 18454, 4876, 443, 464, 7091, 27718, 7838, 15392, 1085, 28436, 516, 7096, 5037, 17467, 6521, 11659, 116, 8994, 183, 9, 5758, 6557, 8831, 131, 7568, 6715, 512, 2528, 8411, 4520, 10117, 1482, 245, 9561, 4592, 1992, 3469, 3524, 1178, 3110, 1133, 18, 4, 267, 2156, 44, 1409, 108, 244, 2886, 3924, 3069, 3530, 2815, 4367, 37, 171, 36, 1970, 3826, 4430, 274, 4098, 2394, 59, 1198, 3072, 621, 3030, 4465, 3600, 192, 927, 2209, 1089, 1217, 4518, 78, 4043, 3535, 1177, 1131, 4573, 14, 3588, 1119, 608, 33, 3797, 2292, 2395, 3711, 1964, 3454, 2964, 2984, 2865, 2870, 397, 7, 491, 18, 1144, 889, 212, 1111, 30, 457, 45, 455, 257, 270, 812, 850, 1025, 40, 79, 657, 6, 223, 232, 129, 879]);
xx = array2d(1..19, 1..19, [18, 1, 14, 7, 1, 1, 1, 9, 20, 1, 21, 18, 9, 3, 1, 23, 1, 2, 19, 5, 13, 9, 18, 1, 1, 6, 18, 15, 1, 18, 15, 13, 1, 1, 1, 2, 25, 5, 16, 1, 4, 9, 1, 9, 12, 5, 24, 1, 1, 20, 1, 16, 1, 18, 15, 5, 4, 16, 8, 9, 12, 20, 18, 1, 1, 9, 15, 14, 1, 18, 9, 2, 19, 1, 1, 1, 1, 1, 1, 19, 21, 2, 10, 5, 3, 20, 9, 22, 9, 26, 1, 20, 9, 15, 14, 1, 13, 15, 5, 2, 1, 1, 1, 19, 9, 4, 5, 1, 1, 1, 12, 7, 1, 5, 8, 5, 14, 1, 1, 7, 1, 18, 1, 3, 5, 18, 5, 1, 1, 5, 1, 18, 14, 5, 3, 3, 15, 1, 19, 9, 3, 5, 1, 1, 1, 12, 1, 14, 1, 4, 25, 5, 1, 3, 5, 19, 1, 1, 18, 1, 18, 5, 4, 1, 5, 13, 9, 3, 1, 1, 1, 16, 1, 18, 1, 19, 25, 13, 16, 1, 20, 8, 15, 13, 9, 13, 5, 20, 9, 3, 1, 1, 1, 18, 8, 5, 1, 1, 19, 8, 1, 22, 5, 1, 1, 1, 5, 18, 15, 1, 2, 19, 1, 1, 18, 9, 1, 1, 1, 11, 9, 14, 1, 1, 19, 8, 1, 20, 2, 1, 14, 3, 1, 1, 12, 9, 4, 15, 1, 19, 20, 18, 5, 1, 5, 4, 8, 1, 2, 1, 14, 4, 1, 1, 4, 15, 14, 7, 1, 1, 1, 3, 11, 5, 5, 19, 19, 21, 16, 5, 18, 19, 16, 5, 3, 20, 1, 3, 21, 12, 1, 18, 1, 1, 1, 1, 1, 1, 13, 25, 14, 1, 1, 5, 15, 14, 1, 13, 9, 4, 9, 18, 15, 14, 11, 1, 26, 9, 1, 21, 12, 1, 14, 1, 4, 21, 13, 1, 1, 12, 1, 4, 5, 1, 7, 8, 1, 1, 2, 1, 14, 20, 1, 5, 20, 1, 19, 1, 12, 9, 4, 19, 6, 15, 15, 12, 1, 19, 25, 5, 19, 1, 18, 1, 8, 1, 1, 19, 1, 19, 8]);
----------
objective = 562;
ww = array1d(1..126, [311, 2426, 2356, 18454, 4876, 443, 464, 7091, 27718, 7838, 15392, 1085, 28436, 516, 7096, 5037, 17467, 6521, 11659, 116, 8994, 183, 9, 5758, 6557, 8831, 131, 7568, 6715, 512, 2528, 8411, 4520, 10117, 1482, 245, 9561, 4592, 1992, 3469, 3524, 1178, 3110, 1133, 18, 4, 267, 2156, 44, 1409, 108, 244, 2886, 3924, 3069, 3530, 2815, 4367, 37, 171, 36, 1970, 3826, 4430, 274, 4098, 2394, 59, 1198, 3072, 621, 3030, 4465, 3600, 192, 927, 2209, 1089, 1217, 4518, 78, 4043, 3535, 1177, 1131, 4573, 28, 3615, 1119, 608, 33, 3797, 2292, 2395, 3711, 1964, 3454, 2964, 2984, 2865, 2870, 397, 7, 491, 18, 1144, 889, 212, 1111, 30, 457, 45, 455, 257, 270, 812, 850, 1025, 40, 79, 657, 12, 223, 232, 86, 936]);
xx = array2d(1..19, 1..19, [18, 1, 14, 7, 1, 1, 1, 9, 20, 1, 21, 18, 9, 3, 1, 23, 1, 2, 19, 5, 13, 9, 18, 1, 1, 6, 18, 15, 1, 18, 15, 13, 1, 1, 1, 4, 1, 23, 16, 1, 4, 9, 1, 9, 12, 5, 24, 1, 1, 20, 1, 16, 1, 18, 15, 18, 25, 16, 8, 9, 12, 20, 18, 1, 1, 9, 15, 14, 1, 18, 9, 2, 19, 1, 1, 1, 1, 1, 1, 19, 21, 2, 10, 5, 3, 20, 9, 22, 9, 26, 1, 20, 9, 15, 14, 1, 13, 15, 5, 2, 1, 1, 1, 19, 9, 4, 5, 1, 1, 1, 12, 7, 1, 5, 8, 5, 14, 1, 1, 7, 1, 18, 1, 3, 5, 18, 5, 1, 1, 5, 1, 18, 14, 5, 3, 3, 15, 1, 19, 9, 3, 5, 1, 1, 1, 12, 1, 14, 1, 4, 25, 5, 1, 3, 5, 19, 1, 1, 18, 1, 18, 5, 4, 1, 5, 13, 9, 3, 1, 1, 1, 16, 1, 18, 1, 19, 25, 13, 16, 1, 20, 8, 15, 13, 9, 13, 5, 20, 9, 3, 1, 1, 1, 18, 8, 5, 1, 1, 19, 8, 1, 22, 5, 1, 1, 1, 5, 18, 15, 1, 2, 19, 1, 1, 18, 9, 1, 1, 1, 11, 9, 14, 1, 1, 19, 8, 1, 20, 2, 1, 14, 3, 1, 1, 12, 9, 4, 15, 1, 19, 20, 18, 5, 1, 5, 4, 8, 1, 2, 1, 14, 4, 1, 1, 4, 15, 14, 7, 1, 1, 1, 3, 11, 5, 5, 19, 19, 21, 16, 5, 18, 19, 16, 5, 3, 20, 1, 3, 21, 12, 1, 18, 1, 1, 1, 1, 1, 1, 13, 25, 14, 1, 1, 5, 15, 14, 1, 13, 9, 4, 9, 18, 15, 14, 11, 1, 26, 9, 1, 21, 12, 1, 14, 1, 4, 21, 13, 1, 1, 12, 1, 4, 5, 1, 7, 8, 1, 1, 2, 1, 14, 20, 1, 5, 20, 1, 19, 1, 12, 9, 4, 19, 6, 15, 15, 12, 1, 19, 25, 5, 19, 1, 18, 1, 8, 1, 1, 19, 1, 19, 8]);
----------
objective = 565;
ww = array1d(1..126, [311, 2426, 2356, 18454, 4876, 443, 464, 7091, 27718, 7838, 15392, 1085, 28436, 516, 7096, 5037, 17467, 6521, 11659, 116, 8994, 183, 9, 5758, 6557, 8831, 131, 7568, 6715, 512, 2528, 8411, 4520, 10117, 1482, 245, 9561, 4592, 1992, 3469, 3524, 1178, 3110, 1133, 18, 4, 267, 2156, 44, 1409, 108, 244, 2886, 3924, 3069, 3530, 2815, 4367, 37, 171, 36, 1970, 3826, 4430, 274, 4098, 2394, 59, 1198, 3072, 621, 3030, 4465, 3600, 192, 927, 2209, 1089, 1217, 4518, 78, 4043, 3535, 1177, 1131, 4573, 40, 3490, 1119, 608, 33, 3797, 2292, 2395, 3711, 1964, 3454, 2964, 2984, 2865, 2870, 397, 7, 491, 18, 1144, 889, 212, 1111, 30, 457, 45, 455, 257, 270, 812, 850, 1025, 40, 79, 657, 16, 223, 232, 98, 880]);
xx = array2d(1..19, 1..19, [18, 1, 14, 7, 1, 1, 1, 9, 20, 1, 21, 18, 9, 3, 1, 23, 1, 2, 19, 5, 13, 9, 18, 1, 1, 6, 18, 15, 1, 18, 15, 13, 1, 1, 1, 7, 5, 5, 16, 1, 4, 9, 1, 9, 12, 5, 24, 1, 1, 20, 1, 16, 1, 18, 1, 26, 5, 16, 8, 9, 12, 20, 18, 1, 1, 9, 15, 14, 1, 18, 9, 2, 19, 1, 1, 1, 1, 1, 1, 19, 21, 2, 10, 5, 3, 20, 9, 22, 9, 26, 1, 20, 9, 15, 14, 1, 13, 15, 5, 2, 1, 1, 1, 19, 9, 4, 5, 1, 1, 1, 12, 7, 1, 5, 8, 5, 14, 1, 1, 7, 1, 18, 1, 3, 5, 18, 5, 1, 1, 5, 1, 18, 14, 5, 3, 3, 15, 1, 19, 9, 3, 5, 1, 1, 1, 12, 1, 14, 1, 4, 25, 5, 1, 3, 5, 19, 1, 1, 18, 1, 18, 5, 4, 1, 5, 13, 9, 3, 1, 1, 1, 16, 1, 18, 1, 19, 25, 13, 16, 1, 20, 8, 15, 13, 9, 13, 5, 20, 9, 3, 1, 1, 1, 18, 8, 5, 1, 1, 19, 8, 1, 22, 5, 1, 1, 1, 5, 18, 15, 1, 2, 19, 1, 1, 18, 9, 1, 1, 1, 11, 9, 14, 1, 1, 19, 8, 1, 20, 2, 1, 14, 3, 1, 1, 12, 9, 4, 15, 1, 19, 20, 18, 5, 1, 5, 4, 8, 1, 2, 1, 14, 4, 1, 1, 4, 15, 14, 7, 1, 1, 1, 3, 11, 5, 5, 19, 19, 21, 16, 5, 18, 19, 16, 5, 3, 20, 1, 3, 21, 12, 1, 18, 1, 1, 1, 1, 1, 1, 13, 25, 14, 1, 1, 5, 15, 14, 1, 13, 9, 4, 9, 18, 15, 14, 11, 1, 26, 9, 1, 21, 12, 1, 14, 1, 4, 21, 13, 1, 1, 12, 1, 4, 5, 1, 7, 8, 1, 1, 2, 1, 14, 20, 1, 5, 20, 1, 19, 1, 12, 9, 4, 19, 6, 15, 15, 12, 1, 19, 25, 5, 19, 1, 18, 1, 8, 1, 1, 19, 1, 19, 8]);
----------
objective = 567;
ww = array1d(1..126, [311, 2426, 2356, 18454, 4876, 443, 464, 7091, 27718, 7838, 15392, 1085, 28436, 516, 7096, 5037, 17467, 6521, 11659, 116, 8994, 183, 9, 5758, 6557, 8831, 131, 7568, 6715, 512, 2528, 8411, 4520, 10117, 1482, 245, 9561, 4592, 1992, 3469, 3524, 1178, 3110, 1133, 18, 4, 267, 553, 1163, 3121, 108, 244, 2886, 3924, 3069, 3530, 2815, 4367, 37, 171, 36, 1970, 3826, 4430, 274, 4098, 2394, 59, 1198, 3072, 621, 3030, 4465, 3600, 192, 927, 2209, 1089, 1217, 4518, 78, 4043, 3535, 1177, 1131, 4573, 40, 3491, 1119, 608, 33, 3797, 2292, 2395, 3711, 1964, 3454, 2964, 2984, 2865, 2870, 397, 7, 141, 31, 199, 889, 212, 1111, 30, 457, 45, 455, 257, 270, 812, 850, 1025, 40, 79, 657, 16, 223, 232, 98, 888]);
xx = array2d(1..19, 1..19, [18, 1, 14, 7, 1, 1, 1, 9, 20, 1, 21, 18, 9, 3, 1, 23, 1, 2, 19, 5, 13, 9, 18, 1, 1, 6, 18, 15, 1, 18, 15, 13, 1, 1, 1, 7, 5, 5, 16, 1, 4, 9, 1, 9, 12, 5, 24, 1, 1, 20, 1, 16, 1, 18, 1, 26, 26, 16, 8, 9, 12, 20, 18, 1, 1, 9, 15, 14, 1, 18, 9, 2, 19, 1, 1, 1, 1, 1, 1, 19, 21, 2, 10, 5, 3, 20, 9, 22, 9, 26, 1, 20, 9, 15, 14, 1, 13, 15, 5, 2, 1, 1, 1, 19, 9, 4, 5, 1, 1, 1, 12, 7, 1, 5, 8, 5, 14, 1, 1, 7, 1, 18, 1, 3, 5, 18, 5, 1, 1, 5, 1, 18, 14, 5, 3, 3, 15, 1, 19, 9, 3, 5, 1, 1, 1, 12, 1, 14, 1, 4, 25, 5, 1, 3, 5, 19, 1, 1, 18, 1, 18, 5, 4, 1, 5, 13, 9, 3, 1, 1, 1, 16, 1, 18, 1, 19, 25, 13, 16, 1, 20, 8, 15, 13, 9, 13, 5, 20, 9, 3, 1, 1, 1, 18, 8, 5, 1, 1, 19, 8, 1, 22, 5, 1, 1, 1, 5, 18, 15, 1, 2, 19, 1, 1, 18, 9, 1, 1, 1, 11, 9, 14, 1, 1, 19, 8, 1, 20, 2, 1, 14, 3, 1, 1, 12, 9, 4, 15, 1, 19, 20, 18, 5, 1, 5, 4, 8, 1, 2, 1, 14, 4, 1, 1, 4, 15, 14, 7, 1, 1, 1, 3, 11, 5, 5, 19, 19, 21, 16, 5, 18, 19, 16, 5, 3, 20, 1, 3, 21, 12, 1, 18, 1, 1, 1, 1, 1, 1, 13, 25, 14, 1, 1, 5, 15, 14, 1, 13, 9, 4, 9, 18, 15, 14, 3, 1, 4, 9, 1, 21, 12, 1, 14, 1, 4, 21, 13, 1, 1, 12, 1, 4, 5, 5, 11, 11, 1, 1, 2, 1, 14, 20, 1, 5, 20, 1, 19, 1, 12, 9, 4, 19, 16, 1, 12, 12, 1, 19, 25, 5, 19, 1, 18, 1, 8, 1, 1, 19, 1, 19, 8]);
----------
objective = 568;
ww = array1d(1..126, [311, 2426, 2356, 18454, 4876, 443, 464, 7091, 27718, 7838, 15392, 1085, 28436, 516, 7096, 5037, 17467, 6521, 11659, 116, 8994, 183, 9, 5758, 6557, 8831, 131, 7568, 6715, 512, 2528, 8411, 4520, 10117, 1482, 245, 9561, 4592, 1992, 3469, 3524, 1178, 3110, 1133, 18, 4, 267, 2027, 4477, 838, 108, 244, 2886, 3924, 3069, 3530, 2815, 4367, 37, 171, 36, 1970, 3826, 4430, 274, 4098, 2394, 59, 1198, 3072, 621, 3030, 4465, 3600, 192, 927, 2209, 1089, 1217, 4518, 78, 4043, 3535, 1177, 1131, 4573, 40, 3491, 1119, 608, 33, 3797, 2292, 2395, 3711, 1964, 3454, 2964, 2984, 2865, 2870, 397, 7, 485, 69, 827, 889, 212, 1111, 30, 457, 45, 455, 257, 270, 812, 850, 1025, 40, 79, 657, 16, 223, 232, 98, 888]);
xx = array2d(1..19, 1..19, [18, 1, 14, 7, 1, 1, 1, 9, 20, 1, 21, 18, 9, 3, 1, 23, 1, 2, 19, 5, 13, 9, 18, 1, 1, 6, 18, 15, 1, 18, 15, 13, 1, 1, 1, 7, 5, 5, 16, 1, 4, 9, 1, 9, 12, 5, 24, 1, 1, 20, 1, 16, 1, 18, 1, 26, 26, 16, 8, 9, 12, 20, 18, 1, 1, 9, 15, 14, 1, 18, 9, 2, 19, 1, 1, 1, 1, 1, 1, 19, 21, 2, 10, 5, 3, 20, 9, 22, 9, 26, 1, 20, 9, 15, 14, 1, 13, 15, 5, 2, 1, 1, 1, 19, 9, 4, 5, 1, 1, 1, 12, 7, 1, 5, 8, 5, 14, 1, 1, 7, 1, 18, 1, 3, 5, 18, 5, 1, 1, 5, 1, 18, 14, 5, 3, 3, 15, 1, 19, 9, 3, 5, 1, 1, 1, 12, 1, 14, 1, 4, 25, 5, 1, 3, 5, 19, 1, 1, 18, 1, 18, 5, 4, 1, 5, 13, 9, 3, 1, 1, 1, 16, 1, 18, 1, 19, 25, 13, 16, 1, 20, 8, 15, 13, 9, 13, 5, 20, 9, 3, 1, 1, 1, 18, 8, 5, 1, 1, 19, 8, 1, 22, 5, 1, 1, 1, 5, 18, 15, 1, 2, 19, 1, 1, 18, 9, 1, 1, 1, 11, 9, 14, 1, 1, 19, 8, 1, 20, 2, 1, 14, 3, 1, 1, 12, 9, 4, 15, 1, 19, 20, 18, 5, 1, 5, 4, 8, 1, 2, 1, 14, 4, 1, 1, 4, 15, 14, 7, 1, 1, 1, 3, 11, 5, 5, 19, 19, 21, 16, 5, 18, 19, 16, 5, 3, 20, 1, 3, 21, 12, 1, 18, 1, 1, 1, 1, 1, 1, 13, 25, 14, 1, 1, 5, 15, 14, 1, 13, 9, 4, 9, 18, 15, 14, 10, 1, 18, 9, 1, 21, 12, 1, 14, 1, 4, 21, 13, 1, 1, 12, 1, 4, 5, 21, 22, 5, 1, 1, 2, 1, 14, 20, 1, 5, 20, 1, 19, 1, 12, 9, 4, 19, 4, 1, 8, 12, 1, 19, 25, 5, 19, 1, 18, 1, 8, 1, 1, 19, 1, 19, 8]);
----------
objective = 569;
ww = array1d(1..126, [311, 2426, 2356, 18454, 4876, 443, 464, 7091, 27718, 7838, 15392, 1085, 28436, 516, 7096, 5037, 17467, 6521, 11659, 116, 8994, 183, 9, 5758, 6557, 8831, 131, 7568, 6715, 512, 2528, 8411, 4520, 10117, 1482, 245, 9561, 4592, 1992, 3469, 3524, 1178, 3110, 1133, 18, 4, 267, 2132, 44, 4654, 108, 244, 2886, 3924, 3069, 3530, 2815, 4367, 37, 171, 36, 1970, 3826, 4430, 274, 4098, 2394, 59, 1198, 3072, 621, 3030, 4465, 3600, 192, 927, 2209, 1089, 1217, 4518, 78, 4043, 3535, 1177, 1131, 4573, 40, 3491, 1119, 608, 33, 3797, 2292, 2395, 3711, 1964, 3454, 2964, 2984, 2865, 2870, 397, 7, 496, 17, 507, 889, 212, 1111, 30, 457, 45, 455, 257, 270, 812, 850, 1025, 40, 79, 657, 16, 223, 232, 98, 888]);
xx = array2d(1..19, 1..19, [18, 1, 14, 7, 1, 1, 1, 9, 20, 1, 21, 18, 9, 3, 1, 23, 1, 2, 19, 5, 13, 9, 18, 1, 1, 6, 18, 15, 1, 18, 15, 13, 1, 1, 1, 7, 5, 5, 16, 1, 4, 9, 1, 9, 12, 5, 24, 1, 1, 20, 1, 16, 1, 18, 1, 26, 26, 16, 8, 9, 12, 20, 18, 1, 1, 9, 15, 14, 1, 18, 9, 2, 19, 1, 1, 1, 1, 1, 1, 19, 21, 2, 10, 5, 3, 20, 9, 22, 9, 26, 1, 20, 9, 15, 14, 1, 13, 15, 5, 2, 1, 1, 1, 19, 9, 4, 5, 1, 1, 1, 12, 7, 1, 5, 8, 5, 14, 1, 1, 7, 1, 18, 1, 3, 5, 18, 5, 1, 1, 5, 1, 18, 14, 5, 3, 3, 15, 1, 19, 9, 3, 5, 1, 1, 1, 12, 1, 14, 1, 4, 25, 5, 1, 3, 5, 19, 1, 1, 18, 1, 18, 5, 4, 1, 5, 13, 9, 3, 1, 1, 1, 16, 1, 18, 1, 19, 25, 13, 16, 1, 20, 8, 15, 13, 9, 13, 5, 20, 9, 3, 1, 1, 1, 18, 8, 5, 1, 1, 19, 8, 1, 22, 5, 1, 1, 1, 5, 18, 15, 1, 2, 19, 1, 1, 18, 9, 1, 1, 1, 11, 9, 14, 1, 1, 19, 8, 1, 20, 2, 1, 14, 3, 1, 1, 12, 9, 4, 15, 1, 19, 20, 18, 5, 1, 5, 4, 8, 1, 2, 1, 14, 4, 1, 1, 4, 15, 14, 7, 1, 1, 1, 3, 11, 5, 5, 19, 19, 21, 16, 5, 18, 19, 16, 5, 3, 20, 1, 3, 21, 12, 1, 18, 1, 1, 1, 1, 1, 1, 13, 25, 14, 1, 1, 5, 15, 14, 1, 13, 9, 4, 9, 18, 15, 14, 11, 1, 11, 9, 1, 21, 12, 1, 14, 1, 4, 21, 13, 1, 1, 12, 1, 4, 5, 1, 7, 8, 1, 1, 2, 1, 14, 20, 1, 5, 20, 1, 19, 1, 12, 9, 4, 19, 23, 5, 9, 12, 1, 19, 25, 5, 19, 1, 18, 1, 8, 1, 1, 19, 1, 19, 8]);
----------
objective = 574;
ww = array1d(1..126, [311, 2426, 2356, 18454, 4876, 443, 464, 7091, 27718, 7838, 15392, 1085, 28436, 516, 7096, 5037, 17467, 6521, 11659, 116, 8994, 183, 9, 5758, 6557, 8831, 131, 7568, 6715, 512, 2528, 8411, 4520, 10117, 1482, 245, 9561, 4592, 1992, 3469, 3524, 1178, 3110, 1133, 18, 4, 267, 2156, 44, 1409, 108, 244, 2886, 3924, 3069, 3530, 2815, 4367, 37, 171, 36, 1970, 3826, 4430, 274, 4098, 2394, 59, 1198, 3072, 621, 3030, 4465, 3600, 192, 927, 2209, 1089, 1217, 4518, 78, 4043, 3535, 1177, 1131, 4573, 40, 3491, 1119, 608, 33, 3797, 2292, 2395, 3711, 1964, 3454, 2964, 2984, 2865, 2870, 397, 7, 491, 18, 1144, 889, 212, 1111, 30, 457, 45, 455, 257, 270, 812, 850, 1025, 40, 79, 657, 16, 223, 232, 98, 888]);
xx = array2d(1..19, 1..19, [18, 1, 14, 7, 1, 1, 1, 9, 20, 1, 21, 18, 9, 3, 1, 23, 1, 2, 19, 5, 13, 9, 18, 1, 1, 6, 18, 15, 1, 18, 15, 13, 1, 1, 1, 7, 5, 5, 16, 1, 4, 9, 1, 9, 12, 5, 24, 1, 1, 20, 1, 16, 1, 18, 1, 26, 26, 16, 8, 9, 12, 20, 18, 1, 1, 9, 15, 14, 1, 18, 9, 2, 19, 1, 1, 1, 1, 1, 1, 19, 21, 2, 10, 5, 3, 20, 9, 22, 9, 26, 1, 20, 9, 15, 14, 1, 13, 15, 5, 2, 1, 1, 1, 19, 9, 4, 5, 1, 1, 1, 12, 7, 1, 5, 8, 5, 14, 1, 1, 7, 1, 18, 1, 3, 5, 18, 5, 1, 1, 5, 1, 18, 14, 5, 3, 3, 15, 1, 19, 9, 3, 5, 1, 1, 1, 12, 1, 14, 1, 4, 25, 5, 1, 3, 5, 19, 1, 1, 18, 1, 18, 5, 4, 1, 5, 13, 9, 3, 1, 1, 1, 16, 1, 18, 1, 19, 25, 13, 16, 1, 20, 8, 15, 13, 9, 13, 5, 20, 9, 3, 1, 1, 1, 18, 8, 5, 1, 1, 19, 8, 1, 22, 5, 1, 1, 1, 5, 18, 15, 1, 2, 19, 1, 1, 18, 9, 1, 1, 1, 11, 9, 14, 1, 1, 19, 8, 1, 20, 2, 1, 14, 3, 1, 1, 12, 9, 4, 15, 1, 19, 20, 18, 5, 1, 5, 4, 8, 1, 2, 1, 14, 4, 1, 1, 4, 15, 14, 7, 1, 1, 1, 3, 11, 5, 5, 19, 19, 21, 16, 5, 18, 19, 16, 5, 3, 20, 1, 3, 21, 12, 1, 18, 1, 1, 1, 1, 1, 1, 13, 25, 14, 1, 1, 5, 15, 14, 1, 13, 9, 4, 9, 18, 15, 14, 11, 1, 26, 9, 1, 21, 12, 1, 14, 1, 4, 21, 13, 1, 1, 12, 1, 4, 5, 1, 7, 8, 1, 1, 2, 1, 14, 20, 1, 5, 20, 1, 19, 1, 12, 9, 4, 19, 6, 15, 15, 12, 1, 19, 25, 5, 19, 1, 18, 1, 8, 1, 1, 19, 1, 19, 8]);
----------
objective = 577;
ww = array1d(1..126, [311, 2426, 2356, 18454, 4876, 443, 464, 7091, 27718, 7838, 15392, 1085, 28436, 516, 7096, 5037, 17467, 6521, 11659, 116, 8994, 183, 9, 5758, 6557, 8831, 131, 7568, 6715, 512, 2528, 8411, 4520, 10117, 1482, 245, 9561, 4592, 1992, 3469, 3524, 1178, 3110, 1133, 18, 4, 267, 2156, 44, 1409, 108, 244, 2886, 3924, 3069, 3530, 2815, 4367, 37, 171, 36, 1970, 3826, 4430, 274, 4098, 2394, 59, 1198, 3072, 621, 3030, 4465, 3600, 192, 927, 2209, 1089, 1217, 4518, 78, 4043, 3535, 1177, 1131, 4573, 74, 3491, 1119, 608, 33, 3797, 2292, 2395, 3711, 1964, 3454, 2964, 2984, 2865, 2870, 397, 7, 491, 18, 1144, 889, 212, 1111, 30, 457, 45, 455, 257, 270, 812, 850, 1025, 40, 79, 657, 31, 223, 232, 98, 888]);
xx = array2d(1..19, 1..19, [18, 1, 14, 7, 1, 1, 1, 9, 20, 1, 21, 18, 9, 3, 1, 23, 1, 2, 19, 5, 13, 9, 18, 1, 1, 6, 18, 15, 1, 18, 15, 13, 1, 1, 1, 11, 5, 5, 16, 1, 4, 9, 1, 9, 12, 5, 24, 1, 1, 20, 1, 16, 1, 18, 1, 26, 26, 16, 8, 9, 12, 20, 18, 1, 1, 9, 15, 14, 1, 18, 9, 2, 19, 1, 1, 1, 1, 1, 1, 19, 21, 2, 10, 5, 3, 20, 9, 22, 9, 26, 1, 20, 9, 15, 14, 1, 13, 15, 5, 2, 1, 1, 1, 19, 9, 4, 5, 1, 1, 1, 12, 7, 1, 5, 8, 5, 14, 1, 1, 7, 1, 18, 1, 3, 5, 18, 5, 1, 1, 5, 1, 18, 14, 5, 3, 3, 15, 1, 19, 9, 3, 5, 1, 1, 1, 12, 1, 14, 1, 4, 25, 5, 1, 3, 5, 19, 1, 1, 18, 1, 18, 5, 4, 1, 5, 13, 9, 3, 1, 1, 1, 16, 1, 18, 1, 19, 25, 13, 16, 1, 20, 8, 15, 13, 9, 13, 5, 20, 9, 3, 1, 1, 1, 18, 8, 5, 1, 1, 19, 8, 1, 22, 5, 1, 1, 1, 5, 18, 15, 1, 2, 19, 1, 1, 18, 9, 1, 1, 1, 11, 9, 14, 1, 1, 19, 8, 1, 20, 2, 1, 14, 3, 1, 1, 12, 9, 4, 15, 1, 19, 20, 18, 5, 1, 5, 4, 8, 1, 2, 1, 14, 4, 1, 1, 4, 15, 14, 7, 1, 1, 1, 3, 11, 5, 5, 19, 19, 21, 16, 5, 18, 19, 16, 5, 3, 20, 1, 3, 21, 12, 1, 18, 1, 1, 1, 1, 1, 1, 13, 25, 14, 1, 1, 5, 15, 14, 1, 13, 9, 4, 9, 18, 15, 14, 11, 1, 26, 9, 1, 21, 12, 1, 14, 1, 4, 21, 13, 1, 1, 12, 1, 4, 5, 1, 7, 8, 1, 1, 2, 1, 14, 20, 1, 5, 20, 1, 19, 1, 12, 9, 4, 19, 6, 15, 15, 12, 1, 19, 25, 5, 19, 1, 18, 1, 8, 1, 1, 19, 1, 19, 8]);
----------
objective = 579;
ww = array1d(1..126, [311, 2426, 2356, 18454, 4876, 443, 464, 7091, 27718, 7838, 15392, 1085, 28436, 516, 7096, 5037, 17467, 6521, 11659, 116, 8994, 183, 9, 5758, 6557, 8831, 131, 7568, 6715, 512, 2528, 8411, 4520, 10117, 1482, 245, 9561, 4592, 1992, 3469, 3524, 1178, 3110, 1133, 18, 4, 267, 2156, 44, 1409, 108, 244, 2886, 3924, 3069, 3530, 2815, 4367, 37, 171, 36, 1970, 3826, 4430, 274, 4098, 2394, 59, 1198, 3072, 621, 3030, 4465, 3600, 192, 927, 2209, 1089, 1217, 4518, 78, 4043, 3535, 1177, 1131, 4583, 114, 3491, 1119, 608, 33, 3797, 2292, 2395, 3711, 1964, 3454, 2964, 2984, 2865, 2870, 397, 7, 491, 18, 1144, 889, 212, 1111, 30, 457, 45, 455, 257, 270, 812, 850, 1025, 40, 79, 657, 39, 223, 232, 306, 296]);
xx = array2d(1..19, 1..19, [18, 1, 14, 7, 1, 1, 1, 9, 20, 1, 21, 18, 9, 3, 1, 23, 1, 6, 6, 5, 13, 9, 18, 1, 1, 6, 18, 15, 1, 18, 15, 13, 1, 1, 1, 13, 9, 5, 16, 1, 4, 9, 1, 9, 12, 5, 24, 1, 1, 20, 1, 16, 1, 18, 1, 26, 26, 16, 8, 9, 12, 20, 18, 1, 1, 9, 15, 14, 1, 18, 9, 2, 19, 1, 1, 1, 1, 1, 1, 19, 21, 2, 10, 5, 3, 20, 9, 22, 9, 26, 1, 20, 9, 15, 14, 1, 13, 15, 5, 2, 1, 1, 1, 19, 9, 4, 5, 1, 1, 1, 12, 7, 1, 5, 8, 5, 14, 1, 1, 7, 1, 18, 1, 3, 5, 18, 5, 1, 1, 5, 1, 18, 14, 5, 3, 3, 15, 1, 19, 9, 3, 5, 1, 1, 1, 12, 1, 14, 1, 4, 25, 5, 1, 3, 5, 19, 1, 1, 18, 1, 18, 5, 4, 1, 5, 13, 9, 3, 1, 1, 1, 16, 1, 18, 1, 19, 25, 13, 16, 1, 20, 8, 15, 13, 9, 13, 5, 20, 9, 3, 1, 1, 1, 18, 8, 5, 1, 1, 19, 8, 1, 22, 5, 1, 1, 1, 5, 18, 15, 1, 2, 19, 1, 1, 18, 9, 1, 1, 1, 11, 9, 14, 1, 1, 19, 8, 1, 20, 2, 1, 14, 3, 1, 1, 12, 9, 4, 15, 1, 19, 20, 18, 5, 1, 5, 4, 8, 1, 2, 1, 14, 4, 1, 1, 4, 15, 14, 7, 1, 1, 1, 3, 11, 5, 5, 19, 19, 21, 16, 5, 18, 19, 16, 5, 3, 20, 1, 3, 21, 12, 1, 18, 1, 1, 1, 1, 1, 1, 13, 25, 14, 1, 1, 5, 15, 14, 1, 13, 9, 4, 9, 18, 15, 14, 11, 1, 26, 9, 1, 21, 12, 1, 14, 1, 4, 21, 13, 1, 1, 12, 1, 4, 5, 1, 7, 8, 1, 1, 2, 1, 14, 20, 1, 5, 20, 1, 19, 1, 12, 9, 4, 19, 6, 15, 15, 12, 1, 19, 25, 5, 19, 1, 18, 1, 8, 1, 1, 19, 1, 19, 8]);
----------
objective = 580;
ww = array1d(1..126, [311, 2426, 2356, 18454, 4876, 443, 464, 7091, 27718, 7838, 15392, 1085, 10302, 516, 7096, 5037, 17467, 6521, 11659, 116, 8994, 183, 9, 5758, 6557, 8831, 131, 7568, 6715, 512, 2528, 8411, 4520, 10117, 1482, 245, 9561, 4592, 1992, 3469, 3524, 1178, 3110, 1133, 18, 4, 267, 2156, 44, 1409, 108, 244, 2886, 3924, 3069, 3530, 2815, 4367, 37, 171, 36, 1970, 3826, 4430, 274, 4098, 2394, 59, 1198, 3072, 621, 3030, 4465, 3600, 192, 927, 2209, 1089, 1217, 4518, 78, 4043, 3535, 1177, 1131, 1589, 1736, 3101, 4782, 608, 33, 3797, 2292, 2395, 3711, 1964, 3454, 2964, 2984, 2865, 2870, 397, 7, 491, 18, 1144, 889, 212, 1111, 30, 457, 45, 455, 257, 270, 812, 850, 1025, 40, 79, 657, 470, 223, 232, 1008, 877]);
xx = array2d(1..19, 1..19, [18, 1, 14, 7, 1, 1, 1, 9, 20, 1, 21, 18, 9, 3, 1, 7, 10, 21, 19, 5, 13, 9, 18, 1, 1, 6, 18, 15, 1, 18, 15, 13, 1, 1, 8, 1, 11, 1, 16, 1, 4, 9, 1, 9, 12, 5, 24, 1, 1, 20, 1, 16, 1, 15, 25, 5, 26, 16, 8, 9, 12, 20, 18, 1, 1, 9, 15, 14, 1, 18, 9, 2, 19, 1, 1, 1, 1, 1, 1, 19, 21, 2, 10, 5, 3, 20, 9, 22, 9, 26, 1, 20, 9, 15, 14, 1, 13, 15, 5, 2, 1, 1, 1, 19, 9, 4, 5, 1, 1, 1, 12, 7, 1, 5, 8, 5, 14, 1, 1, 7, 1, 18, 1, 3, 5, 18, 5, 1, 1, 25, 1, 18, 14, 5, 3, 3, 15, 1, 19, 9, 3, 5, 1, 1, 1, 12, 1, 14, 1, 4, 25, 5, 1, 3, 5, 19, 1, 1, 18, 1, 18, 5, 4, 1, 5, 13, 9, 3, 1, 1, 1, 16, 1, 18, 1, 19, 25, 13, 16, 1, 20, 8, 15, 13, 9, 13, 5, 20, 9, 3, 1, 1, 1, 18, 8, 5, 1, 1, 19, 8, 1, 22, 5, 1, 1, 1, 5, 18, 15, 1, 2, 19, 1, 1, 18, 9, 1, 1, 1, 11, 9, 14, 1, 1, 19, 8, 1, 20, 2, 1, 14, 3, 1, 1, 12, 9, 4, 15, 1, 19, 20, 18, 5, 1, 5, 4, 8, 1, 2, 1, 14, 4, 1, 1, 4, 15, 14, 7, 1, 1, 1, 3, 11, 5, 5, 19, 19, 21, 16, 5, 18, 19, 16, 5, 3, 20, 1, 3, 21, 12, 1, 18, 1, 1, 1, 1, 1, 1, 13, 25, 14, 1, 1, 5, 15, 14, 1, 13, 9, 4, 9, 18, 15, 14, 11, 1, 26, 9, 1, 21, 12, 1, 14, 1, 4, 21, 13, 1, 1, 12, 1, 4, 5, 1, 7, 8, 1, 1, 2, 1, 14, 20, 1, 5, 20, 1, 19, 1, 12, 9, 4, 19, 6, 15, 15, 12, 1, 19, 25, 5, 19, 1, 18, 1, 8, 1, 1, 19, 1, 19, 8]);
----------
objective = 582;
ww = array1d(1..126, [311, 2426, 2356, 18454, 4876, 443, 464, 7091, 27718, 7838, 15392, 1085, 25250, 516, 7096, 5037, 17467, 6521, 11659, 116, 8994, 183, 9, 5758, 6557, 8831, 131, 7568, 6715, 512, 2528, 8411, 4520, 10117, 1482, 921, 9561, 4592, 1992, 3469, 3524, 1178, 3110, 1133, 18, 4, 267, 2156, 44, 1409, 108, 244, 2886, 3924, 3069, 3530, 2815, 4367, 37, 171, 36, 1970, 3826, 4430, 274, 4098, 2394, 59, 1198, 3072, 621, 3030, 4465, 3600, 192, 927, 2209, 1089, 1217, 4518, 78, 4043, 3536, 1177, 1131, 4184, 114, 543, 589, 608, 33, 3797, 2292, 2395, 3711, 1964, 3454, 2964, 2984, 2865, 2870, 397, 7, 491, 18, 1144, 889, 212, 1111, 30, 457, 45, 455, 257, 270, 812, 850, 1025, 40, 130, 657, 253, 223, 232, 306, 296]);
xx = array2d(1..19, 1..19, [18, 1, 14, 7, 1, 1, 1, 9, 20, 1, 21, 18, 9, 3, 1, 20, 5, 6, 6, 5, 13, 9, 18, 1, 1, 6, 18, 15, 1, 18, 15, 13, 1, 1, 1, 13, 9, 5, 16, 1, 4, 9, 1, 9, 12, 5, 24, 1, 1, 20, 1, 16, 1, 2, 21, 26, 26, 16, 8, 9, 12, 20, 18, 1, 1, 9, 15, 14, 1, 18, 9, 3, 5, 1, 1, 1, 1, 1, 1, 19, 21, 2, 10, 5, 3, 20, 9, 22, 9, 26, 1, 20, 9, 15, 14, 1, 13, 15, 5, 2, 1, 1, 1, 19, 9, 4, 5, 1, 1, 2, 9, 7, 1, 5, 8, 5, 14, 1, 1, 7, 1, 18, 1, 3, 5, 18, 5, 1, 1, 3, 1, 18, 14, 5, 3, 3, 15, 1, 19, 9, 3, 5, 1, 1, 1, 12, 1, 14, 1, 4, 25, 5, 1, 3, 5, 19, 1, 1, 18, 1, 18, 5, 4, 1, 5, 13, 9, 3, 1, 1, 1, 16, 1, 18, 1, 19, 25, 13, 16, 1, 20, 8, 15, 13, 9, 13, 5, 20, 9, 3, 1, 1, 1, 18, 8, 5, 1, 1, 19, 8, 1, 22, 5, 1, 1, 1, 5, 18, 15, 1, 2, 19, 1, 1, 18, 9, 1, 1, 1, 11, 9, 14, 1, 1, 19, 8, 1, 20, 2, 1, 14, 3, 1, 1, 12, 9, 4, 15, 1, 19, 20, 18, 5, 1, 5, 4, 8, 1, 2, 1, 14, 4, 1, 1, 4, 15, 14, 7, 1, 1, 1, 3, 11, 5, 5, 19, 19, 21, 16, 5, 18, 19, 16, 5, 3, 20, 1, 3, 21, 12, 1, 18, 1, 1, 1, 1, 1, 1, 13, 25, 14, 1, 1, 5, 15, 14, 1, 13, 9, 4, 9, 18, 15, 14, 11, 1, 26, 9, 1, 21, 12, 1, 14, 1, 4, 21, 13, 1, 1, 12, 1, 4, 5, 1, 7, 8, 1, 1, 2, 1, 14, 20, 1, 5, 20, 1, 19, 1, 12, 9, 4, 19, 6, 15, 15, 12, 1, 19, 25, 5, 19, 1, 18, 1, 8, 1, 1, 19, 1, 19, 8]);
----------
objective = 583;
ww = array1d(1..126, [311, 2426, 2356, 18454, 4876, 443, 464, 7091, 27718, 7838, 15392, 1085, 1242, 516, 7096, 5037, 17467, 6521, 11659, 116, 8994, 183, 9, 5758, 6557, 8831, 131, 7568, 6715, 512, 2528, 8411, 4520, 10117, 1482, 921, 9561, 4592, 1992, 3469, 3524, 1178, 3110, 1133, 18, 4, 267, 4917, 2010, 1708, 108, 244, 2886, 3924, 3069, 3530, 2815, 4367, 37, 171, 36, 1970, 3826, 4430, 274, 4098, 2394, 59, 1198, 3072, 621, 3030, 4465, 3600, 192, 927, 2209, 1089, 1217, 4518, 78, 4043, 3536, 1177, 1131, 239, 3800, 768, 589, 608, 33, 3797, 2292, 2395, 3711, 1964, 3454, 2964, 2984, 2865, 2870, 397, 7, 1145, 738, 835, 889, 212, 1111, 30, 457, 45, 455, 257, 270, 812, 850, 1025, 40, 130, 657, 1144, 223, 232, 1115, 593]);
xx = array2d(1..19, 1..19, [18, 1, 14, 7, 1, 1, 1, 9, 20, 1, 21, 18, 9, 3, 1, 1, 26, 25, 13, 5, 13, 9, 18, 1, 1, 6, 18, 15, 1, 18, 15, 13, 1, 1, 19, 8, 5, 1, 16, 1, 4, 9, 1, 9, 12, 5, 24, 1, 1, 20, 1, 16, 1, 3, 15, 24, 25, 16, 8, 9, 12, 20, 18, 1, 1, 9, 15, 14, 1, 18, 9, 3, 5, 1, 1, 1, 1, 1, 1, 19, 21, 2, 10, 5, 3, 20, 9, 22, 9, 26, 1, 20, 9, 15, 14, 1, 13, 15, 5, 2, 1, 1, 1, 19, 9, 4, 5, 1, 1, 2, 9, 7, 1, 5, 8, 5, 14, 1, 1, 7, 1, 18, 1, 3, 5, 18, 5, 1, 1, 3, 1, 18, 14, 5, 3, 3, 15, 1, 19, 9, 3, 5, 1, 1, 1, 12, 1, 14, 1, 4, 25, 5, 1, 3, 5, 19, 1, 1, 18, 1, 18, 5, 4, 1, 5, 13, 9, 3, 1, 1, 1, 16, 1, 18, 1, 19, 25, 13, 16, 1, 20, 8, 15, 13, 9, 13, 5, 20, 9, 3, 1, 1, 1, 18, 8, 5, 1, 1, 19, 8, 1, 22, 5, 1, 1, 1, 5, 18, 15, 1, 2, 19, 1, 1, 18, 9, 1, 1, 1, 11, 9, 14, 1, 1, 19, 8, 1, 20, 2, 1, 14, 3, 1, 1, 12, 9, 4, 15, 1, 19, 20, 18, 5, 1, 5, 4, 8, 1, 2, 1, 14, 4, 1, 1, 4, 15, 14, 7, 1, 1, 1, 3, 11, 5, 5, 19, 19, 21, 16, 5, 18, 19, 16, 5, 3, 20, 1, 3, 21, 12, 1, 18, 1, 1, 1, 1, 1, 1, 13, 25, 14, 1, 1, 5, 15, 14, 1, 13, 9, 4, 9, 18, 15, 14, 26, 15, 18, 9, 1, 21, 12, 1, 14, 1, 4, 21, 13, 1, 1, 12, 1, 4, 5, 9, 24, 9, 1, 1, 2, 1, 14, 20, 1, 5, 20, 1, 19, 1, 12, 9, 4, 19, 7, 25, 1, 12, 1, 19, 25, 5, 19, 1, 18, 1, 8, 1, 1, 19, 1, 19, 8]);
----------
objective = 584;
ww = array1d(1..126, [311, 2426, 2356, 18454, 4876, 443, 464, 7091, 27718, 7838, 15392, 1085, 7092, 516, 7096, 5037, 17467, 6521, 11659, 116, 8994, 183, 9, 5758, 6557, 8831, 131, 7568, 6715, 512, 2528, 8411, 4520, 10117, 1482, 921, 9561, 4592, 1992, 3469, 3524, 1178, 3110, 1133, 18, 4, 267, 2156, 44, 1409, 108, 244, 2886, 3924, 3069, 3530, 2815, 4367, 37, 171, 36, 1970, 3826, 4430, 274, 4098, 2394, 59, 1198, 3072, 621, 3030, 4465, 3600, 192, 927, 2209, 1089, 1217, 4518, 78, 4043, 3536, 1177, 1131, 1046, 2998, 771, 589, 608, 33, 3797, 2292, 2395, 3711, 1964, 3454, 2964, 2984, 2865, 2870, 397, 7, 491, 18, 1144, 889, 212, 1111, 30, 457, 45, 455, 257, 270, 812, 850, 1025, 40, 130, 657, 697, 223, 232, 1149, 1106]);
xx = array2d(1..19, 1..19, [18, 1, 14, 7, 1, 1, 1, 9, 20, 1, 21, 18, 9, 3, 1, 4, 15, 26, 25, 5, 13, 9, 18, 1, 1, 6, 18, 15, 1, 18, 15, 13, 1, 1, 15, 8, 9, 1, 16, 1, 4, 9, 1, 9, 12, 5, 24, 1, 1, 20, 1, 16, 1, 3, 15, 26, 25, 16, 8, 9, 12, 20, 18, 1, 1, 9, 15, 14, 1, 18, 9, 3, 5, 1, 1, 1, 1, 1, 1, 19, 21, 2, 10, 5, 3, 20, 9, 22, 9, 26, 1, 20, 9, 15, 14, 1, 13, 15, 5, 2, 1, 1, 1, 19, 9, 4, 5, 1, 1, 2, 9, 7, 1, 5, 8, 5, 14, 1, 1, 7, 1, 18, 1, 3, 5, 18, 5, 1, 1, 3, 1, 18, 14, 5, 3, 3, 15, 1, 19, 9, 3, 5, 1, 1, 1, 12, 1, 14, 1, 4, 25, 5, 1, 3, 5, 19, 1, 1, 18, 1, 18, 5, 4, 1, 5, 13, 9, 3, 1, 1, 1, 16, 1, 18, 1, 19, 25, 13, 16, 1, 20, 8, 15, 13, 9, 13, 5, 20, 9, 3, 1, 1, 1, 18, 8, 5, 1, 1, 19, 8, 1, 22, 5, 1, 1, 1, 5, 18, 15, 1, 2, 19, 1, 1, 18, 9, 1, 1, 1, 11, 9, 14, 1, 1, 19, 8, 1, 20, 2, 1, 14, 3, 1, 1, 12, 9, 4, 15, 1, 19, 20, 18, 5, 1, 5, 4, 8, 1, 2, 1, 14, 4, 1, 1, 4, 15, 14, 7, 1, 1, 1, 3, 11, 5, 5, 19, 19, 21, 16, 5, 18, 19, 16, 5, 3, 20, 1, 3, 21, 12, 1, 18, 1, 1, 1, 1, 1, 1, 13, 25, 14, 1, 1, 5, 15, 14, 1, 13, 9, 4, 9, 18, 15, 14, 11, 1, 26, 9, 1, 21, 12, 1, 14, 1, 4, 21, 13, 1, 1, 12, 1, 4, 5, 1, 7, 8, 1, 1, 2, 1, 14, 20, 1, 5, 20, 1, 19, 1, 12, 9, 4, 19, 6, 15, 15, 12, 1, 19, 25, 5, 19, 1, 18, 1, 8, 1, 1, 19, 1, 19, 8]);
----------
