mznc2018_probs/vrplc/vrplc9_5_10_s1.dzn
arr = array1d(1..40, [18, 17, 18, 37, 17, 48, 12, 60, 12, 22, 39, 58, 111, 93, 63, 69, 70, 87, 57, 64, 0, 0, 0, 0, 0, 0, 0, 0, 0, 0, 122, 128, 139, 93, 107, 84, 108, 0, 0, 0]);
dep = array1d(1..40, [32, 37, 48, 54, 35, 62, 43, 80, 28, 37, 53, 93, 127, 110, 81, 83, 85, 105, 67, 96, 0, 0, 0, 0, 0, 0, 0, 0, 0, 0, 122, 128, 139, 93, 107, 84, 108, 0, 0, 0]);
load = array1d(1..40, [1, 3, 3, 7, 4, 5, 1, 2, 2, 1, 0, 4, 0, 0, 0, 3, 0, 0, 0, 0, 0, 0, 0, 0, 0, 0, 0, 0, 0, 0, 0, 0, 0, 0, 0, 0, 0, 0, 0, 0]);
objective = 397;
ser = array1d(1..40, [18, 24, 32, 37, 17, 48, 28, 62, 18, 22, 39, 80, 111, 93, 63, 69, 70, 87, 57, 81, 0, 0, 0, 0, 0, 0, 0, 0, 0, 0, 122, 128, 139, 93, 107, 84, 108, 0, 0, 0]);
succ = array1d(1..40, [11, 4, 6, 12, 15, 16, 17, 18, 19, 20, 8, 14, 33, 32, 34, 13, 35, 31, 36, 37, 1, 2, 3, 5, 7, 9, 10, 38, 39, 40, 22, 23, 24, 25, 26, 27, 28, 29, 30, 21]);
veh = array1d(1..40, [1, 2, 3, 2, 4, 3, 5, 1, 6, 7, 1, 2, 3, 2, 4, 3, 5, 1, 6, 7, 1, 2, 3, 4, 5, 6, 7, 8, 9, 10, 1, 2, 3, 4, 5, 6, 7, 8, 9, 10]);
----------
arr = array1d(1..40, [18, 17, 18, 37, 17, 48, 12, 60, 37, 22, 39, 58, 111, 93, 63, 69, 110, 87, 76, 64, 0, 0, 0, 0, 0, 0, 0, 0, 0, 0, 122, 128, 139, 93, 147, 108, 0, 0, 0, 0]);
dep = array1d(1..40, [32, 37, 48, 54, 35, 62, 37, 80, 47, 37, 53, 93, 127, 110, 81, 83, 125, 105, 86, 96, 0, 0, 0, 0, 0, 0, 0, 0, 0, 0, 122, 128, 139, 93, 147, 108, 0, 0, 0, 0]);
load = array1d(1..40, [1, 3, 3, 7, 4, 5, 1, 2, 3, 1, 0, 4, 0, 0, 0, 3, 0, 0, 1, 0, 0, 0, 0, 0, 0, 0, 0, 0, 0, 0, 0, 0, 0, 0, 0, 0, 0, 0, 0, 0]);
objective = 365;
ser = array1d(1..40, [18, 24, 32, 37, 17, 48, 22, 62, 37, 22, 39, 80, 111, 93, 63, 69, 110, 87, 76, 81, 0, 0, 0, 0, 0, 0, 0, 0, 0, 0, 122, 128, 139, 93, 147, 108, 0, 0, 0, 0]);
succ = array1d(1..40, [11, 4, 6, 12, 15, 16, 9, 18, 19, 20, 8, 14, 33, 32, 34, 13, 35, 31, 17, 36, 1, 2, 3, 5, 7, 10, 37, 38, 39, 40, 22, 23, 24, 25, 26, 27, 28, 29, 30, 21]);
veh = array1d(1..40, [1, 2, 3, 2, 4, 3, 5, 1, 5, 6, 1, 2, 3, 2, 4, 3, 5, 1, 5, 6, 1, 2, 3, 4, 5, 6, 7, 8, 9, 10, 1, 2, 3, 4, 5, 6, 7, 8, 9, 10]);
----------
arr = array1d(1..40, [18, 17, 32, 37, 17, 18, 12, 62, 37, 22, 55, 58, 97, 93, 63, 87, 110, 101, 76, 64, 0, 0, 0, 0, 0, 0, 0, 0, 0, 0, 125, 128, 136, 93, 147, 108, 0, 0, 0, 0]);
dep = array1d(1..40, [32, 37, 48, 54, 35, 62, 37, 80, 47, 37, 69, 93, 113, 110, 81, 101, 125, 119, 86, 96, 0, 0, 0, 0, 0, 0, 0, 0, 0, 0, 125, 128, 136, 93, 147, 108, 0, 0, 0, 0]);
load = array1d(1..40, [1, 3, 4, 7, 4, 2, 1, 4, 3, 1, 3, 4, 0, 0, 0, 2, 0, 0, 1, 0, 0, 0, 0, 0, 0, 0, 0, 0, 0, 0, 0, 0, 0, 0, 0, 0, 0, 0, 0, 0]);
objective = 351;
ser = array1d(1..40, [18, 24, 32, 37, 17, 48, 22, 62, 37, 22, 55, 80, 97, 93, 63, 87, 110, 101, 76, 81, 0, 0, 0, 0, 0, 0, 0, 0, 0, 0, 125, 128, 136, 93, 147, 108, 0, 0, 0, 0]);
succ = array1d(1..40, [3, 4, 11, 12, 15, 8, 9, 16, 19, 20, 13, 14, 31, 32, 34, 18, 35, 33, 17, 36, 1, 2, 6, 5, 7, 10, 37, 38, 39, 40, 22, 23, 24, 25, 26, 27, 28, 29, 30, 21]);
veh = array1d(1..40, [1, 2, 1, 2, 4, 3, 5, 3, 5, 6, 1, 2, 1, 2, 4, 3, 5, 3, 5, 6, 1, 2, 3, 4, 5, 6, 7, 8, 9, 10, 1, 2, 3, 4, 5, 6, 7, 8, 9, 10]);
----------
==========
