mznc2018_probs/train/instance.10.dzn
arrival = array2d(1..5, 1..5, [0, 5, 13, 21, 29, 0, 15, 40, 45, 50, 0, 37, 42, 47, 52, 0, 39, 44, 56, 64, 0, 45, 53, 61, 71]);
collect = array2d(1..5, 1..5, [0, 0, 100, 100, 0, 0, 350, 0, 0, 0, 0, 0, 0, 0, 0, 0, 0, 350, 150, 0, 0, 130, 50, 250, 0]);
departure = array2d(1..5, 1..5, [0, 8, 16, 24, 29, 10, 35, 40, 45, 50, 20, 37, 42, 47, 52, 30, 39, 51, 59, 64, 40, 48, 56, 66, 71]);
dwell = array2d(1..5, 1..5, [0, 3, 3, 3, 0, 10, 20, 0, 0, 0, 20, 0, 0, 0, 0, 30, 0, 7, 3, 0, 40, 3, 3, 5, 0]);
load = array2d(1..5, 1..5, [0, 0, 100, 200, 200, 0, 350, 350, 350, 350, 0, 0, 0, 0, 0, 0, 0, 350, 500, 500, 0, 130, 180, 430, 430]);
objective = 85830;
sigmaLower = array2d(1..5, 1..5, [0, 0, 6, 14, 0, 0, 0, 16, 24, 0, 0, 35, 16, 24, 0, 0, 35, 16, 24, 0, 0, 35, 51, 39, 0]);
sigmaUpper = array2d(1..5, 1..5, [0, 0, 16, 24, 0, 0, 35, 16, 24, 0, 0, 35, 16, 24, 0, 0, 35, 51, 39, 0, 0, 48, 56, 64, 0]);
----------
arrival = array2d(1..5, 1..5, [0, 5, 13, 21, 29, 0, 15, 40, 45, 50, 0, 37, 42, 47, 52, 0, 39, 44, 56, 64, 0, 45, 53, 61, 71]);
collect = array2d(1..5, 1..5, [0, 80, 100, 100, 0, 0, 270, 0, 0, 0, 0, 0, 0, 0, 0, 0, 0, 350, 150, 0, 0, 130, 50, 250, 0]);
departure = array2d(1..5, 1..5, [0, 8, 16, 24, 29, 10, 35, 40, 45, 50, 20, 37, 42, 47, 52, 30, 39, 51, 59, 64, 40, 48, 56, 66, 71]);
dwell = array2d(1..5, 1..5, [0, 3, 3, 3, 0, 10, 20, 0, 0, 0, 20, 0, 0, 0, 0, 30, 0, 7, 3, 0, 40, 3, 3, 5, 0]);
load = array2d(1..5, 1..5, [0, 80, 180, 280, 280, 0, 270, 270, 270, 270, 0, 0, 0, 0, 0, 0, 0, 350, 500, 500, 0, 130, 180, 430, 430]);
objective = 84150;
sigmaLower = array2d(1..5, 1..5, [0, 0, 6, 14, 0, 0, 8, 16, 24, 0, 0, 35, 16, 24, 0, 0, 35, 16, 24, 0, 0, 35, 51, 39, 0]);
sigmaUpper = array2d(1..5, 1..5, [0, 8, 16, 24, 0, 0, 35, 16, 24, 0, 0, 35, 16, 24, 0, 0, 35, 51, 39, 0, 0, 48, 56, 64, 0]);
----------
arrival = array2d(1..5, 1..5, [0, 5, 13, 22, 29, 0, 15, 40, 45, 50, 0, 37, 43, 48, 53, 0, 40, 45, 57, 65, 0, 45, 54, 62, 72]);
collect = array2d(1..5, 1..5, [0, 80, 110, 100, 0, 0, 270, 0, 0, 0, 0, 30, 0, 0, 0, 0, 0, 350, 150, 0, 0, 100, 40, 250, 0]);
departure = array2d(1..5, 1..5, [0, 8, 17, 24, 29, 10, 35, 40, 45, 50, 20, 38, 43, 48, 53, 30, 40, 52, 60, 65, 40, 48, 56, 67, 72]);
dwell = array2d(1..5, 1..5, [0, 3, 4, 2, 0, 10, 20, 0, 0, 0, 20, 1, 0, 0, 0, 30, 0, 7, 3, 0, 40, 3, 2, 5, 0]);
load = array2d(1..5, 1..5, [0, 80, 190, 290, 290, 0, 270, 270, 270, 270, 0, 30, 30, 30, 30, 0, 0, 350, 500, 500, 0, 100, 140, 390, 390]);
objective = 84080;
sigmaLower = array2d(1..5, 1..5, [0, 0, 6, 14, 0, 0, 8, 17, 24, 0, 0, 35, 17, 24, 0, 0, 38, 17, 24, 0, 0, 38, 52, 39, 0]);
sigmaUpper = array2d(1..5, 1..5, [0, 8, 17, 24, 0, 0, 35, 17, 24, 0, 0, 38, 17, 24, 0, 0, 38, 52, 39, 0, 0, 48, 56, 64, 0]);
----------
arrival = array2d(1..5, 1..5, [0, 5, 13, 21, 29, 0, 15, 40, 45, 50, 0, 37, 42, 47, 58, 0, 39, 44, 56, 61, 0, 45, 53, 61, 69]);
collect = array2d(1..5, 1..5, [0, 0, 100, 100, 0, 0, 350, 0, 0, 0, 0, 0, 0, 290, 0, 0, 0, 350, 0, 0, 0, 130, 50, 110, 0]);
departure = array2d(1..5, 1..5, [0, 8, 16, 24, 29, 10, 35, 40, 45, 50, 20, 37, 42, 53, 58, 30, 39, 51, 56, 61, 40, 48, 56, 64, 69]);
dwell = array2d(1..5, 1..5, [0, 3, 3, 3, 0, 10, 20, 0, 0, 0, 20, 0, 0, 6, 0, 30, 0, 7, 0, 0, 40, 3, 3, 3, 0]);
load = array2d(1..5, 1..5, [0, 0, 100, 200, 200, 0, 350, 350, 350, 350, 0, 0, 0, 290, 290, 0, 0, 350, 350, 350, 0, 130, 180, 290, 290]);
objective = 81480;
sigmaLower = array2d(1..5, 1..5, [0, 0, 6, 14, 0, 0, 0, 16, 24, 0, 0, 35, 16, 24, 0, 0, 35, 16, 53, 0, 0, 35, 51, 53, 0]);
sigmaUpper = array2d(1..5, 1..5, [0, 0, 16, 24, 0, 0, 35, 16, 24, 0, 0, 35, 16, 53, 0, 0, 35, 51, 53, 0, 0, 48, 56, 64, 0]);
----------
arrival = array2d(1..5, 1..5, [0, 5, 13, 21, 29, 0, 15, 40, 45, 50, 0, 37, 42, 47, 58, 0, 39, 44, 56, 61, 0, 45, 53, 61, 69]);
collect = array2d(1..5, 1..5, [0, 80, 100, 100, 0, 0, 270, 0, 0, 0, 0, 0, 0, 290, 0, 0, 0, 350, 0, 0, 0, 130, 50, 110, 0]);
departure = array2d(1..5, 1..5, [0, 8, 16, 24, 29, 10, 35, 40, 45, 50, 20, 37, 42, 53, 58, 30, 39, 51, 56, 61, 40, 48, 56, 64, 69]);
dwell = array2d(1..5, 1..5, [0, 3, 3, 3, 0, 10, 20, 0, 0, 0, 20, 0, 0, 6, 0, 30, 0, 7, 0, 0, 40, 3, 3, 3, 0]);
load = array2d(1..5, 1..5, [0, 80, 180, 280, 280, 0, 270, 270, 270, 270, 0, 0, 0, 290, 290, 0, 0, 350, 350, 350, 0, 130, 180, 290, 290]);
objective = 79800;
sigmaLower = array2d(1..5, 1..5, [0, 0, 6, 14, 0, 0, 8, 16, 24, 0, 0, 35, 16, 24, 0, 0, 35, 16, 53, 0, 0, 35, 51, 53, 0]);
sigmaUpper = array2d(1..5, 1..5, [0, 8, 16, 24, 0, 0, 35, 16, 24, 0, 0, 35, 16, 53, 0, 0, 35, 51, 53, 0, 0, 48, 56, 64, 0]);
----------
arrival = array2d(1..5, 1..5, [0, 5, 13, 22, 29, 0, 15, 40, 45, 50, 0, 37, 42, 47, 58, 0, 39, 44, 56, 61, 0, 45, 53, 61, 69]);
collect = array2d(1..5, 1..5, [0, 80, 110, 100, 0, 0, 270, 0, 0, 0, 0, 0, 0, 290, 0, 0, 0, 340, 0, 0, 0, 130, 50, 110, 0]);
departure = array2d(1..5, 1..5, [0, 8, 17, 24, 29, 10, 35, 40, 45, 50, 20, 37, 42, 53, 58, 30, 39, 51, 56, 61, 40, 48, 56, 64, 69]);
dwell = array2d(1..5, 1..5, [0, 3, 4, 2, 0, 10, 20, 0, 0, 0, 20, 0, 0, 6, 0, 30, 0, 7, 0, 0, 40, 3, 3, 3, 0]);
load = array2d(1..5, 1..5, [0, 80, 190, 290, 290, 0, 270, 270, 270, 270, 0, 0, 0, 290, 290, 0, 0, 340, 340, 340, 0, 130, 180, 290, 290]);
objective = 79480;
sigmaLower = array2d(1..5, 1..5, [0, 0, 6, 14, 0, 0, 8, 17, 24, 0, 0, 35, 17, 24, 0, 0, 35, 17, 53, 0, 0, 35, 51, 53, 0]);
sigmaUpper = array2d(1..5, 1..5, [0, 8, 17, 24, 0, 0, 35, 17, 24, 0, 0, 35, 17, 53, 0, 0, 35, 51, 53, 0, 0, 48, 56, 64, 0]);
----------
arrival = array2d(1..5, 1..5, [0, 5, 13, 22, 29, 0, 15, 40, 45, 50, 0, 37, 42, 47, 58, 0, 39, 45, 57, 62, 0, 45, 54, 61, 69]);
collect = array2d(1..5, 1..5, [0, 80, 110, 100, 0, 0, 270, 0, 0, 0, 0, 0, 0, 290, 0, 0, 50, 350, 0, 0, 0, 80, 40, 110, 0]);
departure = array2d(1..5, 1..5, [0, 8, 17, 24, 29, 10, 35, 40, 45, 50, 20, 37, 42, 53, 58, 30, 40, 52, 57, 62, 40, 48, 56, 64, 69]);
dwell = array2d(1..5, 1..5, [0, 3, 4, 2, 0, 10, 20, 0, 0, 0, 20, 0, 0, 6, 0, 30, 1, 7, 0, 0, 40, 3, 2, 3, 0]);
load = array2d(1..5, 1..5, [0, 80, 190, 290, 290, 0, 270, 270, 270, 270, 0, 0, 0, 290, 290, 0, 50, 400, 400, 400, 0, 80, 120, 230, 230]);
objective = 79400;
sigmaLower = array2d(1..5, 1..5, [0, 0, 6, 14, 0, 0, 8, 17, 24, 0, 0, 35, 17, 24, 0, 0, 35, 17, 53, 0, 0, 40, 52, 53, 0]);
sigmaUpper = array2d(1..5, 1..5, [0, 8, 17, 24, 0, 0, 35, 17, 24, 0, 0, 35, 17, 53, 0, 0, 40, 52, 53, 0, 0, 48, 56, 64, 0]);
----------
