mznc2019_probs/stochastic-vrp/vrp-s2-v2-c8_vrp-v2-c8_det.mzn
arrivalTime = array2d(1..2, 1..12, [5, 14, 21, 29, 37, 46, 62, 55, 0, 0, 70, 0, 5, 14, 25, 33, 60, 40, 56, 49, 0, 0, 69, 0]);
objective = 348;
predecessor = array2d(1..2, 1..12, [9, 1, 2, 3, 4, 5, 8, 6, 12, 11, 7, 10, 9, 1, 2, 3, 7, 4, 8, 6, 12, 11, 5, 10]);
successor = array2d(1..2, 1..12, [2, 3, 4, 5, 6, 8, 11, 7, 1, 12, 10, 9, 2, 3, 4, 6, 11, 8, 5, 7, 1, 12, 10, 9]);
vehicle = array1d(1..12, [1, 1, 1, 1, 1, 1, 1, 1, 1, 2, 1, 2]);
----------
arrivalTime = array2d(1..2, 1..12, [5, 14, 21, 29, 37, 46, 62, 55, 0, 0, 70, 0, 11, 20, 31, 6, 37, 58, 44, 47, 0, 0, 67, 0]);
objective = 344;
predecessor = array2d(1..2, 1..12, [9, 1, 2, 3, 4, 5, 8, 6, 12, 11, 7, 10, 4, 1, 2, 9, 3, 8, 5, 7, 12, 11, 6, 10]);
successor = array2d(1..2, 1..12, [2, 3, 4, 5, 6, 8, 11, 7, 1, 12, 10, 9, 2, 3, 5, 1, 7, 11, 8, 6, 4, 12, 10, 9]);
vehicle = array1d(1..12, [1, 1, 1, 1, 1, 1, 1, 1, 1, 2, 1, 2]);
----------
arrivalTime = array2d(1..2, 1..12, [5, 14, 21, 29, 37, 46, 62, 55, 0, 0, 70, 0, 5, 14, 29, 22, 35, 56, 42, 45, 0, 0, 65, 0]);
objective = 340;
predecessor = array2d(1..2, 1..12, [9, 1, 2, 3, 4, 5, 8, 6, 12, 11, 7, 10, 9, 1, 4, 2, 3, 8, 5, 7, 12, 11, 6, 10]);
successor = array2d(1..2, 1..12, [2, 3, 4, 5, 6, 8, 11, 7, 1, 12, 10, 9, 2, 4, 5, 3, 7, 11, 8, 6, 1, 12, 10, 9]);
vehicle = array1d(1..12, [1, 1, 1, 1, 1, 1, 1, 1, 1, 2, 1, 2]);
----------
arrivalTime = array2d(1..2, 1..12, [5, 14, 21, 29, 37, 58, 44, 47, 0, 0, 67, 0, 5, 14, 25, 33, 60, 40, 56, 49, 0, 0, 69, 0]);
objective = 339;
predecessor = array2d(1..2, 1..12, [9, 1, 2, 3, 4, 8, 5, 7, 12, 11, 6, 10, 9, 1, 2, 3, 7, 4, 8, 6, 12, 11, 5, 10]);
successor = array2d(1..2, 1..12, [2, 3, 4, 5, 7, 11, 8, 6, 1, 12, 10, 9, 2, 3, 4, 6, 11, 8, 5, 7, 1, 12, 10, 9]);
vehicle = array1d(1..12, [1, 1, 1, 1, 1, 1, 1, 1, 1, 2, 1, 2]);
----------
arrivalTime = array2d(1..2, 1..12, [5, 14, 21, 29, 37, 58, 44, 47, 0, 0, 67, 0, 11, 20, 31, 6, 37, 58, 44, 47, 0, 0, 67, 0]);
objective = 335;
predecessor = array2d(1..2, 1..12, [9, 1, 2, 3, 4, 8, 5, 7, 12, 11, 6, 10, 4, 1, 2, 9, 3, 8, 5, 7, 12, 11, 6, 10]);
successor = array2d(1..2, 1..12, [2, 3, 4, 5, 7, 11, 8, 6, 1, 12, 10, 9, 2, 3, 5, 1, 7, 11, 8, 6, 4, 12, 10, 9]);
vehicle = array1d(1..12, [1, 1, 1, 1, 1, 1, 1, 1, 1, 2, 1, 2]);
----------
arrivalTime = array2d(1..2, 1..12, [5, 14, 21, 29, 37, 58, 44, 47, 0, 0, 67, 0, 5, 14, 29, 22, 35, 56, 42, 45, 0, 0, 65, 0]);
objective = 331;
predecessor = array2d(1..2, 1..12, [9, 1, 2, 3, 4, 8, 5, 7, 12, 11, 6, 10, 9, 1, 4, 2, 3, 8, 5, 7, 12, 11, 6, 10]);
successor = array2d(1..2, 1..12, [2, 3, 4, 5, 7, 11, 8, 6, 1, 12, 10, 9, 2, 4, 5, 3, 7, 11, 8, 6, 1, 12, 10, 9]);
vehicle = array1d(1..12, [1, 1, 1, 1, 1, 1, 1, 1, 1, 2, 1, 2]);
----------
arrivalTime = array2d(1..2, 1..12, [5, 14, 21, 29, 56, 36, 52, 45, 0, 0, 65, 0, 11, 20, 31, 6, 37, 58, 44, 47, 0, 0, 67, 0]);
objective = 329;
predecessor = array2d(1..2, 1..12, [9, 1, 2, 3, 7, 4, 8, 6, 12, 11, 5, 10, 4, 1, 2, 9, 3, 8, 5, 7, 12, 11, 6, 10]);
successor = array2d(1..2, 1..12, [2, 3, 4, 6, 11, 8, 5, 7, 1, 12, 10, 9, 2, 3, 5, 1, 7, 11, 8, 6, 4, 12, 10, 9]);
vehicle = array1d(1..12, [1, 1, 1, 1, 1, 1, 1, 1, 1, 2, 1, 2]);
----------
arrivalTime = array2d(1..2, 1..12, [5, 14, 21, 29, 56, 36, 52, 45, 0, 0, 65, 0, 5, 14, 29, 22, 35, 56, 42, 45, 0, 0, 65, 0]);
objective = 325;
predecessor = array2d(1..2, 1..12, [9, 1, 2, 3, 7, 4, 8, 6, 12, 11, 5, 10, 9, 1, 4, 2, 3, 8, 5, 7, 12, 11, 6, 10]);
successor = array2d(1..2, 1..12, [2, 3, 4, 6, 11, 8, 5, 7, 1, 12, 10, 9, 2, 4, 5, 3, 7, 11, 8, 6, 1, 12, 10, 9]);
vehicle = array1d(1..12, [1, 1, 1, 1, 1, 1, 1, 1, 1, 2, 1, 2]);
----------
arrivalTime = array2d(1..2, 1..12, [8, 17, 24, 3, 30, 39, 55, 48, 0, 0, 63, 0, 11, 20, 31, 6, 37, 58, 44, 47, 0, 0, 67, 0]);
objective = 323;
predecessor = array2d(1..2, 1..12, [4, 1, 2, 9, 3, 5, 8, 6, 12, 11, 7, 10, 4, 1, 2, 9, 3, 8, 5, 7, 12, 11, 6, 10]);
successor = array2d(1..2, 1..12, [2, 3, 5, 1, 6, 8, 11, 7, 4, 12, 10, 9, 2, 3, 5, 1, 7, 11, 8, 6, 4, 12, 10, 9]);
vehicle = array1d(1..12, [1, 1, 1, 1, 1, 1, 1, 1, 1, 2, 1, 2]);
----------
arrivalTime = array2d(1..2, 1..12, [8, 17, 24, 3, 30, 39, 55, 48, 0, 0, 63, 0, 5, 14, 29, 22, 35, 56, 42, 45, 0, 0, 65, 0]);
objective = 319;
predecessor = array2d(1..2, 1..12, [4, 1, 2, 9, 3, 5, 8, 6, 12, 11, 7, 10, 9, 1, 4, 2, 3, 8, 5, 7, 12, 11, 6, 10]);
successor = array2d(1..2, 1..12, [2, 3, 5, 1, 6, 8, 11, 7, 4, 12, 10, 9, 2, 4, 5, 3, 7, 11, 8, 6, 1, 12, 10, 9]);
vehicle = array1d(1..12, [1, 1, 1, 1, 1, 1, 1, 1, 1, 2, 1, 2]);
----------
arrivalTime = array2d(1..2, 1..12, [5, 14, 21, 58, 27, 48, 34, 37, 0, 0, 62, 0, 5, 14, 29, 22, 35, 56, 42, 45, 0, 0, 65, 0]);
objective = 316;
predecessor = array2d(1..2, 1..12, [9, 1, 2, 6, 3, 8, 5, 7, 12, 11, 4, 10, 9, 1, 4, 2, 3, 8, 5, 7, 12, 11, 6, 10]);
successor = array2d(1..2, 1..12, [2, 3, 5, 11, 7, 4, 8, 6, 1, 12, 10, 9, 2, 4, 5, 3, 7, 11, 8, 6, 1, 12, 10, 9]);
vehicle = array1d(1..12, [1, 1, 1, 1, 1, 1, 1, 1, 1, 2, 1, 2]);
----------
arrivalTime = array2d(1..2, 1..12, [8, 17, 24, 3, 30, 51, 37, 40, 0, 0, 60, 0, 11, 20, 31, 6, 37, 58, 44, 47, 0, 0, 67, 0]);
objective = 314;
predecessor = array2d(1..2, 1..12, [4, 1, 2, 9, 3, 8, 5, 7, 12, 11, 6, 10, 4, 1, 2, 9, 3, 8, 5, 7, 12, 11, 6, 10]);
successor = array2d(1..2, 1..12, [2, 3, 5, 1, 7, 11, 8, 6, 4, 12, 10, 9, 2, 3, 5, 1, 7, 11, 8, 6, 4, 12, 10, 9]);
vehicle = array1d(1..12, [1, 1, 1, 1, 1, 1, 1, 1, 1, 2, 1, 2]);
----------
arrivalTime = array2d(1..2, 1..12, [8, 17, 24, 3, 30, 51, 37, 40, 0, 0, 60, 0, 5, 14, 29, 22, 35, 56, 42, 45, 0, 0, 65, 0]);
objective = 310;
predecessor = array2d(1..2, 1..12, [4, 1, 2, 9, 3, 8, 5, 7, 12, 11, 6, 10, 9, 1, 4, 2, 3, 8, 5, 7, 12, 11, 6, 10]);
successor = array2d(1..2, 1..12, [2, 3, 5, 1, 7, 11, 8, 6, 4, 12, 10, 9, 2, 4, 5, 3, 7, 11, 8, 6, 1, 12, 10, 9]);
vehicle = array1d(1..12, [1, 1, 1, 1, 1, 1, 1, 1, 1, 2, 1, 2]);
----------
arrivalTime = array2d(1..2, 1..12, [5, 14, 21, 29, 37, 52, 44, 7, 0, 0, 61, 20, 5, 14, 25, 33, 48, 40, 55, 7, 0, 0, 63, 20]);
objective = 309;
predecessor = array2d(1..2, 1..12, [9, 1, 2, 3, 4, 7, 5, 10, 12, 11, 6, 8, 9, 1, 2, 3, 6, 4, 5, 10, 12, 11, 7, 8]);
successor = array2d(1..2, 1..12, [2, 3, 4, 5, 7, 11, 6, 12, 1, 8, 10, 9, 2, 3, 4, 6, 7, 5, 11, 12, 1, 8, 10, 9]);
vehicle = array1d(1..12, [1, 1, 1, 1, 1, 1, 1, 2, 1, 2, 1, 2]);
----------
arrivalTime = array2d(1..2, 1..12, [5, 14, 21, 29, 37, 52, 44, 7, 0, 0, 61, 20, 11, 20, 31, 6, 37, 52, 44, 7, 0, 0, 61, 20]);
objective = 305;
predecessor = array2d(1..2, 1..12, [9, 1, 2, 3, 4, 7, 5, 10, 12, 11, 6, 8, 4, 1, 2, 9, 3, 7, 5, 10, 12, 11, 6, 8]);
successor = array2d(1..2, 1..12, [2, 3, 4, 5, 7, 11, 6, 12, 1, 8, 10, 9, 2, 3, 5, 1, 7, 11, 6, 12, 4, 8, 10, 9]);
vehicle = array1d(1..12, [1, 1, 1, 1, 1, 1, 1, 2, 1, 2, 1, 2]);
----------
arrivalTime = array2d(1..2, 1..12, [5, 14, 21, 29, 37, 52, 44, 7, 0, 0, 61, 20, 5, 14, 29, 22, 35, 50, 42, 7, 0, 0, 59, 20]);
objective = 301;
predecessor = array2d(1..2, 1..12, [9, 1, 2, 3, 4, 7, 5, 10, 12, 11, 6, 8, 9, 1, 4, 2, 3, 7, 5, 10, 12, 11, 6, 8]);
successor = array2d(1..2, 1..12, [2, 3, 4, 5, 7, 11, 6, 12, 1, 8, 10, 9, 2, 4, 5, 3, 7, 11, 6, 12, 1, 8, 10, 9]);
vehicle = array1d(1..12, [1, 1, 1, 1, 1, 1, 1, 2, 1, 2, 1, 2]);
----------
arrivalTime = array2d(1..2, 1..12, [5, 14, 21, 29, 44, 36, 51, 7, 0, 0, 59, 20, 11, 20, 31, 6, 37, 52, 44, 7, 0, 0, 61, 20]);
objective = 299;
predecessor = array2d(1..2, 1..12, [9, 1, 2, 3, 6, 4, 5, 10, 12, 11, 7, 8, 4, 1, 2, 9, 3, 7, 5, 10, 12, 11, 6, 8]);
successor = array2d(1..2, 1..12, [2, 3, 4, 6, 7, 5, 11, 12, 1, 8, 10, 9, 2, 3, 5, 1, 7, 11, 6, 12, 4, 8, 10, 9]);
vehicle = array1d(1..12, [1, 1, 1, 1, 1, 1, 1, 2, 1, 2, 1, 2]);
----------
arrivalTime = array2d(1..2, 1..12, [5, 14, 21, 29, 44, 36, 51, 7, 0, 0, 59, 20, 5, 14, 29, 22, 35, 50, 42, 7, 0, 0, 59, 20]);
objective = 295;
predecessor = array2d(1..2, 1..12, [9, 1, 2, 3, 6, 4, 5, 10, 12, 11, 7, 8, 9, 1, 4, 2, 3, 7, 5, 10, 12, 11, 6, 8]);
successor = array2d(1..2, 1..12, [2, 3, 4, 6, 7, 5, 11, 12, 1, 8, 10, 9, 2, 4, 5, 3, 7, 11, 6, 12, 1, 8, 10, 9]);
vehicle = array1d(1..12, [1, 1, 1, 1, 1, 1, 1, 2, 1, 2, 1, 2]);
----------
arrivalTime = array2d(1..2, 1..12, [5, 14, 21, 52, 27, 42, 34, 7, 0, 0, 56, 20, 5, 14, 25, 33, 48, 40, 55, 7, 0, 0, 63, 20]);
objective = 294;
predecessor = array2d(1..2, 1..12, [9, 1, 2, 6, 3, 7, 5, 10, 12, 11, 4, 8, 9, 1, 2, 3, 6, 4, 5, 10, 12, 11, 7, 8]);
successor = array2d(1..2, 1..12, [2, 3, 5, 11, 7, 4, 6, 12, 1, 8, 10, 9, 2, 3, 4, 6, 7, 5, 11, 12, 1, 8, 10, 9]);
vehicle = array1d(1..12, [1, 1, 1, 1, 1, 1, 1, 2, 1, 2, 1, 2]);
----------
arrivalTime = array2d(1..2, 1..12, [5, 14, 21, 52, 27, 42, 34, 7, 0, 0, 56, 20, 11, 20, 31, 6, 37, 52, 44, 7, 0, 0, 61, 20]);
objective = 290;
predecessor = array2d(1..2, 1..12, [9, 1, 2, 6, 3, 7, 5, 10, 12, 11, 4, 8, 4, 1, 2, 9, 3, 7, 5, 10, 12, 11, 6, 8]);
successor = array2d(1..2, 1..12, [2, 3, 5, 11, 7, 4, 6, 12, 1, 8, 10, 9, 2, 3, 5, 1, 7, 11, 6, 12, 4, 8, 10, 9]);
vehicle = array1d(1..12, [1, 1, 1, 1, 1, 1, 1, 2, 1, 2, 1, 2]);
----------
arrivalTime = array2d(1..2, 1..12, [5, 14, 21, 52, 27, 42, 34, 7, 0, 0, 56, 20, 5, 14, 29, 22, 35, 50, 42, 7, 0, 0, 59, 20]);
objective = 286;
predecessor = array2d(1..2, 1..12, [9, 1, 2, 6, 3, 7, 5, 10, 12, 11, 4, 8, 9, 1, 4, 2, 3, 7, 5, 10, 12, 11, 6, 8]);
successor = array2d(1..2, 1..12, [2, 3, 5, 11, 7, 4, 6, 12, 1, 8, 10, 9, 2, 4, 5, 3, 7, 11, 6, 12, 1, 8, 10, 9]);
vehicle = array1d(1..12, [1, 1, 1, 1, 1, 1, 1, 2, 1, 2, 1, 2]);
----------
arrivalTime = array2d(1..2, 1..12, [8, 17, 24, 3, 30, 45, 37, 7, 0, 0, 54, 20, 11, 20, 31, 6, 37, 52, 44, 7, 0, 0, 61, 20]);
objective = 284;
predecessor = array2d(1..2, 1..12, [4, 1, 2, 9, 3, 7, 5, 10, 12, 11, 6, 8, 4, 1, 2, 9, 3, 7, 5, 10, 12, 11, 6, 8]);
successor = array2d(1..2, 1..12, [2, 3, 5, 1, 7, 11, 6, 12, 4, 8, 10, 9, 2, 3, 5, 1, 7, 11, 6, 12, 4, 8, 10, 9]);
vehicle = array1d(1..12, [1, 1, 1, 1, 1, 1, 1, 2, 1, 2, 1, 2]);
----------
arrivalTime = array2d(1..2, 1..12, [8, 17, 24, 3, 30, 45, 37, 7, 0, 0, 54, 20, 5, 14, 29, 22, 35, 50, 42, 7, 0, 0, 59, 20]);
objective = 280;
predecessor = array2d(1..2, 1..12, [4, 1, 2, 9, 3, 7, 5, 10, 12, 11, 6, 8, 9, 1, 4, 2, 3, 7, 5, 10, 12, 11, 6, 8]);
successor = array2d(1..2, 1..12, [2, 3, 5, 1, 7, 11, 6, 12, 4, 8, 10, 9, 2, 4, 5, 3, 7, 11, 6, 12, 1, 8, 10, 9]);
vehicle = array1d(1..12, [1, 1, 1, 1, 1, 1, 1, 2, 1, 2, 1, 2]);
----------
arrivalTime = array2d(1..2, 1..12, [5, 14, 21, 29, 37, 46, 6, 9, 0, 0, 55, 22, 5, 14, 25, 33, 48, 40, 6, 9, 0, 0, 57, 22]);
objective = 279;
predecessor = array2d(1..2, 1..12, [9, 1, 2, 3, 4, 5, 10, 7, 12, 11, 6, 8, 9, 1, 2, 3, 6, 4, 10, 7, 12, 11, 5, 8]);
successor = array2d(1..2, 1..12, [2, 3, 4, 5, 6, 11, 8, 12, 1, 7, 10, 9, 2, 3, 4, 6, 11, 5, 8, 12, 1, 7, 10, 9]);
vehicle = array1d(1..12, [1, 1, 1, 1, 1, 1, 2, 2, 1, 2, 1, 2]);
----------
arrivalTime = array2d(1..2, 1..12, [5, 14, 21, 29, 37, 46, 6, 9, 0, 0, 55, 22, 5, 14, 29, 22, 35, 44, 6, 9, 0, 0, 53, 22]);
objective = 271;
predecessor = array2d(1..2, 1..12, [9, 1, 2, 3, 4, 5, 10, 7, 12, 11, 6, 8, 9, 1, 4, 2, 3, 5, 10, 7, 12, 11, 6, 8]);
successor = array2d(1..2, 1..12, [2, 3, 4, 5, 6, 11, 8, 12, 1, 7, 10, 9, 2, 4, 5, 3, 6, 11, 8, 12, 1, 7, 10, 9]);
vehicle = array1d(1..12, [1, 1, 1, 1, 1, 1, 2, 2, 1, 2, 1, 2]);
----------
arrivalTime = array2d(1..2, 1..12, [5, 14, 21, 29, 44, 36, 6, 9, 0, 0, 53, 22, 5, 14, 29, 22, 35, 44, 6, 9, 0, 0, 53, 22]);
objective = 265;
predecessor = array2d(1..2, 1..12, [9, 1, 2, 3, 6, 4, 10, 7, 12, 11, 5, 8, 9, 1, 4, 2, 3, 5, 10, 7, 12, 11, 6, 8]);
successor = array2d(1..2, 1..12, [2, 3, 4, 6, 11, 5, 8, 12, 1, 7, 10, 9, 2, 4, 5, 3, 6, 11, 8, 12, 1, 7, 10, 9]);
vehicle = array1d(1..12, [1, 1, 1, 1, 1, 1, 2, 2, 1, 2, 1, 2]);
----------
arrivalTime = array2d(1..2, 1..12, [5, 14, 21, 46, 27, 36, 6, 9, 0, 0, 50, 22, 5, 14, 25, 33, 48, 40, 6, 9, 0, 0, 57, 22]);
objective = 264;
predecessor = array2d(1..2, 1..12, [9, 1, 2, 6, 3, 5, 10, 7, 12, 11, 4, 8, 9, 1, 2, 3, 6, 4, 10, 7, 12, 11, 5, 8]);
successor = array2d(1..2, 1..12, [2, 3, 5, 11, 6, 4, 8, 12, 1, 7, 10, 9, 2, 3, 4, 6, 11, 5, 8, 12, 1, 7, 10, 9]);
vehicle = array1d(1..12, [1, 1, 1, 1, 1, 1, 2, 2, 1, 2, 1, 2]);
----------
arrivalTime = array2d(1..2, 1..12, [5, 14, 21, 46, 27, 36, 6, 9, 0, 0, 50, 22, 5, 14, 29, 22, 35, 44, 6, 9, 0, 0, 53, 22]);
objective = 256;
predecessor = array2d(1..2, 1..12, [9, 1, 2, 6, 3, 5, 10, 7, 12, 11, 4, 8, 9, 1, 4, 2, 3, 5, 10, 7, 12, 11, 6, 8]);
successor = array2d(1..2, 1..12, [2, 3, 5, 11, 6, 4, 8, 12, 1, 7, 10, 9, 2, 4, 5, 3, 6, 11, 8, 12, 1, 7, 10, 9]);
vehicle = array1d(1..12, [1, 1, 1, 1, 1, 1, 2, 2, 1, 2, 1, 2]);
----------
arrivalTime = array2d(1..2, 1..12, [33, 42, 3, 28, 9, 18, 6, 9, 0, 0, 49, 22, 5, 14, 29, 22, 35, 44, 6, 9, 0, 0, 53, 22]);
objective = 253;
predecessor = array2d(1..2, 1..12, [4, 1, 9, 6, 3, 5, 10, 7, 12, 11, 2, 8, 9, 1, 4, 2, 3, 5, 10, 7, 12, 11, 6, 8]);
successor = array2d(1..2, 1..12, [2, 11, 5, 1, 6, 4, 8, 12, 3, 7, 10, 9, 2, 4, 5, 3, 6, 11, 8, 12, 1, 7, 10, 9]);
vehicle = array1d(1..12, [1, 1, 1, 1, 1, 1, 2, 2, 1, 2, 1, 2]);
----------
arrivalTime = array2d(1..2, 1..12, [8, 17, 24, 3, 30, 39, 6, 9, 0, 0, 48, 22, 5, 14, 29, 22, 35, 44, 6, 9, 0, 0, 53, 22]);
objective = 250;
predecessor = array2d(1..2, 1..12, [4, 1, 2, 9, 3, 5, 10, 7, 12, 11, 6, 8, 9, 1, 4, 2, 3, 5, 10, 7, 12, 11, 6, 8]);
successor = array2d(1..2, 1..12, [2, 3, 5, 1, 6, 11, 8, 12, 4, 7, 10, 9, 2, 4, 5, 3, 6, 11, 8, 12, 1, 7, 10, 9]);
vehicle = array1d(1..12, [1, 1, 1, 1, 1, 1, 2, 2, 1, 2, 1, 2]);
----------
arrivalTime = array2d(1..2, 1..12, [5, 14, 21, 45, 27, 5, 34, 14, 0, 0, 49, 27, 5, 14, 29, 22, 35, 5, 42, 14, 0, 0, 50, 27]);
objective = 247;
predecessor = array2d(1..2, 1..12, [9, 1, 2, 7, 3, 10, 5, 6, 12, 11, 4, 8, 9, 1, 4, 2, 3, 10, 5, 6, 12, 11, 7, 8]);
successor = array2d(1..2, 1..12, [2, 3, 5, 11, 7, 8, 4, 12, 1, 6, 10, 9, 2, 4, 5, 3, 7, 8, 11, 12, 1, 6, 10, 9]);
vehicle = array1d(1..12, [1, 1, 1, 1, 1, 2, 1, 2, 1, 2, 1, 2]);
----------
arrivalTime = array2d(1..2, 1..12, [32, 41, 3, 27, 9, 5, 16, 14, 0, 0, 48, 27, 5, 14, 29, 22, 35, 5, 42, 14, 0, 0, 50, 27]);
objective = 244;
predecessor = array2d(1..2, 1..12, [4, 1, 9, 7, 3, 10, 5, 6, 12, 11, 2, 8, 9, 1, 4, 2, 3, 10, 5, 6, 12, 11, 7, 8]);
successor = array2d(1..2, 1..12, [2, 11, 5, 1, 7, 8, 4, 12, 3, 6, 10, 9, 2, 4, 5, 3, 7, 8, 11, 12, 1, 6, 10, 9]);
vehicle = array1d(1..12, [1, 1, 1, 1, 1, 2, 1, 2, 1, 2, 1, 2]);
----------
arrivalTime = array2d(1..2, 1..12, [8, 17, 24, 3, 30, 5, 37, 14, 0, 0, 45, 27, 5, 14, 29, 22, 35, 5, 42, 14, 0, 0, 50, 27]);
objective = 235;
predecessor = array2d(1..2, 1..12, [4, 1, 2, 9, 3, 10, 5, 6, 12, 11, 7, 8, 9, 1, 4, 2, 3, 10, 5, 6, 12, 11, 7, 8]);
successor = array2d(1..2, 1..12, [2, 3, 5, 1, 7, 8, 11, 12, 4, 6, 10, 9, 2, 4, 5, 3, 7, 8, 11, 12, 1, 6, 10, 9]);
vehicle = array1d(1..12, [1, 1, 1, 1, 1, 2, 1, 2, 1, 2, 1, 2]);
----------
arrivalTime = array2d(1..2, 1..12, [5, 14, 21, 29, 37, 5, 15, 18, 0, 0, 46, 31, 5, 14, 29, 22, 35, 5, 15, 18, 0, 0, 44, 31]);
objective = 226;
predecessor = array2d(1..2, 1..12, [9, 1, 2, 3, 4, 10, 6, 7, 12, 11, 5, 8, 9, 1, 4, 2, 3, 10, 6, 7, 12, 11, 5, 8]);
successor = array2d(1..2, 1..12, [2, 3, 4, 5, 11, 7, 8, 12, 1, 6, 10, 9, 2, 4, 5, 3, 11, 7, 8, 12, 1, 6, 10, 9]);
vehicle = array1d(1..12, [1, 1, 1, 1, 1, 2, 2, 2, 1, 2, 1, 2]);
----------
arrivalTime = array2d(1..2, 1..12, [5, 14, 21, 39, 27, 5, 15, 18, 0, 0, 43, 31, 5, 14, 29, 22, 35, 5, 15, 18, 0, 0, 44, 31]);
objective = 217;
predecessor = array2d(1..2, 1..12, [9, 1, 2, 5, 3, 10, 6, 7, 12, 11, 4, 8, 9, 1, 4, 2, 3, 10, 6, 7, 12, 11, 5, 8]);
successor = array2d(1..2, 1..12, [2, 3, 5, 11, 4, 7, 8, 12, 1, 6, 10, 9, 2, 4, 5, 3, 11, 7, 8, 12, 1, 6, 10, 9]);
vehicle = array1d(1..12, [1, 1, 1, 1, 1, 2, 2, 2, 1, 2, 1, 2]);
----------
arrivalTime = array2d(1..2, 1..12, [26, 35, 3, 21, 9, 5, 15, 18, 0, 0, 42, 31, 5, 14, 29, 22, 35, 5, 15, 18, 0, 0, 44, 31]);
objective = 214;
predecessor = array2d(1..2, 1..12, [4, 1, 9, 5, 3, 10, 6, 7, 12, 11, 2, 8, 9, 1, 4, 2, 3, 10, 6, 7, 12, 11, 5, 8]);
successor = array2d(1..2, 1..12, [2, 11, 5, 1, 4, 7, 8, 12, 3, 6, 10, 9, 2, 4, 5, 3, 11, 7, 8, 12, 1, 6, 10, 9]);
vehicle = array1d(1..12, [1, 1, 1, 1, 1, 2, 2, 2, 1, 2, 1, 2]);
----------
arrivalTime = array2d(1..2, 1..12, [8, 17, 24, 3, 30, 5, 15, 18, 0, 0, 39, 31, 5, 14, 29, 22, 35, 5, 15, 18, 0, 0, 44, 31]);
objective = 205;
predecessor = array2d(1..2, 1..12, [4, 1, 2, 9, 3, 10, 6, 7, 12, 11, 5, 8, 9, 1, 4, 2, 3, 10, 6, 7, 12, 11, 5, 8]);
successor = array2d(1..2, 1..12, [2, 3, 5, 1, 11, 7, 8, 12, 4, 6, 10, 9, 2, 4, 5, 3, 11, 7, 8, 12, 1, 6, 10, 9]);
vehicle = array1d(1..12, [1, 1, 1, 1, 1, 2, 2, 2, 1, 2, 1, 2]);
----------
arrivalTime = array2d(1..2, 1..12, [5, 14, 21, 29, 4, 13, 23, 26, 0, 0, 33, 39, 5, 14, 25, 33, 4, 13, 23, 26, 0, 0, 40, 39]);
objective = 197;
predecessor = array2d(1..2, 1..12, [9, 1, 2, 3, 10, 5, 6, 7, 12, 11, 4, 8, 9, 1, 2, 3, 10, 5, 6, 7, 12, 11, 4, 8]);
successor = array2d(1..2, 1..12, [2, 3, 4, 11, 6, 7, 8, 12, 1, 5, 10, 9, 2, 3, 4, 11, 6, 7, 8, 12, 1, 5, 10, 9]);
vehicle = array1d(1..12, [1, 1, 1, 1, 2, 2, 2, 2, 1, 2, 1, 2]);
----------
arrivalTime = array2d(1..2, 1..12, [5, 14, 21, 29, 4, 13, 23, 26, 0, 0, 33, 39, 5, 14, 29, 22, 4, 13, 23, 26, 0, 0, 37, 39]);
objective = 195;
predecessor = array2d(1..2, 1..12, [9, 1, 2, 3, 10, 5, 6, 7, 12, 11, 4, 8, 9, 1, 4, 2, 10, 5, 6, 7, 12, 11, 3, 8]);
successor = array2d(1..2, 1..12, [2, 3, 4, 11, 6, 7, 8, 12, 1, 5, 10, 9, 2, 4, 11, 3, 6, 7, 8, 12, 1, 5, 10, 9]);
vehicle = array1d(1..12, [1, 1, 1, 1, 2, 2, 2, 2, 1, 2, 1, 2]);
----------
arrivalTime = array2d(1..2, 1..12, [5, 14, 21, 29, 4, 13, 23, 26, 0, 0, 33, 39, 5, 14, 29, 22, 4, 13, 29, 22, 0, 0, 37, 37]);
objective = 191;
predecessor = array2d(1..2, 1..12, [9, 1, 2, 3, 10, 5, 6, 7, 12, 11, 4, 8, 9, 1, 4, 2, 10, 5, 8, 6, 12, 11, 3, 7]);
successor = array2d(1..2, 1..12, [2, 3, 4, 11, 6, 7, 8, 12, 1, 5, 10, 9, 2, 4, 11, 3, 6, 8, 12, 7, 1, 5, 10, 9]);
vehicle = array1d(1..12, [1, 1, 1, 1, 2, 2, 2, 2, 1, 2, 1, 2]);
----------
arrivalTime = array2d(1..2, 1..12, [5, 14, 21, 29, 4, 13, 29, 22, 0, 0, 33, 37, 5, 14, 29, 22, 4, 13, 23, 26, 0, 0, 37, 39]);
objective = 189;
predecessor = array2d(1..2, 1..12, [9, 1, 2, 3, 10, 5, 8, 6, 12, 11, 4, 7, 9, 1, 4, 2, 10, 5, 6, 7, 12, 11, 3, 8]);
successor = array2d(1..2, 1..12, [2, 3, 4, 11, 6, 8, 12, 7, 1, 5, 10, 9, 2, 4, 11, 3, 6, 7, 8, 12, 1, 5, 10, 9]);
vehicle = array1d(1..12, [1, 1, 1, 1, 2, 2, 2, 2, 1, 2, 1, 2]);
----------
arrivalTime = array2d(1..2, 1..12, [5, 14, 21, 29, 4, 13, 29, 22, 0, 0, 33, 37, 5, 14, 29, 22, 4, 13, 29, 22, 0, 0, 37, 37]);
objective = 185;
predecessor = array2d(1..2, 1..12, [9, 1, 2, 3, 10, 5, 8, 6, 12, 11, 4, 7, 9, 1, 4, 2, 10, 5, 8, 6, 12, 11, 3, 7]);
successor = array2d(1..2, 1..12, [2, 3, 4, 11, 6, 8, 12, 7, 1, 5, 10, 9, 2, 4, 11, 3, 6, 8, 12, 7, 1, 5, 10, 9]);
vehicle = array1d(1..12, [1, 1, 1, 1, 2, 2, 2, 2, 1, 2, 1, 2]);
----------
arrivalTime = array2d(1..2, 1..12, [5, 14, 21, 29, 18, 27, 6, 9, 0, 0, 33, 36, 5, 14, 29, 22, 4, 13, 29, 22, 0, 0, 37, 37]);
objective = 182;
predecessor = array2d(1..2, 1..12, [9, 1, 2, 3, 8, 5, 10, 7, 12, 11, 4, 6, 9, 1, 4, 2, 10, 5, 8, 6, 12, 11, 3, 7]);
successor = array2d(1..2, 1..12, [2, 3, 4, 11, 6, 12, 8, 5, 1, 7, 10, 9, 2, 4, 11, 3, 6, 8, 12, 7, 1, 5, 10, 9]);
vehicle = array1d(1..12, [1, 1, 1, 1, 2, 2, 2, 2, 1, 2, 1, 2]);
----------
arrivalTime = array2d(1..2, 1..12, [5, 14, 21, 29, 4, 25, 11, 14, 0, 0, 33, 34, 5, 14, 29, 22, 4, 13, 23, 26, 0, 0, 37, 39]);
objective = 180;
predecessor = array2d(1..2, 1..12, [9, 1, 2, 3, 10, 8, 5, 7, 12, 11, 4, 6, 9, 1, 4, 2, 10, 5, 6, 7, 12, 11, 3, 8]);
successor = array2d(1..2, 1..12, [2, 3, 4, 11, 7, 12, 8, 6, 1, 5, 10, 9, 2, 4, 11, 3, 6, 7, 8, 12, 1, 5, 10, 9]);
vehicle = array1d(1..12, [1, 1, 1, 1, 2, 2, 2, 2, 1, 2, 1, 2]);
----------
arrivalTime = array2d(1..2, 1..12, [5, 14, 21, 29, 4, 25, 11, 14, 0, 0, 33, 34, 5, 14, 29, 22, 4, 13, 29, 22, 0, 0, 37, 37]);
objective = 176;
predecessor = array2d(1..2, 1..12, [9, 1, 2, 3, 10, 8, 5, 7, 12, 11, 4, 6, 9, 1, 4, 2, 10, 5, 8, 6, 12, 11, 3, 7]);
successor = array2d(1..2, 1..12, [2, 3, 4, 11, 7, 12, 8, 6, 1, 5, 10, 9, 2, 4, 11, 3, 6, 8, 12, 7, 1, 5, 10, 9]);
vehicle = array1d(1..12, [1, 1, 1, 1, 2, 2, 2, 2, 1, 2, 1, 2]);
----------
==========
