mznc2018_probs/seat-moving/sm-10-20-05.dzn
cost = 23;
objective = 143;
seat = array2d(1..4, 1..20, [0, 10, 0, 2, 0, 0, 7, 9, 0, 0, 0, 4, 3, 5, 1, 6, 8, 0, 0, 0, 1, 10, 2, 0, 3, 4, 7, 5, 6, 8, 0, 0, 0, 9, 0, 0, 0, 0, 0, 0, 1, 0, 0, 2, 0, 0, 7, 5, 0, 8, 3, 4, 0, 0, 10, 0, 6, 9, 0, 0, 0, 7, 4, 0, 6, 10, 0, 0, 5, 0, 0, 0, 2, 1, 0, 8, 0, 9, 0, 3]);
step = 3;
----------
cost = 22;
objective = 142;
seat = array2d(1..4, 1..20, [0, 10, 0, 2, 0, 0, 7, 9, 0, 0, 0, 4, 3, 5, 1, 6, 8, 0, 0, 0, 1, 10, 2, 0, 3, 4, 7, 5, 6, 8, 0, 0, 0, 9, 0, 0, 0, 0, 0, 0, 1, 0, 0, 2, 0, 0, 7, 5, 0, 8, 4, 10, 0, 0, 6, 0, 0, 9, 0, 3, 0, 7, 4, 0, 6, 10, 0, 0, 5, 0, 0, 0, 2, 1, 0, 8, 0, 9, 0, 3]);
step = 3;
----------
cost = 21;
objective = 141;
seat = array2d(1..4, 1..20, [0, 10, 0, 2, 0, 0, 7, 9, 0, 0, 0, 4, 3, 5, 1, 6, 8, 0, 0, 0, 1, 10, 2, 0, 3, 4, 7, 5, 6, 8, 0, 0, 0, 9, 0, 0, 0, 0, 0, 0, 1, 0, 0, 4, 0, 0, 7, 5, 0, 8, 10, 6, 2, 0, 0, 0, 0, 9, 0, 3, 0, 7, 4, 0, 6, 10, 0, 0, 5, 0, 0, 0, 2, 1, 0, 8, 0, 9, 0, 3]);
step = 3;
----------
cost = 20;
objective = 140;
seat = array2d(1..4, 1..20, [0, 10, 0, 2, 0, 0, 7, 9, 0, 0, 0, 4, 3, 5, 1, 6, 8, 0, 0, 0, 1, 10, 2, 0, 3, 4, 7, 5, 6, 0, 0, 0, 0, 9, 0, 0, 8, 0, 0, 0, 1, 0, 0, 4, 0, 0, 7, 5, 0, 10, 6, 0, 2, 0, 0, 8, 0, 9, 0, 3, 0, 7, 4, 0, 6, 10, 0, 0, 5, 0, 0, 0, 2, 1, 0, 8, 0, 9, 0, 3]);
step = 3;
----------
cost = 19;
objective = 139;
seat = array2d(1..4, 1..20, [0, 10, 0, 2, 0, 0, 7, 9, 0, 0, 0, 4, 3, 5, 1, 6, 8, 0, 0, 0, 1, 10, 2, 0, 3, 4, 7, 5, 0, 6, 0, 0, 0, 9, 0, 0, 8, 0, 0, 0, 1, 0, 0, 4, 0, 0, 7, 5, 0, 6, 10, 0, 2, 0, 0, 8, 0, 9, 0, 3, 0, 7, 4, 0, 6, 10, 0, 0, 5, 0, 0, 0, 2, 1, 0, 8, 0, 9, 0, 3]);
step = 3;
----------
cost = 18;
objective = 138;
seat = array2d(1..4, 1..20, [0, 10, 0, 2, 0, 0, 7, 9, 0, 0, 0, 4, 3, 5, 1, 6, 8, 0, 0, 0, 1, 10, 2, 0, 3, 4, 7, 6, 5, 0, 0, 0, 0, 0, 0, 9, 8, 0, 0, 0, 1, 0, 0, 4, 0, 0, 7, 6, 5, 10, 0, 0, 2, 0, 0, 0, 8, 9, 0, 3, 0, 7, 4, 0, 6, 10, 0, 0, 5, 0, 0, 0, 2, 1, 0, 8, 0, 9, 0, 3]);
step = 3;
----------
cost = 17;
objective = 137;
seat = array2d(1..4, 1..20, [0, 10, 0, 2, 0, 0, 7, 9, 0, 0, 0, 4, 3, 5, 1, 6, 8, 0, 0, 0, 1, 10, 2, 0, 3, 4, 7, 9, 5, 6, 0, 0, 0, 0, 0, 0, 8, 0, 0, 0, 1, 0, 0, 4, 0, 0, 7, 9, 5, 6, 10, 0, 2, 0, 0, 8, 0, 0, 0, 3, 0, 7, 4, 0, 6, 10, 0, 0, 5, 0, 0, 0, 2, 1, 0, 8, 0, 9, 0, 3]);
step = 3;
----------
cost = 16;
objective = 136;
seat = array2d(1..4, 1..20, [0, 10, 0, 2, 0, 0, 7, 9, 0, 0, 0, 4, 3, 5, 1, 6, 8, 0, 0, 0, 1, 10, 2, 0, 3, 0, 7, 6, 5, 4, 0, 0, 0, 0, 0, 9, 8, 0, 0, 0, 1, 0, 0, 0, 0, 10, 7, 6, 5, 4, 0, 0, 2, 0, 0, 0, 8, 9, 0, 3, 0, 7, 4, 0, 6, 10, 0, 0, 5, 0, 0, 0, 2, 1, 0, 8, 0, 9, 0, 3]);
step = 3;
----------
cost = 15;
objective = 135;
seat = array2d(1..4, 1..20, [0, 10, 0, 2, 0, 0, 7, 9, 0, 0, 0, 4, 3, 5, 1, 6, 8, 0, 0, 0, 1, 10, 2, 0, 3, 0, 7, 9, 5, 4, 6, 0, 0, 0, 0, 0, 8, 0, 0, 0, 1, 0, 0, 0, 0, 10, 7, 9, 5, 4, 6, 0, 2, 0, 0, 8, 0, 0, 0, 3, 0, 7, 4, 0, 6, 10, 0, 0, 5, 0, 0, 0, 2, 1, 0, 8, 0, 9, 0, 3]);
step = 3;
----------
cost = 14;
objective = 134;
seat = array2d(1..4, 1..20, [0, 10, 0, 2, 0, 0, 7, 9, 0, 0, 0, 4, 3, 5, 1, 6, 8, 0, 0, 0, 1, 10, 2, 0, 3, 0, 7, 9, 5, 6, 0, 4, 0, 0, 0, 0, 8, 0, 0, 0, 1, 0, 0, 0, 0, 10, 7, 9, 5, 6, 0, 4, 2, 0, 0, 8, 0, 0, 0, 3, 0, 7, 4, 0, 6, 10, 0, 0, 5, 0, 0, 0, 2, 1, 0, 8, 0, 9, 0, 3]);
step = 3;
----------
cost = 13;
objective = 133;
seat = array2d(1..4, 1..20, [0, 10, 0, 2, 0, 0, 7, 9, 0, 0, 0, 4, 3, 5, 1, 6, 8, 0, 0, 0, 1, 0, 4, 2, 6, 10, 0, 9, 5, 7, 0, 0, 3, 0, 0, 0, 8, 0, 0, 0, 1, 7, 4, 2, 6, 10, 3, 9, 5, 0, 0, 0, 0, 0, 0, 8, 0, 0, 0, 0, 0, 7, 4, 0, 6, 10, 0, 0, 5, 0, 0, 0, 2, 1, 0, 8, 0, 9, 0, 3]);
step = 3;
----------
cost = 12;
objective = 132;
seat = array2d(1..4, 1..20, [0, 10, 0, 2, 0, 0, 7, 9, 0, 0, 0, 4, 3, 5, 1, 6, 8, 0, 0, 0, 1, 0, 4, 2, 6, 10, 7, 0, 5, 0, 0, 0, 3, 0, 0, 0, 8, 9, 0, 0, 1, 7, 4, 2, 6, 10, 0, 3, 5, 0, 0, 0, 0, 0, 0, 8, 0, 9, 0, 0, 0, 7, 4, 0, 6, 10, 0, 0, 5, 0, 0, 0, 2, 1, 0, 8, 0, 9, 0, 3]);
step = 3;
----------
cost = 11;
objective = 131;
seat = array2d(1..4, 1..20, [0, 10, 0, 2, 0, 0, 7, 9, 0, 0, 0, 4, 3, 5, 1, 6, 8, 0, 0, 0, 1, 0, 4, 2, 6, 10, 7, 9, 5, 0, 0, 0, 3, 0, 0, 0, 8, 0, 0, 0, 1, 7, 4, 2, 6, 10, 0, 9, 5, 0, 0, 0, 0, 0, 0, 8, 0, 0, 0, 3, 0, 7, 4, 0, 6, 10, 0, 0, 5, 0, 0, 0, 2, 1, 0, 8, 0, 9, 0, 3]);
step = 3;
----------
cost = 10;
objective = 130;
seat = array2d(1..4, 1..20, [0, 10, 0, 2, 0, 0, 7, 9, 0, 0, 0, 4, 3, 5, 1, 6, 8, 0, 0, 0, 0, 0, 4, 2, 6, 10, 7, 9, 5, 0, 0, 0, 3, 0, 1, 0, 8, 0, 0, 0, 0, 7, 4, 2, 6, 10, 0, 9, 5, 0, 0, 0, 0, 1, 0, 8, 0, 0, 0, 3, 0, 7, 4, 0, 6, 10, 0, 0, 5, 0, 0, 0, 2, 1, 0, 8, 0, 9, 0, 3]);
step = 3;
----------
cost = 16;
objective = 96;
seat = array2d(1..4, 1..20, [0, 10, 0, 2, 0, 0, 7, 9, 0, 0, 0, 4, 3, 5, 1, 6, 8, 0, 0, 0, 1, 0, 4, 2, 5, 10, 7, 8, 6, 3, 0, 0, 0, 0, 0, 0, 9, 0, 0, 0, 0, 7, 4, 0, 6, 10, 0, 0, 5, 0, 0, 0, 2, 1, 0, 8, 0, 9, 0, 3, 0, 7, 4, 0, 6, 10, 0, 0, 5, 0, 0, 0, 2, 1, 0, 8, 0, 9, 0, 3]);
step = 2;
----------
cost = 15;
objective = 95;
seat = array2d(1..4, 1..20, [0, 10, 0, 2, 0, 0, 7, 9, 0, 0, 0, 4, 3, 5, 1, 6, 8, 0, 0, 0, 1, 0, 4, 2, 5, 10, 7, 9, 6, 3, 8, 0, 0, 0, 0, 0, 0, 0, 0, 0, 0, 7, 4, 0, 6, 10, 0, 0, 5, 0, 0, 0, 2, 1, 0, 8, 0, 9, 0, 3, 0, 7, 4, 0, 6, 10, 0, 0, 5, 0, 0, 0, 2, 1, 0, 8, 0, 9, 0, 3]);
step = 2;
----------
cost = 14;
objective = 94;
seat = array2d(1..4, 1..20, [0, 10, 0, 2, 0, 0, 7, 9, 0, 0, 0, 4, 3, 5, 1, 6, 8, 0, 0, 0, 1, 0, 4, 2, 5, 10, 7, 9, 6, 3, 0, 0, 0, 0, 0, 0, 8, 0, 0, 0, 0, 7, 4, 0, 6, 10, 0, 0, 5, 0, 0, 0, 2, 1, 0, 8, 0, 9, 0, 3, 0, 7, 4, 0, 6, 10, 0, 0, 5, 0, 0, 0, 2, 1, 0, 8, 0, 9, 0, 3]);
step = 2;
----------
cost = 13;
objective = 93;
seat = array2d(1..4, 1..20, [0, 10, 0, 2, 0, 0, 7, 9, 0, 0, 0, 4, 3, 5, 1, 6, 8, 0, 0, 0, 1, 0, 4, 2, 6, 10, 7, 9, 5, 3, 8, 0, 0, 0, 0, 0, 0, 0, 0, 0, 0, 7, 4, 0, 6, 10, 0, 0, 5, 0, 0, 0, 2, 1, 0, 8, 0, 9, 0, 3, 0, 7, 4, 0, 6, 10, 0, 0, 5, 0, 0, 0, 2, 1, 0, 8, 0, 9, 0, 3]);
step = 2;
----------
cost = 12;
objective = 92;
seat = array2d(1..4, 1..20, [0, 10, 0, 2, 0, 0, 7, 9, 0, 0, 0, 4, 3, 5, 1, 6, 8, 0, 0, 0, 1, 0, 4, 2, 6, 10, 7, 9, 5, 3, 0, 0, 0, 0, 0, 0, 8, 0, 0, 0, 0, 7, 4, 0, 6, 10, 0, 0, 5, 0, 0, 0, 2, 1, 0, 8, 0, 9, 0, 3, 0, 7, 4, 0, 6, 10, 0, 0, 5, 0, 0, 0, 2, 1, 0, 8, 0, 9, 0, 3]);
step = 2;
----------
cost = 11;
objective = 91;
seat = array2d(1..4, 1..20, [0, 10, 0, 2, 0, 0, 7, 9, 0, 0, 0, 4, 3, 5, 1, 6, 8, 0, 0, 0, 1, 0, 4, 2, 6, 10, 7, 9, 5, 0, 0, 0, 0, 0, 0, 0, 8, 0, 0, 3, 0, 7, 4, 0, 6, 10, 0, 0, 5, 0, 0, 0, 2, 1, 0, 8, 0, 9, 0, 3, 0, 7, 4, 0, 6, 10, 0, 0, 5, 0, 0, 0, 2, 1, 0, 8, 0, 9, 0, 3]);
step = 2;
----------
cost = 10;
objective = 90;
seat = array2d(1..4, 1..20, [0, 10, 0, 2, 0, 0, 7, 9, 0, 0, 0, 4, 3, 5, 1, 6, 8, 0, 0, 0, 0, 0, 4, 2, 6, 10, 7, 9, 5, 0, 0, 0, 0, 0, 1, 0, 8, 0, 0, 3, 0, 7, 4, 0, 6, 10, 0, 0, 5, 0, 0, 0, 2, 1, 0, 8, 0, 9, 0, 3, 0, 7, 4, 0, 6, 10, 0, 0, 5, 0, 0, 0, 2, 1, 0, 8, 0, 9, 0, 3]);
step = 2;
----------
==========
