mznc2018_probs/neighbours/neighbours5.dzn
objective = 143;
x = array2d(1..7, 1..8, [1, 1, 1, 3, 2, 3, 1, 3, 3, 5, 2, 5, 1, 5, 4, 2, 2, 4, 1, 4, 3, 2, 3, 1, 1, 3, 5, 2, 5, 1, 5, 2, 4, 2, 4, 1, 4, 2, 4, 1, 3, 1, 3, 4, 3, 2, 3, 4, 2, 1, 2, 2, 1, 1, 1, 2]);
----------
objective = 145;
x = array2d(1..7, 1..8, [1, 1, 1, 3, 2, 3, 1, 3, 3, 5, 2, 5, 1, 5, 4, 2, 2, 4, 1, 4, 3, 2, 3, 1, 1, 3, 5, 2, 5, 1, 5, 2, 4, 2, 4, 1, 4, 3, 4, 2, 3, 1, 3, 4, 2, 2, 1, 1, 2, 1, 2, 3, 1, 4, 3, 2]);
----------
objective = 146;
x = array2d(1..7, 1..8, [1, 1, 1, 3, 2, 3, 1, 3, 3, 5, 2, 5, 1, 5, 4, 2, 2, 4, 1, 4, 3, 2, 3, 1, 1, 3, 5, 2, 5, 1, 5, 2, 4, 2, 4, 1, 4, 2, 4, 3, 3, 1, 3, 2, 3, 4, 1, 1, 2, 1, 4, 2, 1, 3, 2, 3]);
----------
objective = 147;
x = array2d(1..7, 1..8, [2, 3, 1, 3, 2, 3, 1, 3, 1, 5, 2, 5, 1, 5, 4, 2, 2, 4, 1, 4, 3, 2, 3, 1, 4, 3, 1, 2, 5, 1, 5, 2, 1, 2, 5, 3, 4, 2, 4, 1, 2, 3, 4, 1, 1, 4, 3, 2, 3, 1, 2, 4, 3, 2, 1, 3]);
----------
