mznc2018_probs/concert-hall-cap/concert-cap.mznc2018.318.dzn
assign = array1d(1..28, [3, 4, 5, 1, 6, 9, 10, 11, 0, 0, 0, 2, 7, 8, 0, 0, 0, 0, 0, 0, 0, 0, 0, 0, 0, 0, 0, 0]);
objective = 36501;
----------
assign = array1d(1..28, [3, 4, 5, 1, 6, 9, 10, 11, 0, 0, 0, 2, 7, 8, 0, 0, 0, 0, 0, 0, 0, 0, 0, 0, 0, 13, 0, 0]);
objective = 38097;
----------
assign = array1d(1..28, [3, 4, 5, 1, 6, 9, 10, 11, 0, 0, 0, 2, 7, 8, 0, 0, 0, 0, 0, 0, 0, 0, 0, 0, 13, 14, 0, 0]);
objective = 39693;
----------
assign = array1d(1..28, [3, 4, 5, 1, 6, 9, 10, 11, 0, 0, 0, 2, 7, 8, 0, 12, 0, 0, 0, 0, 0, 0, 0, 0, 0, 0, 0, 0]);
objective = 40232;
----------
assign = array1d(1..28, [3, 4, 5, 1, 6, 9, 10, 11, 0, 0, 0, 2, 7, 8, 0, 12, 0, 0, 0, 0, 0, 0, 0, 0, 0, 13, 0, 0]);
objective = 41828;
----------
assign = array1d(1..28, [3, 4, 5, 1, 6, 9, 10, 11, 0, 0, 0, 2, 7, 8, 0, 12, 0, 0, 0, 0, 0, 0, 0, 0, 13, 14, 0, 0]);
objective = 43424;
----------
assign = array1d(1..28, [3, 4, 5, 1, 6, 9, 10, 11, 0, 0, 0, 2, 7, 8, 12, 13, 0, 0, 0, 0, 0, 0, 0, 0, 0, 0, 0, 0]);
objective = 43963;
----------
assign = array1d(1..28, [3, 4, 5, 1, 6, 9, 10, 11, 0, 0, 0, 2, 7, 8, 12, 13, 0, 0, 0, 0, 0, 0, 0, 0, 0, 14, 0, 0]);
objective = 45559;
----------
assign = array1d(1..28, [0, 3, 4, 1, 5, 6, 9, 10, 11, 0, 0, 2, 7, 8, 12, 13, 0, 0, 0, 0, 0, 0, 0, 0, 0, 14, 0, 0]);
objective = 46475;
----------
assign = array1d(1..28, [0, 3, 4, 1, 0, 5, 6, 9, 10, 11, 0, 2, 7, 8, 12, 13, 0, 0, 0, 0, 0, 0, 0, 0, 0, 14, 0, 0]);
objective = 46875;
----------
assign = array1d(1..28, [0, 3, 0, 1, 0, 4, 5, 6, 9, 10, 11, 2, 7, 8, 12, 13, 0, 0, 0, 0, 0, 0, 0, 0, 0, 14, 0, 0]);
objective = 47275;
----------
