mznc2017_probs/crosswords/grid-05.04_dict-80.dzn
objective = 33;
ww = array1d(1..10, [8048, 4066, 382, 77, 1118, 331, 1, 7, 541, 905]);
xx = array2d(1..5, 1..5, [1, 1, 8, 1, 1, 2, 12, 1, 2, 1, 19, 1, 4, 5, 19, 1, 5, 1, 18, 12, 1, 1, 12, 5, 5]);
----------
objective = 36;
ww = array1d(1..10, [8048, 4066, 382, 77, 1118, 331, 1, 7, 552, 906]);
xx = array2d(1..5, 1..5, [1, 1, 8, 1, 1, 2, 12, 1, 2, 1, 19, 1, 4, 5, 19, 1, 5, 1, 18, 12, 1, 1, 12, 5, 25]);
----------
objective = 39;
ww = array1d(1..10, [8048, 4066, 382, 77, 1124, 337, 1, 7, 530, 891]);
xx = array2d(1..5, 1..5, [1, 1, 8, 1, 1, 2, 12, 1, 2, 1, 19, 1, 4, 5, 19, 1, 5, 1, 20, 8, 1, 1, 12, 1, 8]);
----------
objective = 42;
ww = array1d(1..10, [8051, 4066, 382, 77, 1116, 359, 1, 7, 553, 888]);
xx = array2d(1..5, 1..5, [1, 1, 8, 1, 1, 2, 12, 1, 2, 1, 19, 1, 4, 9, 19, 1, 5, 1, 12, 5, 1, 1, 12, 5, 26]);
----------
objective = 43;
ww = array1d(1..10, [687, 4093, 382, 77, 1116, 260, 1, 5, 553, 888]);
xx = array2d(1..5, 1..5, [1, 1, 8, 1, 1, 2, 12, 1, 2, 1, 2, 1, 12, 1, 19, 1, 5, 1, 12, 5, 1, 1, 12, 5, 26]);
----------
objective = 45;
ww = array1d(1..10, [10849, 4088, 382, 77, 1116, 423, 1, 8, 582, 1070]);
xx = array2d(1..5, 1..5, [1, 1, 8, 1, 1, 2, 12, 1, 2, 1, 25, 1, 11, 15, 23, 1, 5, 1, 12, 5, 1, 1, 13, 1, 4]);
----------
objective = 46;
ww = array1d(1..10, [10849, 4088, 382, 77, 1116, 423, 1, 8, 586, 1072]);
xx = array2d(1..5, 1..5, [1, 1, 8, 1, 1, 2, 12, 1, 2, 1, 25, 1, 11, 15, 23, 1, 5, 1, 12, 5, 1, 1, 13, 1, 13]);
----------
objective = 47;
ww = array1d(1..10, [10849, 4088, 382, 77, 1116, 423, 1, 8, 593, 1075]);
xx = array2d(1..5, 1..5, [1, 1, 8, 1, 1, 2, 12, 1, 2, 1, 25, 1, 11, 15, 23, 1, 5, 1, 12, 5, 1, 1, 13, 1, 25]);
----------
objective = 48;
ww = array1d(1..10, [8080, 4088, 382, 77, 1117, 373, 1, 7, 628, 14]);
xx = array2d(1..5, 1..5, [1, 1, 8, 1, 1, 2, 12, 1, 2, 1, 19, 1, 11, 9, 1, 1, 5, 1, 18, 4, 1, 1, 13, 15, 26]);
----------
objective = 50;
ww = array1d(1..10, [10849, 4088, 382, 77, 1124, 457, 1, 8, 593, 1078]);
xx = array2d(1..5, 1..5, [1, 1, 8, 1, 1, 2, 12, 1, 2, 1, 25, 1, 11, 15, 23, 1, 5, 1, 20, 8, 1, 1, 13, 1, 25]);
----------
objective = 52;
ww = array1d(1..10, [10846, 4075, 382, 77, 1127, 462, 1, 8, 904, 738]);
xx = array2d(1..5, 1..5, [1, 1, 8, 1, 1, 2, 12, 1, 2, 1, 25, 1, 8, 15, 15, 1, 5, 1, 21, 24, 1, 1, 19, 11, 25]);
----------
objective = 54;
ww = array1d(1..10, [10849, 4089, 382, 77, 1115, 411, 1, 8, 904, 1078]);
xx = array2d(1..5, 1..5, [1, 1, 8, 1, 1, 2, 12, 1, 2, 1, 25, 1, 11, 15, 23, 1, 5, 1, 3, 8, 1, 1, 19, 11, 25]);
----------
objective = 55;
ww = array1d(1..10, [10849, 4088, 382, 78, 2849, 470, 1, 8, 615, 1069]);
xx = array2d(1..5, 1..5, [1, 1, 8, 1, 1, 2, 12, 1, 2, 1, 25, 1, 11, 15, 23, 1, 14, 1, 26, 5, 1, 1, 13, 15, 2]);
----------
objective = 56;
ww = array1d(1..10, [10849, 4088, 382, 78, 2849, 470, 1, 8, 627, 1075]);
xx = array2d(1..5, 1..5, [1, 1, 8, 1, 1, 2, 12, 1, 2, 1, 25, 1, 11, 15, 23, 1, 14, 1, 26, 5, 1, 1, 13, 15, 25]);
----------
objective = 57;
ww = array1d(1..10, [785, 4174, 382, 79, 3182, 258, 1, 5, 187, 832]);
xx = array2d(1..5, 1..5, [1, 1, 8, 1, 1, 2, 12, 1, 2, 1, 2, 1, 26, 1, 18, 1, 16, 5, 11, 5, 1, 1, 4, 5, 24]);
----------
objective = 58;
ww = array1d(1..10, [785, 4175, 382, 79, 3182, 258, 1, 5, 553, 833]);
xx = array2d(1..5, 1..5, [1, 1, 8, 1, 1, 2, 12, 1, 2, 1, 2, 1, 26, 1, 18, 1, 16, 5, 11, 5, 1, 1, 12, 5, 26]);
----------
objective = 59;
ww = array1d(1..10, [890, 4165, 382, 86, 770, 470, 1, 5, 158, 833]);
xx = array2d(1..5, 1..5, [1, 1, 8, 1, 1, 2, 12, 1, 2, 1, 2, 5, 22, 15, 18, 1, 3, 15, 26, 5, 1, 1, 3, 15, 26]);
----------
objective = 61;
ww = array1d(1..10, [10972, 4088, 382, 107, 2612, 470, 1, 8, 628, 888]);
xx = array2d(1..5, 1..5, [1, 1, 8, 1, 1, 2, 12, 1, 2, 1, 25, 21, 11, 15, 19, 1, 13, 1, 26, 5, 1, 1, 13, 15, 26]);
----------
objective = 73;
ww = array1d(1..10, [2694, 4073, 1047, 183, 2704, 543, 1, 11, 1154, 888]);
xx = array2d(1..5, 1..5, [1, 1, 8, 1, 1, 4, 18, 1, 2, 1, 4, 21, 6, 21, 19, 1, 13, 9, 26, 5, 1, 1, 26, 26, 26]);
----------
objective = 74;
ww = array1d(1..10, [4072, 4073, 3793, 53, 3866, 1588, 1, 62, 1154, 888]);
xx = array2d(1..5, 1..5, [1, 1, 8, 1, 1, 19, 8, 1, 7, 1, 8, 1, 6, 9, 19, 1, 19, 9, 26, 5, 1, 1, 26, 26, 26]);
----------
objective = 75;
ww = array1d(1..10, [4792, 4073, 3793, 53, 3866, 1588, 1, 63, 1154, 833]);
xx = array2d(1..5, 1..5, [1, 1, 8, 1, 1, 19, 8, 1, 7, 1, 11, 1, 6, 9, 18, 1, 19, 9, 26, 5, 1, 1, 26, 26, 26]);
----------
objective = 77;
ww = array1d(1..10, [4865, 4073, 3793, 55, 2704, 1588, 1, 63, 1154, 833]);
xx = array2d(1..5, 1..5, [1, 1, 8, 1, 1, 19, 8, 1, 7, 1, 11, 5, 6, 9, 18, 1, 13, 9, 26, 5, 1, 1, 26, 26, 26]);
----------
objective = 79;
ww = array1d(1..10, [4865, 4073, 3794, 55, 2704, 1844, 1, 63, 1154, 833]);
xx = array2d(1..5, 1..5, [1, 1, 8, 1, 1, 19, 8, 1, 8, 1, 11, 5, 6, 9, 18, 1, 13, 9, 26, 5, 1, 1, 26, 26, 26]);
----------
objective = 82;
ww = array1d(1..10, [4865, 4073, 4005, 149, 3866, 4906, 1, 63, 1154, 833]);
xx = array2d(1..5, 1..5, [1, 1, 8, 1, 1, 19, 16, 1, 26, 1, 11, 5, 6, 9, 18, 1, 19, 9, 26, 5, 1, 1, 26, 26, 26]);
----------
