mznc2017_probs/tdtsp/inst_20_26_00.dzn
objective = 22674;
position = array1d(1..21, [1, 2, 3, 4, 5, 6, 7, 8, 9, 10, 11, 12, 13, 14, 15, 16, 17, 18, 20, 19, 21]);
tvar = array1d(1..21, [0, 901, 1956, 3873, 7012, 8243, 8770, 9418, 10145, 11225, 12034, 12848, 14135, 15656, 16360, 17910, 19726, 20284, 22278, 21225, 22674]);
----------
objective = 22645;
position = array1d(1..21, [1, 2, 3, 4, 5, 6, 7, 8, 9, 10, 11, 12, 13, 14, 15, 16, 17, 18, 20, 19, 21]);
tvar = array1d(1..21, [0, 901, 1956, 3960, 6983, 8214, 8741, 9389, 10116, 11196, 12005, 12819, 14106, 15627, 16331, 17881, 19697, 20255, 22249, 21196, 22645]);
----------
objective = 22535;
position = array1d(1..21, [1, 2, 3, 4, 5, 6, 7, 8, 9, 10, 11, 12, 13, 14, 15, 16, 17, 19, 20, 18, 21]);
tvar = array1d(1..21, [0, 901, 1956, 3873, 7012, 8243, 8770, 9418, 10145, 11225, 12034, 12848, 14135, 15656, 16360, 17910, 19726, 21369, 22139, 20595, 22535]);
----------
objective = 22506;
position = array1d(1..21, [1, 2, 3, 4, 5, 6, 7, 8, 9, 10, 11, 12, 13, 14, 15, 16, 17, 19, 20, 18, 21]);
tvar = array1d(1..21, [0, 901, 1956, 3960, 6983, 8214, 8741, 9389, 10116, 11196, 12005, 12819, 14106, 15627, 16331, 17881, 19697, 21340, 22110, 20566, 22506]);
----------
objective = 22464;
position = array1d(1..21, [1, 2, 3, 4, 5, 6, 7, 8, 9, 10, 11, 12, 13, 14, 15, 16, 18, 20, 17, 19, 21]);
tvar = array1d(1..21, [0, 901, 1956, 3873, 7012, 8243, 8770, 9418, 10145, 11225, 12034, 12848, 14135, 15656, 16360, 17910, 20087, 21741, 19427, 20961, 22464]);
----------
objective = 22424;
position = array1d(1..21, [1, 2, 3, 4, 5, 6, 7, 8, 9, 10, 11, 12, 13, 14, 15, 16, 18, 20, 17, 19, 21]);
tvar = array1d(1..21, [0, 901, 1956, 3873, 7012, 8243, 8770, 9418, 10145, 11225, 12034, 12848, 14135, 15656, 16360, 17910, 20047, 21701, 19440, 20921, 22424]);
----------
objective = 22359;
position = array1d(1..21, [1, 2, 3, 4, 5, 6, 7, 8, 9, 10, 11, 12, 13, 14, 15, 19, 16, 17, 20, 18, 21]);
tvar = array1d(1..21, [0, 901, 1956, 3873, 7012, 8243, 8770, 9418, 10145, 11225, 12034, 12848, 14135, 15656, 16360, 20457, 16933, 17494, 21963, 18433, 22359]);
----------
objective = 22320;
position = array1d(1..21, [1, 2, 3, 4, 5, 6, 7, 8, 9, 10, 11, 12, 13, 14, 15, 19, 16, 17, 20, 18, 21]);
tvar = array1d(1..21, [0, 901, 1956, 3960, 6983, 8214, 8741, 9389, 10116, 11196, 12005, 12819, 14106, 15627, 16331, 20420, 16904, 17457, 21926, 18396, 22320]);
----------
objective = 22246;
position = array1d(1..21, [1, 2, 3, 4, 5, 6, 7, 8, 9, 10, 11, 12, 13, 14, 15, 19, 17, 16, 20, 18, 21]);
tvar = array1d(1..21, [0, 901, 1956, 3873, 7012, 8243, 8770, 9418, 10145, 11225, 12034, 12848, 14135, 15656, 16360, 20346, 17452, 16958, 21852, 18318, 22246]);
----------
objective = 22217;
position = array1d(1..21, [1, 2, 3, 4, 5, 6, 7, 8, 9, 10, 11, 12, 13, 14, 15, 19, 17, 16, 20, 18, 21]);
tvar = array1d(1..21, [0, 901, 1956, 3960, 6983, 8214, 8741, 9389, 10116, 11196, 12005, 12819, 14106, 15627, 16331, 20317, 17423, 16929, 21823, 18289, 22217]);
----------
objective = 22192;
position = array1d(1..21, [1, 2, 3, 4, 5, 6, 7, 8, 9, 10, 11, 12, 13, 14, 15, 20, 17, 18, 16, 19, 21]);
tvar = array1d(1..21, [0, 901, 1956, 3873, 7012, 8243, 8770, 9418, 10145, 11225, 12034, 12848, 14135, 15656, 16360, 20732, 17223, 17784, 16628, 18708, 22192]);
----------
objective = 22163;
position = array1d(1..21, [1, 2, 3, 4, 5, 6, 7, 8, 9, 10, 11, 12, 13, 14, 15, 20, 17, 18, 16, 19, 21]);
tvar = array1d(1..21, [0, 901, 1956, 3960, 6983, 8214, 8741, 9389, 10116, 11196, 12005, 12819, 14106, 15627, 16331, 20703, 17194, 17755, 16599, 18679, 22163]);
----------
objective = 22118;
position = array1d(1..21, [1, 2, 3, 4, 5, 6, 7, 8, 9, 10, 11, 12, 13, 14, 15, 20, 18, 17, 16, 19, 21]);
tvar = array1d(1..21, [0, 901, 1956, 3873, 7012, 8243, 8770, 9418, 10145, 11225, 12034, 12848, 14135, 15656, 16360, 20658, 17775, 17300, 16628, 18634, 22118]);
----------
objective = 22108;
position = array1d(1..21, [1, 2, 3, 4, 5, 6, 7, 8, 9, 10, 11, 12, 13, 14, 15, 20, 18, 17, 16, 19, 21]);
tvar = array1d(1..21, [0, 901, 1956, 3960, 6983, 8214, 8741, 9389, 10116, 11196, 12005, 12819, 14106, 15627, 16331, 20648, 17765, 17271, 16599, 18624, 22108]);
----------
objective = 22098;
position = array1d(1..21, [1, 2, 3, 4, 5, 6, 7, 8, 9, 10, 11, 12, 13, 14, 15, 20, 18, 17, 16, 19, 21]);
tvar = array1d(1..21, [0, 901, 1956, 3960, 6983, 8214, 8741, 9389, 10116, 11196, 12005, 12819, 14106, 15627, 16331, 20638, 17755, 17280, 16599, 18614, 22098]);
----------
objective = 21817;
position = array1d(1..21, [1, 2, 3, 4, 5, 6, 7, 8, 9, 10, 11, 12, 13, 14, 16, 15, 17, 18, 20, 19, 21]);
tvar = array1d(1..21, [0, 901, 1956, 3873, 7012, 8243, 8770, 9418, 10145, 11225, 12034, 12848, 14135, 15656, 18344, 16791, 18918, 19473, 21422, 20399, 21817]);
----------
objective = 21788;
position = array1d(1..21, [1, 2, 3, 4, 5, 6, 7, 8, 9, 10, 11, 12, 13, 14, 16, 15, 17, 18, 20, 19, 21]);
tvar = array1d(1..21, [0, 901, 1956, 3960, 6983, 8214, 8741, 9389, 10116, 11196, 12005, 12819, 14106, 15627, 18315, 16762, 18889, 19444, 21393, 20370, 21788]);
----------
objective = 21743;
position = array1d(1..21, [1, 2, 3, 4, 5, 6, 7, 8, 9, 10, 11, 12, 13, 14, 16, 15, 17, 19, 20, 18, 21]);
tvar = array1d(1..21, [0, 901, 1956, 3873, 7012, 8243, 8770, 9418, 10145, 11225, 12034, 12848, 14135, 15656, 18344, 16791, 18918, 20578, 21348, 19783, 21743]);
----------
objective = 21714;
position = array1d(1..21, [1, 2, 3, 4, 5, 6, 7, 8, 9, 10, 11, 12, 13, 14, 16, 15, 17, 19, 20, 18, 21]);
tvar = array1d(1..21, [0, 901, 1956, 3960, 6983, 8214, 8741, 9389, 10116, 11196, 12005, 12819, 14106, 15627, 18315, 16762, 18889, 20549, 21319, 19754, 21714]);
----------
objective = 21710;
position = array1d(1..21, [1, 2, 3, 4, 5, 6, 7, 8, 9, 10, 11, 12, 13, 14, 16, 15, 18, 17, 20, 19, 21]);
tvar = array1d(1..21, [0, 901, 1956, 3873, 7012, 8243, 8770, 9418, 10145, 11225, 12034, 12848, 14135, 15656, 18344, 16791, 19420, 18928, 21315, 20292, 21710]);
----------
objective = 21681;
position = array1d(1..21, [1, 2, 3, 4, 5, 6, 7, 8, 9, 10, 11, 12, 13, 14, 16, 15, 18, 17, 20, 19, 21]);
tvar = array1d(1..21, [0, 901, 1956, 3960, 6983, 8214, 8741, 9389, 10116, 11196, 12005, 12819, 14106, 15627, 18315, 16762, 19391, 18899, 21286, 20263, 21681]);
----------
objective = 21631;
position = array1d(1..21, [1, 2, 3, 4, 5, 6, 7, 8, 9, 10, 11, 12, 13, 14, 19, 15, 16, 18, 20, 17, 21]);
tvar = array1d(1..21, [0, 901, 1956, 3873, 7012, 8243, 8770, 9418, 10145, 11225, 12034, 12848, 14135, 15656, 20965, 16791, 18598, 20259, 21237, 19464, 21631]);
----------
objective = 21587;
position = array1d(1..21, [1, 2, 3, 4, 5, 6, 7, 8, 9, 10, 11, 12, 13, 14, 19, 15, 16, 18, 20, 17, 21]);
tvar = array1d(1..21, [0, 901, 1956, 3960, 6983, 8214, 8741, 9389, 10116, 11196, 12005, 12819, 14106, 15627, 20921, 16762, 18569, 20215, 21193, 19435, 21587]);
----------
objective = 21575;
position = array1d(1..21, [1, 2, 3, 4, 5, 6, 7, 8, 9, 10, 11, 12, 13, 14, 20, 15, 16, 18, 19, 17, 21]);
tvar = array1d(1..21, [0, 901, 1956, 3960, 6983, 8214, 8741, 9389, 10116, 11196, 12005, 12819, 14106, 15627, 21283, 16762, 18569, 20215, 20973, 19435, 21575]);
----------
objective = 21551;
position = array1d(1..21, [1, 2, 3, 4, 5, 6, 7, 8, 9, 10, 11, 12, 13, 14, 17, 15, 18, 20, 16, 19, 21]);
tvar = array1d(1..21, [0, 901, 1956, 3873, 7012, 8243, 8770, 9418, 10145, 11225, 12034, 12848, 14135, 15656, 18603, 16791, 19162, 20826, 18293, 20034, 21551]);
----------
objective = 21522;
position = array1d(1..21, [1, 2, 3, 4, 5, 6, 7, 8, 9, 10, 11, 12, 13, 14, 17, 15, 18, 20, 16, 19, 21]);
tvar = array1d(1..21, [0, 901, 1956, 3960, 6983, 8214, 8741, 9389, 10116, 11196, 12005, 12819, 14106, 15627, 18574, 16762, 19133, 20797, 18264, 20005, 21522]);
----------
objective = 21412;
position = array1d(1..21, [1, 2, 3, 4, 5, 6, 7, 8, 9, 10, 11, 12, 13, 19, 14, 18, 16, 15, 20, 17, 21]);
tvar = array1d(1..21, [0, 901, 1956, 3873, 7012, 8243, 8770, 9418, 10145, 11225, 12034, 12848, 14135, 20381, 15295, 19258, 16347, 15876, 21018, 17219, 21412]);
----------
objective = 21383;
position = array1d(1..21, [1, 2, 3, 4, 5, 6, 7, 8, 9, 10, 11, 12, 13, 19, 14, 18, 16, 15, 20, 17, 21]);
tvar = array1d(1..21, [0, 901, 1956, 3960, 6983, 8214, 8741, 9389, 10116, 11196, 12005, 12819, 14106, 20352, 15266, 19229, 16318, 15847, 20989, 17190, 21383]);
----------
objective = 21377;
position = array1d(1..21, [1, 2, 3, 4, 5, 6, 7, 8, 9, 10, 11, 12, 13, 20, 14, 19, 17, 16, 15, 18, 21]);
tvar = array1d(1..21, [0, 901, 1956, 3873, 7012, 8243, 8770, 9418, 10145, 11225, 12034, 12848, 14135, 20837, 15295, 19650, 16715, 16238, 15561, 17573, 21377]);
----------
objective = 21348;
position = array1d(1..21, [1, 2, 3, 4, 5, 6, 7, 8, 9, 10, 11, 12, 13, 20, 14, 19, 17, 16, 15, 18, 21]);
tvar = array1d(1..21, [0, 901, 1956, 3960, 6983, 8214, 8741, 9389, 10116, 11196, 12005, 12819, 14106, 20808, 15266, 19621, 16686, 16209, 15532, 17544, 21348]);
----------
objective = 21314;
position = array1d(1..21, [1, 2, 3, 4, 5, 6, 7, 8, 9, 10, 11, 12, 13, 15, 16, 14, 17, 19, 20, 18, 21]);
tvar = array1d(1..21, [0, 901, 1956, 3873, 7012, 8243, 8770, 9418, 10145, 11225, 12034, 12848, 14135, 17200, 17935, 16088, 18509, 20155, 20920, 19375, 21314]);
----------
objective = 21312;
position = array1d(1..21, [1, 2, 3, 4, 5, 6, 7, 8, 9, 10, 11, 12, 13, 15, 16, 14, 17, 19, 20, 18, 21]);
tvar = array1d(1..21, [0, 901, 1956, 3873, 7012, 8243, 8770, 9418, 10145, 11225, 12034, 12848, 14135, 17200, 17935, 16088, 18509, 20160, 20918, 19375, 21312]);
----------
objective = 21285;
position = array1d(1..21, [1, 2, 3, 4, 5, 6, 7, 8, 9, 10, 11, 12, 13, 15, 16, 14, 17, 19, 20, 18, 21]);
tvar = array1d(1..21, [0, 901, 1956, 3960, 6983, 8214, 8741, 9389, 10116, 11196, 12005, 12819, 14106, 17171, 17906, 16059, 18480, 20126, 20891, 19346, 21285]);
----------
objective = 21270;
position = array1d(1..21, [1, 2, 3, 4, 5, 6, 7, 8, 9, 10, 11, 12, 13, 15, 16, 14, 18, 17, 20, 19, 21]);
tvar = array1d(1..21, [0, 901, 1956, 3873, 7012, 8243, 8770, 9418, 10145, 11225, 12034, 12848, 14135, 17200, 17935, 16088, 18992, 18516, 20876, 19857, 21270]);
----------
objective = 21241;
position = array1d(1..21, [1, 2, 3, 4, 5, 6, 7, 8, 9, 10, 11, 12, 13, 15, 16, 14, 18, 17, 20, 19, 21]);
tvar = array1d(1..21, [0, 901, 1956, 3960, 6983, 8214, 8741, 9389, 10116, 11196, 12005, 12819, 14106, 17171, 17906, 16059, 18963, 18487, 20847, 19828, 21241]);
----------
objective = 21238;
position = array1d(1..21, [1, 2, 3, 4, 5, 6, 7, 8, 9, 10, 11, 12, 13, 15, 19, 14, 16, 17, 20, 18, 21]);
tvar = array1d(1..21, [0, 901, 1956, 3960, 6983, 8214, 8741, 9389, 10116, 11196, 12005, 12819, 14106, 17171, 20579, 16059, 18071, 18629, 20844, 19541, 21238]);
----------
objective = 21200;
position = array1d(1..21, [1, 2, 3, 4, 5, 6, 7, 8, 9, 10, 11, 12, 13, 15, 20, 14, 16, 17, 19, 18, 21]);
tvar = array1d(1..21, [0, 901, 1956, 3873, 7012, 8243, 8770, 9418, 10145, 11225, 12034, 12848, 14135, 17200, 20907, 16088, 18100, 18658, 20597, 19570, 21200]);
----------
objective = 21173;
position = array1d(1..21, [1, 2, 3, 4, 5, 6, 7, 8, 9, 10, 11, 12, 13, 15, 20, 14, 16, 17, 19, 18, 21]);
tvar = array1d(1..21, [0, 901, 1956, 3960, 6983, 8214, 8741, 9389, 10116, 11196, 12005, 12819, 14106, 17171, 20878, 16059, 18071, 18629, 20568, 19541, 21173]);
----------
objective = 21111;
position = array1d(1..21, [1, 2, 3, 4, 5, 6, 7, 8, 9, 10, 11, 12, 13, 15, 20, 14, 16, 18, 19, 17, 21]);
tvar = array1d(1..21, [0, 901, 1956, 3873, 7012, 8243, 8770, 9418, 10145, 11225, 12034, 12848, 14135, 17200, 20816, 16088, 18100, 19738, 20505, 18957, 21111]);
----------
objective = 21082;
position = array1d(1..21, [1, 2, 3, 4, 5, 6, 7, 8, 9, 10, 11, 12, 13, 15, 20, 14, 16, 18, 19, 17, 21]);
tvar = array1d(1..21, [0, 901, 1956, 3960, 6983, 8214, 8741, 9389, 10116, 11196, 12005, 12819, 14106, 17171, 20787, 16059, 18071, 19709, 20476, 18928, 21082]);
----------
objective = 21069;
position = array1d(1..21, [1, 2, 3, 4, 5, 6, 7, 8, 9, 10, 11, 12, 13, 15, 17, 14, 18, 20, 16, 19, 21]);
tvar = array1d(1..21, [0, 901, 1956, 3960, 6983, 8214, 8741, 9389, 10116, 11196, 12005, 12819, 14106, 17171, 18114, 16059, 18688, 20349, 17804, 19554, 21069]);
----------
objective = 20971;
position = array1d(1..21, [1, 2, 3, 4, 5, 6, 7, 8, 9, 10, 11, 12, 13, 18, 20, 17, 14, 15, 19, 16, 21]);
tvar = array1d(1..21, [0, 901, 1956, 3873, 7012, 8243, 8770, 9418, 10145, 11225, 12034, 12848, 14135, 19727, 20676, 18581, 15046, 15600, 20365, 16542, 20971]);
----------
objective = 20942;
position = array1d(1..21, [1, 2, 3, 4, 5, 6, 7, 8, 9, 10, 11, 12, 13, 18, 20, 17, 14, 15, 19, 16, 21]);
tvar = array1d(1..21, [0, 901, 1956, 3960, 6983, 8214, 8741, 9389, 10116, 11196, 12005, 12819, 14106, 19698, 20647, 18552, 15017, 15571, 20336, 16513, 20942]);
----------
objective = 20912;
position = array1d(1..21, [1, 2, 3, 4, 5, 6, 7, 8, 9, 10, 11, 12, 13, 18, 20, 17, 15, 14, 19, 16, 21]);
tvar = array1d(1..21, [0, 901, 1956, 3873, 7012, 8243, 8770, 9418, 10145, 11225, 12034, 12848, 14135, 19668, 20617, 18522, 15611, 15132, 20306, 16483, 20912]);
----------
objective = 20888;
position = array1d(1..21, [1, 2, 3, 4, 5, 6, 7, 8, 9, 10, 11, 12, 13, 18, 20, 17, 15, 14, 19, 16, 21]);
tvar = array1d(1..21, [0, 901, 1956, 3960, 6983, 8214, 8741, 9389, 10116, 11196, 12005, 12819, 14106, 19644, 20593, 18498, 15587, 15103, 20282, 16459, 20888]);
----------
objective = 20854;
position = array1d(1..21, [1, 2, 3, 4, 5, 6, 7, 8, 9, 10, 11, 12, 13, 15, 17, 16, 18, 19, 20, 14, 21]);
tvar = array1d(1..21, [0, 901, 1956, 3873, 7012, 8243, 8770, 9418, 10145, 11225, 12034, 12848, 14135, 15874, 18567, 17014, 19126, 19693, 20460, 14549, 20854]);
----------
objective = 20825;
position = array1d(1..21, [1, 2, 3, 4, 5, 6, 7, 8, 9, 10, 11, 12, 13, 15, 17, 16, 18, 19, 20, 14, 21]);
tvar = array1d(1..21, [0, 901, 1956, 3960, 6983, 8214, 8741, 9389, 10116, 11196, 12005, 12819, 14106, 15845, 18538, 16985, 19097, 19664, 20431, 14520, 20825]);
----------
objective = 20772;
position = array1d(1..21, [1, 2, 3, 4, 5, 6, 7, 8, 9, 10, 11, 12, 13, 15, 17, 16, 19, 18, 20, 14, 21]);
tvar = array1d(1..21, [0, 901, 1956, 3873, 7012, 8243, 8770, 9418, 10145, 11225, 12034, 12848, 14135, 15874, 18567, 17014, 19652, 19146, 20378, 14549, 20772]);
----------
objective = 20743;
position = array1d(1..21, [1, 2, 3, 4, 5, 6, 7, 8, 9, 10, 11, 12, 13, 15, 17, 16, 19, 18, 20, 14, 21]);
tvar = array1d(1..21, [0, 901, 1956, 3960, 6983, 8214, 8741, 9389, 10116, 11196, 12005, 12819, 14106, 15845, 18538, 16985, 19623, 19117, 20349, 14520, 20743]);
----------
objective = 20737;
position = array1d(1..21, [1, 2, 3, 4, 5, 6, 7, 8, 9, 10, 11, 12, 13, 15, 19, 16, 17, 18, 20, 14, 21]);
tvar = array1d(1..21, [0, 901, 1956, 3873, 7012, 8243, 8770, 9418, 10145, 11225, 12034, 12848, 14135, 15874, 20082, 17014, 18829, 19384, 20343, 14549, 20737]);
----------
objective = 20708;
position = array1d(1..21, [1, 2, 3, 4, 5, 6, 7, 8, 9, 10, 11, 12, 13, 15, 19, 16, 17, 18, 20, 14, 21]);
tvar = array1d(1..21, [0, 901, 1956, 3960, 6983, 8214, 8741, 9389, 10116, 11196, 12005, 12819, 14106, 15845, 20053, 16985, 18800, 19355, 20314, 14520, 20708]);
----------
objective = 20679;
position = array1d(1..21, [1, 2, 3, 4, 5, 6, 7, 8, 9, 10, 11, 12, 13, 15, 18, 16, 19, 20, 17, 14, 21]);
tvar = array1d(1..21, [0, 901, 1956, 3873, 7012, 8243, 8770, 9418, 10145, 11225, 12034, 12848, 14135, 15874, 18832, 17014, 19383, 19950, 18522, 14549, 20679]);
----------
objective = 20650;
position = array1d(1..21, [1, 2, 3, 4, 5, 6, 7, 8, 9, 10, 11, 12, 13, 15, 18, 16, 19, 20, 17, 14, 21]);
tvar = array1d(1..21, [0, 901, 1956, 3960, 6983, 8214, 8741, 9389, 10116, 11196, 12005, 12819, 14106, 15845, 18803, 16985, 19354, 19921, 18493, 14520, 20650]);
----------
objective = 20622;
position = array1d(1..21, [1, 2, 3, 4, 5, 6, 7, 8, 9, 10, 11, 12, 13, 19, 15, 18, 17, 16, 20, 14, 21]);
tvar = array1d(1..21, [0, 901, 1956, 3873, 7012, 8243, 8770, 9418, 10145, 11225, 12034, 12848, 14135, 19590, 15547, 18444, 16605, 16134, 20228, 14549, 20622]);
----------
objective = 20593;
position = array1d(1..21, [1, 2, 3, 4, 5, 6, 7, 8, 9, 10, 11, 12, 13, 19, 15, 18, 17, 16, 20, 14, 21]);
tvar = array1d(1..21, [0, 901, 1956, 3960, 6983, 8214, 8741, 9389, 10116, 11196, 12005, 12819, 14106, 19561, 15518, 18415, 16576, 16105, 20199, 14520, 20593]);
----------
objective = 20502;
position = array1d(1..21, [1, 2, 3, 4, 5, 6, 7, 8, 9, 10, 11, 12, 13, 20, 15, 19, 18, 17, 16, 14, 21]);
tvar = array1d(1..21, [0, 901, 1956, 3873, 7012, 8243, 8770, 9418, 10145, 11225, 12034, 12848, 14135, 19964, 15547, 18814, 16967, 16490, 15813, 14549, 20502]);
----------
objective = 20473;
position = array1d(1..21, [1, 2, 3, 4, 5, 6, 7, 8, 9, 10, 11, 12, 13, 20, 15, 19, 18, 17, 16, 14, 21]);
tvar = array1d(1..21, [0, 901, 1956, 3960, 6983, 8214, 8741, 9389, 10116, 11196, 12005, 12819, 14106, 19935, 15518, 18785, 16938, 16461, 15784, 14520, 20473]);
----------
objective = 20451;
position = array1d(1..21, [1, 2, 3, 4, 5, 6, 7, 8, 9, 10, 11, 12, 13, 16, 19, 15, 17, 18, 20, 14, 21]);
tvar = array1d(1..21, [0, 901, 1956, 3960, 6983, 8214, 8741, 9389, 10116, 11196, 12005, 12819, 14106, 17640, 19789, 16521, 18534, 19091, 20056, 14520, 20451]);
----------
objective = 20443;
position = array1d(1..21, [1, 2, 3, 4, 5, 6, 7, 8, 9, 10, 11, 12, 13, 16, 20, 15, 18, 17, 19, 14, 21]);
tvar = array1d(1..21, [0, 901, 1956, 3873, 7012, 8243, 8770, 9418, 10145, 11225, 12034, 12848, 14135, 17669, 20148, 16550, 19107, 18631, 19837, 14549, 20443]);
----------
objective = 20404;
position = array1d(1..21, [1, 2, 3, 4, 5, 6, 7, 8, 9, 10, 11, 12, 13, 16, 20, 15, 18, 17, 19, 14, 21]);
tvar = array1d(1..21, [0, 901, 1956, 3960, 6983, 8214, 8741, 9389, 10116, 11196, 12005, 12819, 14106, 17640, 20109, 16521, 19078, 18602, 19798, 14520, 20404]);
----------
objective = 20291;
position = array1d(1..21, [1, 2, 3, 4, 5, 6, 7, 8, 9, 10, 11, 12, 13, 17, 19, 18, 15, 16, 20, 14, 21]);
tvar = array1d(1..21, [0, 901, 1956, 3873, 7012, 8243, 8770, 9418, 10145, 11225, 12034, 12848, 14135, 16903, 19629, 18060, 15294, 15849, 19896, 14549, 20291]);
----------
objective = 20270;
position = array1d(1..21, [1, 2, 3, 4, 5, 6, 7, 8, 9, 10, 11, 12, 13, 17, 19, 18, 15, 16, 20, 14, 21]);
tvar = array1d(1..21, [0, 901, 1956, 3960, 6983, 8214, 8741, 9389, 10116, 11196, 12005, 12819, 14106, 16882, 19608, 18039, 15265, 15820, 19875, 14520, 20270]);
----------
objective = 20176;
position = array1d(1..21, [1, 2, 3, 4, 5, 6, 7, 8, 9, 10, 11, 12, 13, 17, 20, 18, 15, 16, 19, 14, 21]);
tvar = array1d(1..21, [0, 901, 1956, 3873, 7012, 8243, 8770, 9418, 10145, 11225, 12034, 12848, 14135, 16903, 19881, 18060, 15294, 15849, 19570, 14549, 20176]);
----------
objective = 20155;
position = array1d(1..21, [1, 2, 3, 4, 5, 6, 7, 8, 9, 10, 11, 12, 13, 17, 20, 18, 15, 16, 19, 14, 21]);
tvar = array1d(1..21, [0, 901, 1956, 3960, 6983, 8214, 8741, 9389, 10116, 11196, 12005, 12819, 14106, 16882, 19860, 18039, 15265, 15820, 19549, 14520, 20155]);
----------
objective = 20118;
position = array1d(1..21, [1, 2, 3, 4, 5, 6, 7, 8, 9, 10, 11, 12, 13, 20, 17, 19, 15, 16, 18, 14, 21]);
tvar = array1d(1..21, [0, 901, 1956, 3873, 7012, 8243, 8770, 9418, 10145, 11225, 12034, 12848, 14135, 19573, 16535, 18427, 15294, 15849, 16803, 14549, 20118]);
----------
objective = 20081;
position = array1d(1..21, [1, 2, 3, 4, 5, 6, 7, 8, 9, 10, 11, 12, 13, 20, 17, 19, 15, 16, 18, 14, 21]);
tvar = array1d(1..21, [0, 901, 1956, 3960, 6983, 8214, 8741, 9389, 10116, 11196, 12005, 12819, 14106, 19536, 16498, 18390, 15265, 15820, 16766, 14520, 20081]);
----------
objective = 20057;
position = array1d(1..21, [1, 2, 3, 4, 5, 6, 7, 8, 9, 10, 11, 12, 13, 20, 17, 19, 16, 15, 18, 14, 21]);
tvar = array1d(1..21, [0, 901, 1956, 3960, 6983, 8214, 8741, 9389, 10116, 11196, 12005, 12819, 14106, 19512, 16474, 18366, 15772, 15293, 16742, 14520, 20057]);
----------
objective = 20037;
position = array1d(1..21, [1, 2, 3, 4, 5, 6, 7, 8, 9, 10, 11, 12, 13, 18, 20, 17, 16, 15, 19, 14, 21]);
tvar = array1d(1..21, [0, 901, 1956, 3960, 6983, 8214, 8741, 9389, 10116, 11196, 12005, 12819, 14106, 18798, 19744, 17636, 15772, 15293, 19434, 14520, 20037]);
----------
objective = 20025;
position = array1d(1..21, [1, 2, 3, 4, 5, 6, 7, 8, 9, 10, 11, 12, 19, 13, 14, 20, 17, 16, 15, 18, 21]);
tvar = array1d(1..21, [0, 901, 1956, 3960, 6983, 8214, 8741, 9389, 10116, 11196, 12005, 12819, 16449, 13228, 13922, 18499, 15345, 14861, 14186, 16204, 20025]);
----------
objective = 20010;
position = array1d(1..21, [1, 2, 3, 4, 5, 6, 7, 8, 9, 10, 11, 12, 15, 13, 18, 14, 17, 20, 19, 16, 21]);
tvar = array1d(1..21, [0, 901, 1956, 3873, 7012, 8243, 8770, 9418, 10145, 11225, 12034, 12848, 16450, 13257, 18327, 14411, 17609, 19282, 18599, 16864, 20010]);
----------
objective = 19981;
position = array1d(1..21, [1, 2, 3, 4, 5, 6, 7, 8, 9, 10, 11, 12, 15, 13, 18, 14, 17, 20, 19, 16, 21]);
tvar = array1d(1..21, [0, 901, 1956, 3960, 6983, 8214, 8741, 9389, 10116, 11196, 12005, 12819, 16421, 13228, 18298, 14382, 17580, 19253, 18570, 16835, 19981]);
----------
objective = 19510;
position = array1d(1..21, [1, 2, 3, 4, 5, 6, 7, 8, 9, 10, 11, 12, 15, 13, 19, 14, 17, 18, 20, 16, 21]);
tvar = array1d(1..21, [0, 901, 1956, 3873, 7012, 8243, 8770, 9418, 10145, 11225, 12034, 12848, 16450, 13257, 18850, 14411, 17609, 18171, 19117, 16864, 19510]);
----------
objective = 19481;
position = array1d(1..21, [1, 2, 3, 4, 5, 6, 7, 8, 9, 10, 11, 12, 15, 13, 19, 14, 17, 18, 20, 16, 21]);
tvar = array1d(1..21, [0, 901, 1956, 3960, 6983, 8214, 8741, 9389, 10116, 11196, 12005, 12819, 16421, 13228, 18821, 14382, 17580, 18142, 19088, 16835, 19481]);
----------
objective = 19468;
position = array1d(1..21, [1, 2, 3, 4, 5, 6, 7, 8, 9, 10, 11, 12, 15, 13, 20, 14, 18, 17, 19, 16, 21]);
tvar = array1d(1..21, [0, 901, 1956, 3873, 7012, 8243, 8770, 9418, 10145, 11225, 12034, 12848, 16450, 13257, 19171, 14411, 18120, 17649, 18861, 16864, 19468]);
----------
objective = 19443;
position = array1d(1..21, [1, 2, 3, 4, 5, 6, 7, 8, 9, 10, 11, 12, 15, 13, 20, 14, 18, 17, 19, 16, 21]);
tvar = array1d(1..21, [0, 901, 1956, 3960, 6983, 8214, 8741, 9389, 10116, 11196, 12005, 12819, 16421, 13228, 19146, 14382, 18095, 17620, 18836, 16835, 19443]);
----------
objective = 19432;
position = array1d(1..21, [1, 2, 3, 4, 5, 6, 7, 8, 9, 10, 11, 20, 17, 19, 12, 18, 15, 14, 13, 16, 21]);
tvar = array1d(1..21, [0, 901, 1956, 3873, 7012, 8243, 8770, 9418, 10145, 11225, 12034, 18889, 15391, 18540, 12856, 17378, 14290, 13821, 13135, 15147, 19432]);
----------
objective = 19404;
position = array1d(1..21, [1, 2, 3, 4, 5, 6, 7, 8, 9, 10, 11, 20, 17, 19, 12, 18, 15, 14, 13, 16, 21]);
tvar = array1d(1..21, [0, 901, 1956, 3960, 6983, 8214, 8741, 9389, 10116, 11196, 12005, 18861, 15363, 18512, 12827, 17350, 14261, 13792, 13106, 15118, 19404]);
----------
objective = 19253;
position = array1d(1..21, [1, 2, 3, 4, 5, 6, 7, 8, 9, 10, 11, 14, 15, 13, 19, 12, 17, 18, 20, 16, 21]);
tvar = array1d(1..21, [0, 901, 1956, 3873, 7012, 8243, 8770, 9418, 10145, 11225, 12034, 14838, 16183, 14495, 18587, 13388, 17343, 17905, 18859, 16598, 19253]);
----------
objective = 19224;
position = array1d(1..21, [1, 2, 3, 4, 5, 6, 7, 8, 9, 10, 11, 14, 15, 13, 19, 12, 17, 18, 20, 16, 21]);
tvar = array1d(1..21, [0, 901, 1956, 3960, 6983, 8214, 8741, 9389, 10116, 11196, 12005, 14809, 16154, 14466, 18558, 13359, 17314, 17876, 18830, 16569, 19224]);
----------
objective = 19191;
position = array1d(1..21, [1, 2, 3, 4, 5, 6, 7, 8, 9, 10, 11, 14, 15, 13, 20, 12, 18, 17, 19, 16, 21]);
tvar = array1d(1..21, [0, 901, 1956, 3873, 7012, 8243, 8770, 9418, 10145, 11225, 12034, 14838, 16183, 14495, 18898, 13388, 17858, 17383, 18588, 16598, 19191]);
----------
objective = 19162;
position = array1d(1..21, [1, 2, 3, 4, 5, 6, 7, 8, 9, 10, 11, 14, 15, 13, 20, 12, 18, 17, 19, 16, 21]);
tvar = array1d(1..21, [0, 901, 1956, 3960, 6983, 8214, 8741, 9389, 10116, 11196, 12005, 14809, 16154, 14466, 18869, 13359, 17829, 17354, 18559, 16569, 19162]);
----------
objective = 19141;
position = array1d(1..21, [1, 2, 3, 4, 5, 6, 7, 8, 9, 10, 11, 14, 19, 13, 16, 12, 17, 20, 15, 18, 21]);
tvar = array1d(1..21, [0, 901, 1956, 3960, 6983, 8214, 8741, 9389, 10116, 11196, 12005, 14809, 17410, 14466, 15737, 13359, 16293, 18405, 15427, 17165, 19141]);
----------
objective = 19139;
position = array1d(1..21, [1, 2, 3, 4, 5, 6, 7, 8, 9, 10, 11, 14, 18, 13, 20, 12, 16, 19, 15, 17, 21]);
tvar = array1d(1..21, [0, 901, 1956, 3873, 7012, 8243, 8770, 9418, 10145, 11225, 12034, 14838, 17162, 14495, 18846, 13388, 16056, 18167, 15456, 16916, 19139]);
----------
objective = 19110;
position = array1d(1..21, [1, 2, 3, 4, 5, 6, 7, 8, 9, 10, 11, 14, 18, 13, 20, 12, 16, 19, 15, 17, 21]);
tvar = array1d(1..21, [0, 901, 1956, 3960, 6983, 8214, 8741, 9389, 10116, 11196, 12005, 14809, 17133, 14466, 18817, 13359, 16027, 18138, 15427, 16887, 19110]);
----------
objective = 19098;
position = array1d(1..21, [1, 2, 3, 4, 5, 6, 7, 8, 9, 10, 14, 11, 15, 12, 20, 13, 18, 17, 19, 16, 21]);
tvar = array1d(1..21, [0, 901, 1956, 3960, 6983, 8214, 8741, 9389, 10116, 11196, 14778, 11785, 16104, 12211, 18805, 13427, 17765, 17290, 18495, 16519, 19098]);
----------
objective = 19095;
position = array1d(1..21, [1, 2, 3, 4, 5, 6, 7, 8, 9, 10, 14, 11, 17, 12, 19, 13, 15, 18, 20, 16, 21]);
tvar = array1d(1..21, [0, 901, 1956, 3960, 6983, 8214, 8741, 9389, 10116, 11196, 14778, 11785, 16739, 12211, 18429, 13427, 15622, 17747, 18701, 16494, 19095]);
----------
objective = 19076;
position = array1d(1..21, [1, 2, 3, 4, 5, 6, 7, 8, 9, 10, 14, 11, 16, 12, 19, 13, 17, 18, 20, 15, 21]);
tvar = array1d(1..21, [0, 901, 1956, 3960, 6983, 8214, 8741, 9389, 10116, 11196, 14778, 11785, 16251, 12211, 18410, 13427, 17167, 17728, 18682, 16003, 19076]);
----------
objective = 19061;
position = array1d(1..21, [1, 2, 3, 4, 5, 6, 7, 8, 9, 10, 14, 12, 15, 11, 20, 13, 18, 17, 19, 16, 21]);
tvar = array1d(1..21, [0, 901, 1956, 3960, 6983, 8214, 8741, 9389, 10116, 11196, 14721, 11996, 16048, 11620, 18768, 13370, 17728, 17234, 18458, 16463, 19061]);
----------
objective = 19035;
position = array1d(1..21, [1, 2, 3, 4, 5, 6, 7, 8, 9, 10, 14, 12, 17, 11, 19, 13, 15, 18, 20, 16, 21]);
tvar = array1d(1..21, [0, 901, 1956, 3960, 6983, 8214, 8741, 9389, 10116, 11196, 14721, 11996, 16679, 11620, 18369, 13370, 15562, 17687, 18641, 16434, 19035]);
----------
objective = 19011;
position = array1d(1..21, [1, 2, 3, 4, 5, 6, 7, 8, 9, 10, 14, 12, 16, 11, 19, 13, 17, 18, 20, 15, 21]);
tvar = array1d(1..21, [0, 901, 1956, 3960, 6983, 8214, 8741, 9389, 10116, 11196, 14721, 11996, 16192, 11620, 18345, 13370, 17102, 17663, 18617, 15944, 19011]);
----------
