mznc2018_probs/vrplc/vrplc9_5_10_s3.dzn
arr = array1d(1..40, [18, 17, 18, 38, 17, 42, 12, 60, 37, 22, 39, 41, 105, 59, 105, 63, 110, 85, 76, 64, 0, 0, 0, 0, 0, 0, 0, 0, 0, 0, 120, 147, 135, 133, 72, 91, 0, 0, 0, 0]);
dep = array1d(1..40, [32, 37, 34, 55, 35, 56, 37, 78, 47, 37, 53, 54, 121, 76, 123, 77, 125, 103, 86, 79, 0, 0, 0, 0, 0, 0, 0, 0, 0, 0, 120, 147, 135, 133, 72, 91, 0, 0, 0, 0]);
load = array1d(1..40, [1, 3, 3, 7, 4, 6, 1, 2, 3, 1, 0, 0, 0, 3, 0, 4, 0, 0, 1, 0, 0, 0, 0, 0, 0, 0, 0, 0, 0, 0, 0, 0, 0, 0, 0, 0, 0, 0, 0, 0]);
objective = 381;
ser = array1d(1..40, [18, 24, 18, 38, 17, 42, 22, 60, 37, 22, 39, 41, 105, 59, 105, 63, 110, 85, 76, 64, 0, 0, 0, 0, 0, 0, 0, 0, 0, 0, 120, 147, 135, 133, 72, 91, 0, 0, 0, 0]);
succ = array1d(1..40, [11, 12, 4, 14, 6, 16, 9, 18, 19, 20, 8, 35, 34, 13, 33, 15, 32, 31, 17, 36, 1, 7, 5, 3, 2, 10, 37, 38, 39, 40, 22, 23, 24, 25, 26, 27, 28, 29, 30, 21]);
veh = array1d(1..40, [1, 5, 4, 4, 3, 3, 2, 1, 2, 6, 1, 5, 4, 4, 3, 3, 2, 1, 2, 6, 1, 2, 3, 4, 5, 6, 7, 8, 9, 10, 1, 2, 3, 4, 5, 6, 7, 8, 9, 10]);
----------
arr = array1d(1..40, [18, 17, 18, 38, 17, 41, 12, 60, 37, 22, 39, 55, 105, 59, 63, 75, 110, 85, 76, 64, 0, 0, 0, 0, 0, 0, 0, 0, 0, 0, 120, 147, 93, 133, 106, 91, 0, 0, 0, 0]);
dep = array1d(1..40, [32, 37, 34, 55, 35, 55, 37, 78, 47, 37, 53, 68, 121, 76, 81, 89, 125, 103, 86, 79, 0, 0, 0, 0, 0, 0, 0, 0, 0, 0, 120, 147, 93, 133, 106, 91, 0, 0, 0, 0]);
load = array1d(1..40, [1, 3, 3, 7, 4, 5, 1, 2, 3, 1, 0, 2, 0, 3, 0, 0, 0, 0, 1, 0, 0, 0, 0, 0, 0, 0, 0, 0, 0, 0, 0, 0, 0, 0, 0, 0, 0, 0, 0, 0]);
objective = 373;
ser = array1d(1..40, [18, 24, 18, 38, 17, 41, 22, 60, 37, 22, 39, 55, 105, 59, 63, 75, 110, 85, 76, 64, 0, 0, 0, 0, 0, 0, 0, 0, 0, 0, 120, 147, 93, 133, 106, 91, 0, 0, 0, 0]);
succ = array1d(1..40, [11, 6, 4, 14, 15, 12, 9, 18, 19, 20, 8, 16, 34, 13, 33, 35, 32, 31, 17, 36, 1, 7, 5, 3, 2, 10, 37, 38, 39, 40, 22, 23, 24, 25, 26, 27, 28, 29, 30, 21]);
veh = array1d(1..40, [1, 5, 4, 4, 3, 5, 2, 1, 2, 6, 1, 5, 4, 4, 3, 5, 2, 1, 2, 6, 1, 2, 3, 4, 5, 6, 7, 8, 9, 10, 1, 2, 3, 4, 5, 6, 7, 8, 9, 10]);
----------
arr = array1d(1..40, [18, 17, 18, 37, 17, 34, 12, 60, 37, 22, 39, 58, 97, 71, 63, 55, 110, 85, 76, 64, 0, 0, 0, 0, 0, 0, 0, 0, 0, 0, 120, 147, 93, 125, 106, 91, 0, 0, 0, 0]);
dep = array1d(1..40, [32, 37, 34, 54, 35, 48, 37, 78, 47, 37, 53, 71, 113, 88, 81, 69, 125, 103, 86, 79, 0, 0, 0, 0, 0, 0, 0, 0, 0, 0, 120, 147, 93, 125, 106, 91, 0, 0, 0, 0]);
load = array1d(1..40, [1, 3, 3, 7, 4, 5, 1, 2, 3, 1, 0, 4, 0, 0, 0, 3, 0, 0, 1, 0, 0, 0, 0, 0, 0, 0, 0, 0, 0, 0, 0, 0, 0, 0, 0, 0, 0, 0, 0, 0]);
objective = 365;
ser = array1d(1..40, [18, 24, 18, 37, 17, 34, 22, 60, 37, 22, 39, 58, 97, 71, 63, 55, 110, 85, 76, 64, 0, 0, 0, 0, 0, 0, 0, 0, 0, 0, 120, 147, 93, 125, 106, 91, 0, 0, 0, 0]);
succ = array1d(1..40, [11, 4, 6, 12, 15, 16, 9, 18, 19, 20, 8, 14, 34, 35, 33, 13, 32, 31, 17, 36, 1, 7, 5, 3, 2, 10, 37, 38, 39, 40, 22, 23, 24, 25, 26, 27, 28, 29, 30, 21]);
veh = array1d(1..40, [1, 5, 4, 5, 3, 4, 2, 1, 2, 6, 1, 5, 4, 5, 3, 4, 2, 1, 2, 6, 1, 2, 3, 4, 5, 6, 7, 8, 9, 10, 1, 2, 3, 4, 5, 6, 7, 8, 9, 10]);
----------
arr = array1d(1..40, [41, 17, 18, 17, 17, 38, 12, 52, 37, 22, 62, 83, 63, 70, 63, 94, 110, 108, 76, 64, 0, 0, 0, 0, 0, 0, 0, 0, 0, 0, 114, 91, 93, 147, 143, 91, 0, 0, 0, 0]);
dep = array1d(1..40, [55, 37, 34, 34, 35, 52, 37, 70, 47, 37, 76, 96, 79, 87, 81, 108, 125, 126, 86, 79, 0, 0, 0, 0, 0, 0, 0, 0, 0, 0, 114, 91, 93, 147, 143, 91, 0, 0, 0, 0]);
load = array1d(1..40, [4, 3, 3, 4, 4, 6, 1, 8, 3, 1, 3, 0, 0, 4, 0, 2, 0, 0, 1, 0, 0, 0, 0, 0, 0, 0, 0, 0, 0, 0, 0, 0, 0, 0, 0, 0, 0, 0, 0, 0]);
objective = 362;
ser = array1d(1..40, [41, 24, 18, 17, 17, 38, 22, 52, 37, 22, 62, 83, 63, 70, 63, 94, 110, 108, 76, 64, 0, 0, 0, 0, 0, 0, 0, 0, 0, 0, 114, 91, 93, 147, 143, 91, 0, 0, 0, 0]);
succ = array1d(1..40, [11, 1, 13, 6, 15, 8, 9, 14, 19, 20, 12, 31, 32, 16, 33, 18, 34, 35, 17, 36, 2, 3, 5, 7, 4, 10, 37, 38, 39, 40, 22, 23, 24, 25, 26, 27, 28, 29, 30, 21]);
veh = array1d(1..40, [1, 1, 2, 5, 3, 5, 4, 5, 4, 6, 1, 1, 2, 5, 3, 5, 4, 5, 4, 6, 1, 2, 3, 4, 5, 6, 7, 8, 9, 10, 1, 2, 3, 4, 5, 6, 7, 8, 9, 10]);
----------
arr = array1d(1..40, [18, 45, 32, 17, 17, 38, 12, 52, 37, 22, 55, 62, 97, 70, 104, 94, 110, 108, 76, 64, 0, 0, 0, 0, 0, 0, 0, 0, 0, 0, 125, 134, 147, 91, 143, 0, 0, 0, 0, 0]);
dep = array1d(1..40, [32, 58, 48, 34, 35, 52, 37, 70, 47, 37, 69, 75, 113, 87, 122, 108, 125, 126, 86, 79, 0, 0, 0, 0, 0, 0, 0, 0, 0, 0, 125, 134, 147, 91, 143, 0, 0, 0, 0, 0]);
load = array1d(1..40, [1, 7, 4, 4, 4, 6, 1, 8, 3, 1, 3, 4, 0, 4, 0, 2, 0, 0, 1, 0, 0, 0, 0, 0, 0, 0, 0, 0, 0, 0, 0, 0, 0, 0, 0, 0, 0, 0, 0, 0]);
objective = 330;
ser = array1d(1..40, [18, 45, 32, 17, 17, 38, 22, 52, 37, 22, 55, 62, 97, 70, 104, 94, 110, 108, 76, 64, 0, 0, 0, 0, 0, 0, 0, 0, 0, 0, 125, 134, 147, 91, 143, 0, 0, 0, 0, 0]);
succ = array1d(1..40, [3, 12, 11, 6, 2, 8, 9, 14, 19, 20, 13, 15, 31, 16, 32, 18, 33, 35, 17, 34, 1, 5, 7, 10, 4, 36, 37, 38, 39, 40, 22, 23, 24, 25, 26, 27, 28, 29, 30, 21]);
veh = array1d(1..40, [1, 2, 1, 5, 2, 5, 3, 5, 3, 4, 1, 2, 1, 5, 2, 5, 3, 5, 3, 4, 1, 2, 3, 4, 5, 6, 7, 8, 9, 10, 1, 2, 3, 4, 5, 6, 7, 8, 9, 10]);
----------
arr = array1d(1..40, [18, 34, 32, 17, 17, 42, 12, 51, 37, 22, 55, 69, 97, 82, 105, 63, 110, 106, 76, 64, 0, 0, 0, 0, 0, 0, 0, 0, 0, 0, 125, 135, 147, 91, 141, 0, 0, 0, 0, 0]);
dep = array1d(1..40, [32, 47, 48, 34, 35, 56, 37, 69, 47, 37, 69, 82, 113, 99, 123, 77, 125, 124, 86, 79, 0, 0, 0, 0, 0, 0, 0, 0, 0, 0, 125, 135, 147, 91, 141, 0, 0, 0, 0, 0]);
load = array1d(1..40, [1, 7, 4, 4, 4, 6, 1, 9, 3, 1, 3, 6, 0, 2, 0, 4, 0, 0, 1, 0, 0, 0, 0, 0, 0, 0, 0, 0, 0, 0, 0, 0, 0, 0, 0, 0, 0, 0, 0, 0]);
objective = 329;
ser = array1d(1..40, [18, 34, 32, 17, 17, 42, 22, 51, 37, 22, 55, 69, 97, 82, 105, 63, 110, 106, 76, 64, 0, 0, 0, 0, 0, 0, 0, 0, 0, 0, 125, 135, 147, 91, 141, 0, 0, 0, 0, 0]);
succ = array1d(1..40, [3, 8, 11, 2, 6, 16, 9, 12, 19, 20, 13, 14, 31, 18, 32, 15, 33, 35, 17, 34, 1, 5, 7, 10, 4, 36, 37, 38, 39, 40, 22, 23, 24, 25, 26, 27, 28, 29, 30, 21]);
veh = array1d(1..40, [1, 5, 1, 5, 2, 2, 3, 5, 3, 4, 1, 5, 1, 5, 2, 2, 3, 5, 3, 4, 1, 2, 3, 4, 5, 6, 7, 8, 9, 10, 1, 2, 3, 4, 5, 6, 7, 8, 9, 10]);
----------
==========
