mznc2018_probs/proteindesign12/1PGB.11p.9aa.usingEref_self_x.dzn
objective = 4245;
ocosts1 = array1d(1..11, [108, 105, 103, 110, 107, 103, 111, 113, 108, 104, 106]);
ocosts2 = array1d(1..55, [56, 56, 54, 56, 56, 55, 56, 56, 56, 56, 56, 56, 56, 56, 56, 56, 56, 56, 56, 56, 56, 56, 56, 56, 56, 55, 56, 56, 56, 56, 56, 56, 56, 53, 56, 55, 56, 56, 55, 56, 56, 56, 56, 56, 54, 56, 56, 56, 56, 56, 54, 56, 56, 56, 56]);
p = array1d(1..11, [0, 0, 0, 0, 0, 0, 0, 0, 0, 0, 0]);
----------
objective = 4244;
ocosts1 = array1d(1..11, [108, 105, 103, 110, 107, 103, 111, 113, 108, 104, 105]);
ocosts2 = array1d(1..55, [56, 56, 54, 56, 56, 55, 56, 56, 56, 56, 56, 56, 56, 56, 56, 56, 56, 56, 56, 56, 56, 56, 56, 56, 56, 55, 56, 56, 56, 56, 56, 56, 56, 53, 56, 55, 56, 56, 55, 56, 56, 56, 56, 56, 54, 56, 56, 56, 56, 56, 54, 56, 56, 56, 56]);
p = array1d(1..11, [0, 0, 0, 0, 0, 0, 0, 0, 0, 0, 1]);
----------
objective = 4242;
ocosts1 = array1d(1..11, [108, 105, 103, 110, 107, 103, 111, 113, 108, 104, 110]);
ocosts2 = array1d(1..55, [56, 56, 54, 56, 56, 55, 56, 56, 56, 56, 56, 56, 56, 56, 56, 56, 56, 55, 56, 54, 56, 56, 56, 56, 55, 55, 56, 56, 56, 56, 56, 56, 55, 53, 56, 54, 55, 56, 55, 56, 56, 56, 56, 56, 54, 56, 56, 56, 56, 56, 54, 56, 56, 56, 56]);
p = array1d(1..11, [0, 0, 0, 0, 0, 0, 0, 0, 0, 0, 3]);
----------
objective = 4240;
ocosts1 = array1d(1..11, [108, 105, 103, 110, 107, 103, 111, 113, 108, 104, 106]);
ocosts2 = array1d(1..55, [56, 56, 54, 56, 56, 55, 56, 56, 56, 56, 56, 56, 56, 56, 56, 56, 56, 55, 56, 54, 56, 56, 56, 56, 56, 55, 56, 56, 56, 56, 56, 56, 56, 53, 56, 54, 55, 56, 55, 56, 56, 56, 56, 56, 54, 56, 56, 56, 56, 56, 54, 56, 56, 56, 56]);
p = array1d(1..11, [0, 0, 0, 0, 0, 0, 0, 0, 0, 0, 5]);
----------
objective = 4238;
ocosts1 = array1d(1..11, [108, 105, 103, 110, 107, 103, 111, 113, 108, 104, 105]);
ocosts2 = array1d(1..55, [56, 56, 54, 56, 56, 55, 56, 56, 56, 56, 56, 56, 56, 55, 56, 56, 56, 55, 56, 55, 56, 56, 56, 56, 55, 55, 56, 56, 56, 56, 56, 56, 56, 53, 56, 54, 55, 56, 55, 56, 56, 56, 56, 56, 54, 56, 56, 56, 56, 56, 54, 56, 56, 56, 56]);
p = array1d(1..11, [0, 0, 0, 0, 0, 0, 0, 0, 0, 0, 14]);
----------
objective = 4237;
ocosts1 = array1d(1..11, [108, 105, 103, 110, 107, 103, 111, 113, 108, 104, 105]);
ocosts2 = array1d(1..55, [56, 56, 54, 56, 56, 55, 56, 56, 56, 56, 56, 56, 56, 55, 56, 56, 56, 55, 56, 54, 56, 56, 56, 56, 55, 55, 56, 56, 56, 56, 56, 56, 55, 53, 56, 55, 55, 56, 55, 56, 56, 56, 56, 56, 54, 56, 56, 56, 56, 56, 54, 56, 56, 56, 56]);
p = array1d(1..11, [0, 0, 0, 0, 0, 0, 0, 0, 0, 0, 23]);
----------
objective = 4236;
ocosts1 = array1d(1..11, [108, 105, 103, 110, 107, 103, 111, 113, 108, 104, 104]);
ocosts2 = array1d(1..55, [56, 56, 54, 56, 56, 55, 56, 56, 56, 56, 56, 56, 56, 55, 56, 56, 56, 55, 56, 55, 56, 56, 56, 56, 55, 55, 56, 56, 56, 56, 56, 56, 55, 53, 56, 55, 54, 56, 55, 56, 56, 56, 56, 56, 54, 56, 56, 56, 56, 56, 54, 56, 56, 56, 56]);
p = array1d(1..11, [0, 0, 0, 0, 0, 0, 0, 0, 0, 0, 29]);
----------
objective = 4235;
ocosts1 = array1d(1..11, [108, 105, 103, 110, 107, 103, 111, 113, 108, 104, 104]);
ocosts2 = array1d(1..55, [56, 56, 54, 56, 56, 55, 56, 56, 56, 56, 56, 56, 56, 55, 56, 56, 56, 55, 56, 55, 56, 56, 56, 56, 55, 55, 56, 56, 56, 56, 56, 56, 53, 53, 56, 55, 55, 56, 55, 56, 56, 56, 56, 56, 54, 56, 56, 56, 56, 56, 54, 56, 56, 56, 56]);
p = array1d(1..11, [0, 0, 0, 0, 0, 0, 0, 0, 0, 0, 35]);
----------
objective = 4234;
ocosts1 = array1d(1..11, [108, 105, 103, 110, 107, 103, 111, 113, 108, 104, 105]);
ocosts2 = array1d(1..55, [56, 56, 54, 56, 56, 55, 56, 56, 56, 56, 56, 56, 56, 55, 56, 56, 55, 55, 56, 55, 56, 56, 56, 56, 55, 55, 56, 56, 56, 55, 56, 56, 55, 53, 56, 54, 55, 56, 55, 56, 56, 56, 56, 56, 54, 56, 56, 56, 56, 56, 54, 56, 55, 56, 56]);
p = array1d(1..11, [0, 0, 0, 0, 0, 0, 0, 0, 0, 6, 14]);
----------
objective = 4232;
ocosts1 = array1d(1..11, [108, 105, 103, 110, 107, 103, 111, 113, 108, 104, 104]);
ocosts2 = array1d(1..55, [56, 56, 54, 56, 56, 55, 56, 56, 56, 56, 56, 56, 56, 55, 56, 56, 55, 55, 56, 55, 56, 56, 56, 56, 55, 55, 56, 56, 56, 55, 56, 56, 54, 53, 56, 55, 54, 56, 55, 56, 56, 56, 56, 56, 54, 56, 56, 56, 56, 56, 54, 56, 55, 56, 56]);
p = array1d(1..11, [0, 0, 0, 0, 0, 0, 0, 0, 0, 6, 29]);
----------
objective = 4230;
ocosts1 = array1d(1..11, [108, 105, 103, 110, 107, 102, 111, 113, 108, 104, 104]);
ocosts2 = array1d(1..55, [56, 56, 54, 56, 56, 55, 56, 56, 56, 56, 56, 56, 56, 55, 56, 56, 55, 55, 56, 55, 56, 56, 56, 56, 55, 55, 56, 56, 56, 55, 56, 56, 51, 53, 56, 55, 55, 56, 55, 56, 56, 56, 56, 56, 54, 56, 56, 56, 56, 56, 54, 56, 56, 56, 56]);
p = array1d(1..11, [0, 0, 0, 0, 0, 0, 0, 0, 0, 13, 35]);
----------
objective = 4229;
ocosts1 = array1d(1..11, [108, 105, 103, 110, 107, 97, 111, 113, 108, 104, 105]);
ocosts2 = array1d(1..55, [56, 56, 54, 56, 56, 55, 56, 56, 56, 56, 56, 56, 56, 55, 56, 56, 55, 55, 56, 55, 56, 56, 56, 56, 55, 55, 56, 56, 56, 55, 56, 56, 55, 53, 56, 54, 55, 56, 55, 56, 56, 56, 56, 56, 54, 56, 56, 56, 56, 56, 54, 56, 56, 56, 56]);
p = array1d(1..11, [0, 0, 0, 0, 0, 0, 0, 0, 0, 21, 14]);
----------
objective = 4226;
ocosts1 = array1d(1..11, [108, 105, 103, 110, 107, 97, 111, 113, 108, 104, 104]);
ocosts2 = array1d(1..55, [56, 56, 54, 56, 56, 55, 56, 56, 56, 56, 56, 56, 56, 55, 56, 56, 55, 55, 56, 55, 56, 56, 56, 56, 55, 55, 56, 56, 56, 55, 56, 56, 53, 53, 56, 55, 54, 56, 55, 56, 56, 56, 56, 56, 54, 56, 56, 56, 56, 56, 54, 56, 56, 56, 56]);
p = array1d(1..11, [0, 0, 0, 0, 0, 0, 0, 0, 0, 21, 29]);
----------
objective = 4225;
ocosts1 = array1d(1..11, [108, 105, 103, 110, 107, 98, 111, 113, 108, 104, 104]);
ocosts2 = array1d(1..55, [56, 56, 54, 56, 56, 55, 56, 56, 56, 56, 56, 56, 56, 55, 56, 56, 54, 55, 56, 55, 56, 56, 56, 56, 55, 55, 56, 56, 56, 54, 56, 56, 54, 53, 56, 55, 54, 56, 55, 56, 56, 56, 56, 56, 54, 56, 56, 56, 56, 56, 54, 56, 55, 56, 56]);
p = array1d(1..11, [0, 0, 0, 0, 0, 0, 0, 0, 0, 23, 29]);
----------
objective = 4224;
ocosts1 = array1d(1..11, [108, 105, 103, 110, 107, 98, 111, 113, 108, 104, 104]);
ocosts2 = array1d(1..55, [56, 56, 54, 56, 56, 55, 56, 56, 56, 56, 56, 56, 56, 55, 56, 56, 54, 55, 56, 55, 56, 56, 56, 56, 55, 55, 56, 56, 56, 54, 56, 56, 52, 53, 56, 55, 55, 56, 55, 56, 56, 56, 56, 56, 54, 56, 56, 56, 56, 56, 54, 56, 55, 56, 56]);
p = array1d(1..11, [0, 0, 0, 0, 0, 0, 0, 0, 0, 23, 35]);
----------
objective = 4221;
ocosts1 = array1d(1..11, [108, 105, 103, 110, 107, 91, 111, 113, 108, 104, 105]);
ocosts2 = array1d(1..55, [56, 56, 54, 56, 56, 55, 56, 56, 56, 56, 56, 56, 56, 55, 56, 56, 55, 55, 56, 55, 56, 56, 56, 56, 55, 55, 56, 56, 56, 54, 56, 56, 55, 53, 56, 54, 55, 56, 55, 56, 56, 56, 56, 56, 54, 56, 56, 56, 56, 56, 54, 56, 55, 56, 56]);
p = array1d(1..11, [0, 0, 0, 0, 0, 0, 0, 0, 0, 29, 14]);
----------
objective = 4219;
ocosts1 = array1d(1..11, [108, 105, 103, 110, 107, 91, 111, 113, 108, 104, 104]);
ocosts2 = array1d(1..55, [56, 56, 54, 56, 56, 55, 56, 56, 56, 56, 56, 56, 56, 55, 56, 56, 55, 55, 56, 55, 56, 56, 56, 56, 55, 55, 56, 56, 56, 54, 56, 56, 54, 53, 56, 55, 54, 56, 55, 56, 56, 56, 56, 56, 54, 56, 56, 56, 56, 56, 54, 56, 55, 56, 56]);
p = array1d(1..11, [0, 0, 0, 0, 0, 0, 0, 0, 0, 29, 29]);
----------
objective = 4218;
ocosts1 = array1d(1..11, [108, 105, 103, 110, 107, 91, 111, 113, 108, 104, 104]);
ocosts2 = array1d(1..55, [56, 56, 54, 56, 56, 55, 56, 56, 56, 56, 56, 56, 56, 55, 56, 56, 55, 55, 56, 55, 56, 56, 56, 56, 55, 55, 56, 56, 56, 54, 56, 56, 52, 53, 56, 55, 55, 56, 55, 56, 56, 56, 56, 56, 54, 56, 56, 56, 56, 56, 54, 56, 55, 56, 56]);
p = array1d(1..11, [0, 0, 0, 0, 0, 0, 0, 0, 0, 29, 35]);
----------
objective = 4217;
ocosts1 = array1d(1..11, [108, 105, 103, 110, 107, 91, 111, 113, 107, 104, 104]);
ocosts2 = array1d(1..55, [56, 56, 54, 56, 56, 55, 56, 56, 56, 56, 56, 56, 56, 55, 56, 56, 55, 55, 56, 55, 56, 56, 56, 56, 55, 55, 56, 56, 56, 54, 56, 56, 52, 53, 56, 55, 55, 56, 55, 56, 56, 56, 56, 56, 54, 56, 56, 56, 56, 56, 54, 56, 55, 56, 56]);
p = array1d(1..11, [0, 0, 0, 0, 0, 0, 0, 0, 1, 29, 35]);
----------
objective = 4216;
ocosts1 = array1d(1..11, [108, 105, 103, 110, 107, 91, 111, 113, 107, 104, 104]);
ocosts2 = array1d(1..55, [56, 56, 54, 56, 56, 55, 56, 56, 56, 56, 56, 56, 56, 55, 56, 56, 55, 55, 56, 55, 56, 56, 56, 56, 55, 55, 56, 56, 56, 54, 56, 55, 54, 53, 56, 55, 53, 56, 55, 56, 56, 56, 56, 56, 54, 56, 56, 56, 56, 56, 54, 56, 55, 56, 56]);
p = array1d(1..11, [0, 0, 0, 0, 0, 0, 0, 0, 15, 29, 29]);
----------
objective = 4215;
ocosts1 = array1d(1..11, [108, 105, 103, 110, 107, 91, 111, 113, 107, 104, 104]);
ocosts2 = array1d(1..55, [56, 56, 54, 56, 56, 55, 56, 56, 56, 56, 56, 56, 56, 55, 56, 56, 55, 55, 56, 55, 56, 56, 56, 56, 55, 55, 56, 56, 56, 54, 56, 55, 52, 53, 56, 55, 54, 56, 55, 56, 56, 56, 56, 56, 54, 56, 56, 56, 56, 56, 54, 56, 55, 56, 56]);
p = array1d(1..11, [0, 0, 0, 0, 0, 0, 0, 0, 15, 29, 35]);
----------
objective = 4213;
ocosts1 = array1d(1..11, [108, 105, 103, 110, 107, 91, 111, 113, 105, 104, 105]);
ocosts2 = array1d(1..55, [56, 56, 54, 56, 56, 55, 56, 56, 56, 56, 56, 56, 56, 55, 56, 56, 55, 55, 56, 55, 56, 56, 56, 56, 55, 55, 56, 56, 56, 54, 56, 55, 55, 53, 56, 54, 52, 56, 55, 56, 56, 56, 56, 56, 54, 56, 56, 56, 55, 56, 54, 56, 55, 56, 56]);
p = array1d(1..11, [0, 0, 0, 0, 0, 0, 0, 0, 29, 29, 14]);
----------
objective = 4211;
ocosts1 = array1d(1..11, [108, 105, 103, 110, 107, 91, 111, 113, 104, 104, 101]);
ocosts2 = array1d(1..55, [56, 56, 54, 56, 56, 55, 56, 56, 56, 56, 56, 56, 56, 56, 56, 56, 55, 54, 56, 55, 56, 56, 56, 55, 56, 55, 56, 56, 56, 54, 56, 55, 55, 53, 56, 57, 53, 56, 55, 56, 56, 56, 56, 56, 54, 56, 56, 56, 55, 56, 54, 56, 55, 56, 55]);
p = array1d(1..11, [0, 0, 0, 0, 0, 0, 0, 0, 37, 29, 31]);
----------
objective = 4210;
ocosts1 = array1d(1..11, [105, 105, 103, 110, 107, 91, 111, 113, 107, 104, 104]);
ocosts2 = array1d(1..55, [56, 56, 54, 56, 56, 55, 56, 56, 56, 56, 56, 56, 56, 55, 56, 56, 55, 55, 56, 55, 56, 56, 56, 56, 55, 55, 56, 56, 56, 54, 56, 55, 52, 52, 56, 55, 54, 55, 55, 56, 56, 56, 56, 56, 54, 56, 56, 56, 56, 56, 54, 56, 55, 56, 56]);
p = array1d(1..11, [0, 0, 0, 0, 0, 0, 0, 6, 15, 29, 35]);
----------
objective = 4206;
ocosts1 = array1d(1..11, [105, 105, 103, 110, 107, 91, 111, 113, 105, 104, 105]);
ocosts2 = array1d(1..55, [56, 56, 54, 56, 56, 55, 56, 56, 56, 56, 56, 56, 56, 55, 56, 56, 55, 54, 56, 55, 56, 56, 56, 56, 55, 55, 56, 56, 56, 54, 56, 55, 55, 52, 56, 54, 52, 55, 55, 56, 56, 56, 56, 56, 54, 56, 56, 56, 55, 56, 54, 56, 55, 56, 55]);
p = array1d(1..11, [0, 0, 0, 0, 0, 0, 0, 6, 29, 29, 14]);
----------
objective = 4205;
ocosts1 = array1d(1..11, [104, 105, 103, 110, 107, 91, 111, 113, 105, 104, 105]);
ocosts2 = array1d(1..55, [56, 56, 54, 56, 56, 55, 56, 56, 56, 56, 56, 56, 56, 55, 56, 56, 55, 54, 56, 55, 56, 56, 56, 56, 55, 55, 56, 56, 56, 54, 56, 55, 55, 52, 56, 54, 52, 55, 55, 56, 56, 56, 56, 56, 54, 56, 56, 56, 55, 56, 54, 56, 55, 56, 55]);
p = array1d(1..11, [0, 0, 0, 0, 0, 0, 0, 7, 29, 29, 14]);
----------
objective = 4202;
ocosts1 = array1d(1..11, [105, 105, 103, 110, 107, 91, 110, 113, 105, 104, 107]);
ocosts2 = array1d(1..55, [56, 56, 54, 56, 56, 55, 56, 56, 56, 55, 56, 56, 56, 56, 56, 56, 55, 54, 56, 52, 56, 55, 56, 56, 56, 55, 56, 56, 56, 54, 56, 55, 56, 50, 56, 54, 52, 55, 55, 56, 56, 56, 56, 56, 54, 56, 56, 56, 54, 56, 54, 56, 55, 56, 55]);
p = array1d(1..11, [0, 0, 0, 0, 0, 0, 13, 6, 29, 29, 46]);
----------
objective = 4199;
ocosts1 = array1d(1..11, [104, 105, 103, 110, 107, 91, 110, 113, 105, 104, 107]);
ocosts2 = array1d(1..55, [56, 56, 54, 56, 56, 55, 56, 56, 56, 55, 56, 56, 56, 56, 56, 56, 55, 53, 56, 52, 56, 55, 56, 56, 56, 55, 56, 56, 56, 54, 56, 55, 56, 49, 56, 54, 52, 55, 55, 56, 56, 56, 56, 56, 54, 56, 56, 56, 54, 56, 54, 56, 55, 56, 55]);
p = array1d(1..11, [0, 0, 0, 0, 0, 0, 13, 7, 29, 29, 46]);
----------
objective = 4198;
ocosts1 = array1d(1..11, [105, 105, 103, 110, 107, 91, 108, 113, 105, 104, 107]);
ocosts2 = array1d(1..55, [56, 56, 54, 56, 56, 55, 56, 56, 56, 55, 56, 55, 56, 56, 56, 56, 55, 54, 56, 51, 56, 55, 56, 56, 56, 55, 56, 56, 56, 54, 56, 55, 56, 51, 56, 54, 52, 55, 55, 56, 56, 56, 56, 56, 54, 56, 56, 56, 54, 56, 53, 56, 55, 56, 55]);
p = array1d(1..11, [0, 0, 0, 0, 0, 0, 30, 6, 29, 29, 46]);
----------
objective = 4196;
ocosts1 = array1d(1..11, [104, 105, 103, 110, 107, 91, 108, 113, 105, 104, 107]);
ocosts2 = array1d(1..55, [56, 56, 54, 56, 56, 55, 56, 56, 56, 55, 56, 55, 56, 56, 56, 56, 55, 53, 56, 51, 56, 55, 56, 56, 56, 55, 56, 56, 56, 54, 56, 55, 56, 51, 56, 54, 52, 55, 55, 56, 56, 56, 56, 56, 54, 56, 56, 56, 54, 56, 53, 56, 55, 56, 55]);
p = array1d(1..11, [0, 0, 0, 0, 0, 0, 30, 7, 29, 29, 46]);
----------
objective = 4194;
ocosts1 = array1d(1..11, [104, 105, 103, 110, 107, 91, 108, 116, 105, 104, 107]);
ocosts2 = array1d(1..55, [56, 56, 54, 56, 56, 55, 56, 56, 56, 55, 56, 55, 56, 56, 56, 56, 53, 53, 56, 51, 56, 55, 56, 55, 56, 55, 56, 56, 56, 54, 56, 55, 56, 51, 56, 54, 52, 55, 55, 56, 56, 56, 56, 56, 54, 56, 56, 56, 54, 56, 51, 56, 55, 56, 55]);
p = array1d(1..11, [0, 0, 0, 0, 0, 2, 30, 7, 29, 29, 46]);
----------
objective = 4191;
ocosts1 = array1d(1..11, [105, 105, 103, 110, 107, 91, 110, 111, 105, 104, 107]);
ocosts2 = array1d(1..55, [55, 56, 54, 56, 56, 54, 56, 56, 56, 55, 56, 56, 56, 55, 56, 56, 53, 54, 56, 52, 56, 55, 56, 55, 56, 55, 56, 56, 56, 54, 56, 55, 56, 50, 56, 54, 52, 55, 55, 56, 56, 56, 56, 56, 53, 56, 56, 56, 54, 56, 52, 56, 55, 56, 55]);
p = array1d(1..11, [0, 0, 0, 0, 0, 7, 13, 6, 29, 29, 46]);
----------
objective = 4188;
ocosts1 = array1d(1..11, [104, 105, 103, 110, 107, 91, 110, 111, 105, 104, 107]);
ocosts2 = array1d(1..55, [55, 56, 54, 56, 56, 54, 56, 56, 56, 55, 56, 56, 56, 55, 56, 56, 53, 53, 56, 52, 56, 55, 56, 55, 56, 55, 56, 56, 56, 54, 56, 55, 56, 49, 56, 54, 52, 55, 55, 56, 56, 56, 56, 56, 53, 56, 56, 56, 54, 56, 52, 56, 55, 56, 55]);
p = array1d(1..11, [0, 0, 0, 0, 0, 7, 13, 7, 29, 29, 46]);
----------
objective = 4187;
ocosts1 = array1d(1..11, [104, 105, 103, 110, 107, 91, 108, 111, 105, 104, 107]);
ocosts2 = array1d(1..55, [55, 56, 54, 56, 56, 54, 56, 56, 56, 55, 56, 55, 56, 56, 56, 56, 53, 53, 56, 51, 56, 55, 56, 55, 56, 55, 56, 56, 56, 54, 56, 55, 56, 51, 56, 54, 52, 55, 55, 56, 56, 56, 56, 56, 53, 56, 56, 56, 54, 56, 52, 56, 55, 56, 55]);
p = array1d(1..11, [0, 0, 0, 0, 0, 13, 30, 7, 29, 29, 46]);
----------
objective = 4186;
ocosts1 = array1d(1..11, [104, 105, 103, 110, 107, 91, 108, 109, 105, 104, 107]);
ocosts2 = array1d(1..55, [55, 56, 54, 56, 56, 54, 56, 56, 56, 55, 56, 55, 56, 56, 56, 56, 54, 53, 56, 51, 56, 55, 56, 55, 56, 55, 56, 56, 56, 54, 56, 55, 56, 51, 56, 54, 52, 55, 55, 56, 56, 56, 56, 56, 52, 56, 56, 56, 54, 56, 53, 56, 55, 56, 55]);
p = array1d(1..11, [0, 0, 0, 0, 0, 22, 30, 7, 29, 29, 46]);
----------
objective = 4185;
ocosts1 = array1d(1..11, [105, 105, 103, 110, 107, 91, 108, 108, 105, 104, 107]);
ocosts2 = array1d(1..55, [54, 56, 54, 56, 56, 54, 56, 56, 56, 55, 56, 55, 56, 56, 56, 56, 53, 54, 56, 51, 56, 55, 56, 55, 56, 55, 56, 56, 56, 54, 56, 55, 56, 51, 56, 54, 52, 55, 55, 56, 56, 56, 56, 56, 52, 56, 56, 56, 54, 56, 53, 56, 55, 56, 55]);
p = array1d(1..11, [0, 0, 0, 0, 0, 30, 30, 6, 29, 29, 46]);
----------
objective = 4183;
ocosts1 = array1d(1..11, [104, 105, 103, 110, 107, 91, 108, 108, 105, 104, 107]);
ocosts2 = array1d(1..55, [54, 56, 54, 56, 56, 54, 56, 56, 56, 55, 56, 55, 56, 56, 56, 56, 53, 53, 56, 51, 56, 55, 56, 55, 56, 55, 56, 56, 56, 54, 56, 55, 56, 51, 56, 54, 52, 55, 55, 56, 56, 56, 56, 56, 52, 56, 56, 56, 54, 56, 53, 56, 55, 56, 55]);
p = array1d(1..11, [0, 0, 0, 0, 0, 30, 30, 7, 29, 29, 46]);
----------
objective = 4182;
ocosts1 = array1d(1..11, [104, 105, 103, 108, 106, 91, 108, 111, 105, 104, 107]);
ocosts2 = array1d(1..55, [55, 56, 54, 56, 56, 54, 56, 56, 56, 55, 56, 55, 56, 56, 56, 56, 53, 53, 56, 51, 56, 55, 56, 55, 56, 54, 56, 56, 56, 53, 56, 55, 56, 51, 56, 54, 52, 55, 56, 56, 56, 56, 56, 56, 52, 56, 56, 56, 54, 56, 52, 56, 55, 56, 55]);
p = array1d(1..11, [0, 0, 0, 1, 47, 13, 30, 7, 29, 29, 46]);
----------
objective = 4181;
ocosts1 = array1d(1..11, [104, 105, 103, 108, 106, 91, 108, 109, 105, 104, 107]);
ocosts2 = array1d(1..55, [55, 56, 54, 56, 56, 54, 56, 56, 56, 55, 56, 55, 56, 56, 56, 56, 54, 53, 56, 51, 56, 55, 56, 55, 56, 54, 56, 56, 56, 53, 56, 55, 56, 51, 56, 54, 52, 55, 56, 56, 56, 56, 56, 56, 51, 56, 56, 56, 54, 56, 53, 56, 55, 56, 55]);
p = array1d(1..11, [0, 0, 0, 1, 47, 22, 30, 7, 29, 29, 46]);
----------
objective = 4179;
ocosts1 = array1d(1..11, [104, 105, 103, 110, 107, 91, 108, 108, 105, 104, 107]);
ocosts2 = array1d(1..55, [54, 56, 54, 56, 56, 54, 56, 56, 56, 53, 56, 55, 56, 56, 56, 55, 53, 53, 56, 51, 56, 55, 56, 55, 56, 55, 56, 56, 56, 54, 56, 55, 56, 51, 56, 54, 52, 54, 55, 56, 56, 56, 56, 56, 52, 56, 56, 56, 54, 56, 53, 56, 55, 56, 55]);
p = array1d(1..11, [0, 0, 6, 0, 0, 30, 30, 7, 29, 29, 46]);
----------
objective = 4178;
ocosts1 = array1d(1..11, [104, 105, 103, 108, 106, 91, 108, 111, 105, 104, 107]);
ocosts2 = array1d(1..55, [55, 56, 54, 56, 56, 54, 56, 56, 56, 53, 56, 55, 56, 56, 56, 55, 53, 53, 56, 51, 56, 55, 56, 55, 56, 54, 56, 56, 56, 53, 56, 55, 56, 51, 56, 54, 52, 54, 56, 56, 56, 56, 56, 56, 52, 56, 56, 56, 54, 56, 52, 56, 55, 56, 55]);
p = array1d(1..11, [0, 0, 6, 1, 47, 13, 30, 7, 29, 29, 46]);
----------
objective = 4177;
ocosts1 = array1d(1..11, [104, 105, 103, 108, 106, 91, 108, 109, 105, 104, 107]);
ocosts2 = array1d(1..55, [55, 56, 54, 56, 56, 54, 56, 56, 56, 53, 56, 55, 56, 56, 56, 55, 54, 53, 56, 51, 56, 55, 56, 55, 56, 54, 56, 56, 56, 53, 56, 55, 56, 51, 56, 54, 52, 54, 56, 56, 56, 56, 56, 56, 51, 56, 56, 56, 54, 56, 53, 56, 55, 56, 55]);
p = array1d(1..11, [0, 0, 6, 1, 47, 22, 30, 7, 29, 29, 46]);
----------
objective = 4176;
ocosts1 = array1d(1..11, [104, 105, 102, 108, 106, 91, 108, 111, 105, 104, 107]);
ocosts2 = array1d(1..55, [55, 56, 54, 56, 56, 54, 56, 56, 56, 53, 56, 55, 56, 56, 56, 55, 53, 53, 56, 51, 56, 55, 56, 55, 56, 54, 56, 56, 56, 53, 56, 55, 56, 51, 56, 54, 52, 53, 56, 56, 56, 56, 56, 56, 52, 56, 56, 56, 54, 56, 52, 56, 55, 56, 55]);
p = array1d(1..11, [0, 0, 7, 1, 47, 13, 30, 7, 29, 29, 46]);
----------
objective = 4175;
ocosts1 = array1d(1..11, [104, 105, 102, 108, 106, 91, 108, 109, 105, 104, 107]);
ocosts2 = array1d(1..55, [55, 56, 54, 56, 56, 54, 56, 56, 56, 53, 56, 55, 56, 56, 56, 55, 54, 53, 56, 51, 56, 55, 56, 55, 56, 54, 56, 56, 56, 53, 56, 55, 56, 51, 56, 54, 52, 53, 56, 56, 56, 56, 56, 56, 51, 56, 56, 56, 54, 56, 53, 56, 55, 56, 55]);
p = array1d(1..11, [0, 0, 7, 1, 47, 22, 30, 7, 29, 29, 46]);
----------
objective = 4174;
ocosts1 = array1d(1..11, [104, 105, 101, 108, 106, 91, 108, 111, 105, 104, 107]);
ocosts2 = array1d(1..55, [55, 56, 54, 56, 56, 54, 56, 56, 56, 53, 56, 55, 56, 56, 56, 54, 53, 53, 56, 51, 56, 55, 56, 55, 56, 54, 56, 56, 56, 53, 56, 55, 56, 51, 56, 54, 52, 54, 56, 56, 56, 55, 56, 56, 52, 56, 56, 56, 54, 56, 52, 56, 55, 56, 55]);
p = array1d(1..11, [0, 0, 12, 1, 47, 13, 30, 7, 29, 29, 46]);
----------
objective = 4173;
ocosts1 = array1d(1..11, [104, 105, 96, 110, 107, 91, 108, 108, 105, 104, 107]);
ocosts2 = array1d(1..55, [54, 56, 54, 56, 56, 54, 56, 56, 56, 53, 56, 55, 56, 56, 56, 55, 53, 53, 56, 51, 56, 55, 56, 55, 56, 55, 56, 56, 56, 54, 56, 55, 56, 51, 56, 54, 52, 55, 55, 56, 56, 56, 56, 56, 52, 56, 56, 56, 54, 56, 53, 56, 55, 56, 55]);
p = array1d(1..11, [0, 0, 23, 0, 0, 30, 30, 7, 29, 29, 46]);
----------
objective = 4172;
ocosts1 = array1d(1..11, [104, 105, 96, 108, 106, 91, 108, 111, 105, 104, 107]);
ocosts2 = array1d(1..55, [55, 56, 54, 56, 56, 54, 56, 56, 56, 53, 56, 55, 56, 56, 56, 55, 53, 53, 56, 51, 56, 55, 56, 55, 56, 54, 56, 56, 56, 53, 56, 55, 56, 51, 56, 54, 52, 55, 56, 56, 56, 56, 56, 56, 52, 56, 56, 56, 54, 56, 52, 56, 55, 56, 55]);
p = array1d(1..11, [0, 0, 23, 1, 47, 13, 30, 7, 29, 29, 46]);
----------
objective = 4171;
ocosts1 = array1d(1..11, [104, 105, 96, 108, 106, 91, 108, 109, 105, 104, 107]);
ocosts2 = array1d(1..55, [55, 56, 54, 56, 56, 54, 56, 56, 56, 53, 56, 55, 56, 56, 56, 55, 54, 53, 56, 51, 56, 55, 56, 55, 56, 54, 56, 56, 56, 53, 56, 55, 56, 51, 56, 54, 52, 55, 56, 56, 56, 56, 56, 56, 51, 56, 56, 56, 54, 56, 53, 56, 55, 56, 55]);
p = array1d(1..11, [0, 0, 23, 1, 47, 22, 30, 7, 29, 29, 46]);
----------
objective = 4169;
ocosts1 = array1d(1..11, [104, 105, 103, 110, 107, 91, 110, 108, 105, 103, 107]);
ocosts2 = array1d(1..55, [54, 56, 52, 55, 56, 51, 56, 56, 56, 54, 56, 56, 56, 56, 56, 53, 53, 53, 56, 52, 56, 52, 56, 55, 54, 55, 56, 56, 56, 54, 56, 55, 56, 49, 56, 54, 52, 54, 55, 56, 56, 56, 56, 56, 52, 56, 56, 56, 54, 56, 54, 56, 55, 56, 55]);
p = array1d(1..11, [0, 10, 6, 0, 0, 30, 13, 7, 29, 29, 46]);
----------
objective = 4167;
ocosts1 = array1d(1..11, [104, 105, 103, 108, 106, 91, 110, 111, 105, 103, 107]);
ocosts2 = array1d(1..55, [55, 56, 52, 55, 56, 50, 56, 56, 56, 54, 56, 56, 56, 56, 56, 53, 53, 53, 56, 52, 56, 52, 56, 55, 54, 54, 56, 56, 56, 53, 56, 55, 56, 49, 56, 54, 52, 54, 56, 56, 56, 56, 56, 56, 52, 56, 56, 56, 54, 56, 53, 56, 55, 56, 55]);
p = array1d(1..11, [0, 10, 6, 1, 47, 13, 13, 7, 29, 29, 46]);
----------
objective = 4166;
ocosts1 = array1d(1..11, [104, 105, 102, 108, 106, 91, 110, 111, 105, 103, 107]);
ocosts2 = array1d(1..55, [55, 56, 52, 55, 56, 50, 56, 56, 56, 54, 56, 56, 56, 56, 56, 54, 53, 53, 56, 52, 56, 52, 56, 55, 54, 54, 56, 56, 56, 53, 56, 55, 56, 49, 56, 54, 52, 53, 56, 56, 56, 56, 56, 56, 52, 56, 56, 56, 54, 56, 53, 56, 55, 56, 55]);
p = array1d(1..11, [0, 10, 7, 1, 47, 13, 13, 7, 29, 29, 46]);
----------
objective = 4165;
ocosts1 = array1d(1..11, [104, 105, 103, 108, 106, 91, 110, 111, 105, 103, 107]);
ocosts2 = array1d(1..55, [55, 56, 52, 55, 56, 50, 56, 56, 56, 54, 56, 56, 56, 56, 56, 53, 53, 53, 56, 52, 56, 52, 56, 55, 54, 54, 56, 56, 56, 53, 56, 55, 56, 49, 56, 53, 52, 53, 56, 56, 56, 56, 56, 56, 52, 56, 56, 56, 54, 56, 53, 56, 55, 56, 55]);
p = array1d(1..11, [0, 10, 8, 1, 47, 13, 13, 7, 29, 29, 46]);
----------
objective = 4163;
ocosts1 = array1d(1..11, [104, 105, 101, 108, 106, 91, 110, 111, 105, 103, 107]);
ocosts2 = array1d(1..55, [55, 56, 52, 55, 56, 50, 56, 56, 56, 53, 56, 56, 56, 56, 56, 53, 53, 53, 56, 52, 56, 52, 56, 55, 54, 54, 56, 56, 56, 53, 56, 55, 56, 49, 56, 54, 52, 54, 56, 56, 56, 55, 56, 56, 52, 56, 56, 56, 54, 56, 53, 56, 55, 56, 55]);
p = array1d(1..11, [0, 10, 12, 1, 47, 13, 13, 7, 29, 29, 46]);
----------
objective = 4162;
ocosts1 = array1d(1..11, [104, 105, 96, 106, 106, 91, 110, 108, 105, 103, 107]);
ocosts2 = array1d(1..55, [55, 56, 52, 55, 56, 51, 56, 56, 56, 55, 56, 56, 56, 56, 56, 54, 53, 53, 56, 52, 56, 52, 56, 55, 54, 55, 56, 56, 56, 54, 56, 55, 56, 49, 56, 54, 52, 55, 55, 56, 56, 56, 56, 56, 52, 56, 56, 56, 54, 56, 54, 56, 56, 56, 55]);
p = array1d(1..11, [1, 10, 23, 1, 23, 30, 13, 7, 29, 29, 46]);
----------
objective = 4161;
ocosts1 = array1d(1..11, [104, 104, 103, 110, 107, 91, 110, 108, 105, 103, 107]);
ocosts2 = array1d(1..55, [53, 56, 52, 55, 56, 51, 56, 56, 56, 54, 56, 56, 56, 56, 56, 53, 53, 53, 56, 52, 56, 52, 56, 55, 54, 53, 56, 56, 55, 54, 56, 55, 56, 49, 56, 53, 52, 53, 55, 56, 56, 56, 56, 56, 52, 56, 56, 56, 54, 56, 54, 56, 54, 56, 55]);
p = array1d(1..11, [6, 10, 8, 0, 0, 30, 13, 7, 29, 29, 46]);
----------
objective = 4160;
ocosts1 = array1d(1..11, [104, 104, 101, 110, 107, 91, 110, 108, 105, 103, 107]);
ocosts2 = array1d(1..55, [53, 56, 52, 55, 56, 51, 56, 56, 56, 53, 56, 56, 56, 56, 56, 53, 53, 53, 56, 52, 56, 52, 56, 55, 54, 53, 56, 56, 55, 54, 56, 55, 56, 49, 56, 54, 52, 54, 55, 56, 56, 56, 56, 56, 52, 56, 56, 56, 54, 56, 54, 56, 54, 56, 55]);
p = array1d(1..11, [6, 10, 12, 0, 0, 30, 13, 7, 29, 29, 46]);
----------
objective = 4159;
ocosts1 = array1d(1..11, [104, 104, 96, 110, 107, 91, 110, 108, 105, 103, 107]);
ocosts2 = array1d(1..55, [53, 56, 52, 55, 56, 51, 56, 56, 56, 55, 56, 56, 56, 56, 56, 54, 53, 53, 56, 52, 56, 52, 56, 55, 54, 53, 56, 56, 55, 54, 56, 55, 56, 49, 56, 54, 52, 55, 55, 56, 56, 56, 56, 56, 52, 56, 56, 56, 54, 56, 54, 56, 54, 56, 55]);
p = array1d(1..11, [6, 10, 23, 0, 0, 30, 13, 7, 29, 29, 46]);
----------
objective = 4158;
ocosts1 = array1d(1..11, [104, 96, 103, 110, 107, 91, 110, 111, 105, 103, 107]);
ocosts2 = array1d(1..55, [55, 56, 52, 55, 56, 50, 56, 56, 56, 54, 56, 56, 56, 56, 56, 53, 53, 53, 56, 52, 56, 52, 56, 55, 54, 53, 56, 56, 54, 54, 56, 55, 56, 49, 56, 54, 52, 54, 55, 56, 56, 56, 56, 56, 53, 56, 56, 56, 54, 56, 53, 56, 54, 56, 55]);
p = array1d(1..11, [29, 10, 6, 0, 0, 13, 13, 7, 29, 29, 46]);
----------
objective = 4157;
ocosts1 = array1d(1..11, [104, 96, 103, 110, 107, 91, 110, 109, 105, 103, 107]);
ocosts2 = array1d(1..55, [54, 56, 52, 55, 56, 51, 56, 56, 56, 54, 56, 56, 56, 56, 56, 53, 54, 53, 56, 52, 56, 52, 56, 55, 54, 53, 56, 56, 54, 54, 56, 55, 56, 49, 56, 54, 52, 54, 55, 56, 56, 56, 56, 56, 52, 56, 56, 56, 54, 56, 54, 56, 54, 56, 55]);
p = array1d(1..11, [29, 10, 6, 0, 0, 22, 13, 7, 29, 29, 46]);
----------
objective = 4155;
ocosts1 = array1d(1..11, [104, 96, 103, 110, 107, 91, 110, 108, 105, 103, 107]);
ocosts2 = array1d(1..55, [54, 56, 52, 55, 56, 51, 56, 56, 56, 54, 56, 56, 56, 56, 56, 53, 53, 53, 56, 52, 56, 52, 56, 55, 54, 53, 56, 56, 54, 54, 56, 55, 56, 49, 56, 54, 52, 54, 55, 56, 56, 56, 56, 56, 52, 56, 56, 56, 54, 56, 54, 56, 54, 56, 55]);
p = array1d(1..11, [29, 10, 6, 0, 0, 30, 13, 7, 29, 29, 46]);
----------
objective = 4154;
ocosts1 = array1d(1..11, [104, 96, 102, 110, 107, 91, 110, 108, 105, 103, 107]);
ocosts2 = array1d(1..55, [54, 56, 52, 55, 56, 51, 56, 56, 56, 54, 56, 56, 56, 56, 56, 54, 53, 53, 56, 52, 56, 52, 56, 55, 54, 53, 56, 56, 54, 54, 56, 55, 56, 49, 56, 54, 52, 53, 55, 56, 56, 56, 56, 56, 52, 56, 56, 56, 54, 56, 54, 56, 54, 56, 55]);
p = array1d(1..11, [29, 10, 7, 0, 0, 30, 13, 7, 29, 29, 46]);
----------
objective = 4153;
ocosts1 = array1d(1..11, [104, 96, 103, 110, 107, 91, 110, 108, 105, 103, 107]);
ocosts2 = array1d(1..55, [54, 56, 52, 55, 56, 51, 56, 56, 56, 54, 56, 56, 56, 56, 56, 53, 53, 53, 56, 52, 56, 52, 56, 55, 54, 53, 56, 56, 54, 54, 56, 55, 56, 49, 56, 53, 52, 53, 55, 56, 56, 56, 56, 56, 52, 56, 56, 56, 54, 56, 54, 56, 54, 56, 55]);
p = array1d(1..11, [29, 10, 8, 0, 0, 30, 13, 7, 29, 29, 46]);
----------
objective = 4152;
ocosts1 = array1d(1..11, [104, 96, 101, 110, 107, 91, 110, 108, 105, 103, 107]);
ocosts2 = array1d(1..55, [54, 56, 52, 55, 56, 51, 56, 56, 56, 53, 56, 56, 56, 56, 56, 53, 53, 53, 56, 52, 56, 52, 56, 55, 54, 53, 56, 56, 54, 54, 56, 55, 56, 49, 56, 54, 52, 54, 55, 56, 56, 56, 56, 56, 52, 56, 56, 56, 54, 56, 54, 56, 54, 56, 55]);
p = array1d(1..11, [29, 10, 12, 0, 0, 30, 13, 7, 29, 29, 46]);
----------
objective = 4151;
ocosts1 = array1d(1..11, [104, 96, 96, 110, 107, 91, 110, 108, 105, 103, 107]);
ocosts2 = array1d(1..55, [54, 56, 52, 55, 56, 51, 56, 56, 56, 55, 56, 56, 56, 56, 56, 54, 53, 53, 56, 52, 56, 52, 56, 55, 54, 53, 56, 56, 54, 54, 56, 55, 56, 49, 56, 54, 52, 55, 55, 56, 56, 56, 56, 56, 52, 56, 56, 56, 54, 56, 54, 56, 54, 56, 55]);
p = array1d(1..11, [29, 10, 23, 0, 0, 30, 13, 7, 29, 29, 46]);
----------
==========
