mznc2017_probs/hrc/exp2-1-4795.dzn
coup_pos = array1d(1..25, [1, 2, 4, 2, 1, 16, 5, 3, 3, 8, 3, 1, 13, 6, 1, 2, 2, 5, 1, 3, 3, 1, 3, 4, 1]);
objective = 6;
single_pos = array1d(51..100, [1, 2, 2, 2, 1, 1, 3, 1, 1, 3, 1, 2, 1, 1, 1, 1, 2, 4, 2, 2, 2, 2, 5, 3, 1, 2, 1, 1, 1, 2, 1, 2, 1, 2, 1, 1, 1, 1, 3, 2, 1, 1, 1, 2, 1, 4, 1, 1, 2, 1]);
----------
coup_pos = array1d(1..25, [1, 2, 4, 2, 1, 8, 5, 3, 3, 11, 3, 1, 13, 6, 1, 2, 2, 14, 6, 3, 3, 1, 10, 7, 3]);
objective = 5;
single_pos = array1d(51..100, [1, 2, 2, 2, 1, 1, 3, 1, 1, 3, 1, 2, 1, 1, 1, 1, 2, 4, 2, 2, 2, 2, 5, 3, 1, 2, 1, 1, 1, 2, 3, 2, 1, 2, 1, 1, 1, 1, 3, 2, 1, 1, 1, 2, 1, 4, 1, 1, 4, 1]);
----------
==========
