mznc2017_probs/crosswords/grid-05.02_dict-55.dzn
objective = 34;
ww = array1d(1..10, [200, 3524, 4301, 202, 3192, 362, 119, 130, 1915, 1174]);
xx = array2d(1..5, 1..5, [2, 1, 18, 2, 1, 1, 22, 1, 9, 12, 19, 5, 4, 7, 5, 20, 18, 9, 15, 19, 1, 19, 9, 20, 19]);
----------
objective = 40;
ww = array1d(1..10, [200, 2957, 3425, 204, 3213, 365, 119, 118, 1413, 1241]);
xx = array2d(1..5, 1..5, [2, 1, 18, 2, 1, 1, 22, 1, 9, 12, 16, 9, 14, 11, 15, 19, 1, 7, 5, 18, 1, 14, 5, 18, 4]);
----------
objective = 41;
ww = array1d(1..10, [57, 2858, 3943, 59, 3220, 364, 119, 118, 582, 1403]);
xx = array2d(1..5, 1..5, [2, 1, 18, 2, 1, 1, 7, 1, 9, 14, 16, 1, 18, 11, 1, 19, 20, 5, 5, 18, 1, 5, 4, 4, 25]);
----------
objective = 42;
ww = array1d(1..10, [207, 2858, 3675, 208, 3221, 365, 119, 118, 606, 2081]);
xx = array2d(1..5, 1..5, [2, 1, 18, 2, 1, 1, 23, 1, 9, 20, 16, 1, 18, 11, 1, 19, 11, 5, 5, 20, 1, 5, 18, 18, 19]);
----------
objective = 45;
ww = array1d(1..10, [2803, 2469, 519, 203, 3193, 402, 119, 205, 2144, 1826]);
xx = array2d(1..5, 1..5, [2, 1, 18, 2, 1, 15, 22, 1, 12, 19, 13, 5, 4, 9, 1, 2, 18, 9, 14, 11, 1, 20, 15, 11, 5]);
----------
objective = 47;
ww = array1d(1..10, [2804, 2469, 519, 203, 3193, 520, 119, 205, 2170, 2392]);
xx = array2d(1..5, 1..5, [2, 1, 18, 2, 1, 15, 22, 1, 18, 25, 13, 5, 4, 9, 1, 2, 18, 9, 14, 11, 1, 20, 15, 25, 19]);
----------
objective = 49;
ww = array1d(1..10, [203, 591, 2127, 200, 3252, 494, 119, 100, 1167, 2170]);
xx = array2d(1..5, 1..5, [2, 1, 18, 2, 1, 1, 22, 5, 18, 20, 3, 1, 3, 1, 15, 11, 9, 3, 11, 25, 1, 12, 5, 5, 19]);
----------
objective = 51;
ww = array1d(1..10, [92, 2989, 3534, 90, 2305, 1133, 107, 118, 2395, 2284]);
xx = array2d(1..5, 1..5, [2, 1, 12, 4, 1, 1, 12, 12, 15, 23, 16, 12, 1, 26, 1, 19, 5, 13, 5, 14, 1, 25, 1, 14, 11]);
----------
objective = 57;
ww = array1d(1..10, [1278, 3394, 1620, 154, 2170, 1237, 106, 157, 2038, 1685]);
xx = array2d(1..5, 1..5, [2, 1, 11, 5, 1, 5, 17, 21, 9, 16, 18, 21, 4, 4, 25, 7, 1, 26, 5, 18, 1, 19, 21, 18, 5]);
----------
objective = 60;
ww = array1d(1..10, [4419, 3862, 1894, 179, 2101, 2051, 878, 996, 424, 1175]);
xx = array2d(1..5, 1..5, [8, 1, 10, 10, 1, 21, 19, 21, 1, 12, 19, 16, 9, 3, 5, 8, 9, 3, 11, 19, 1, 3, 25, 19, 20]);
----------
objective = 61;
ww = array1d(1..10, [4419, 3862, 2126, 179, 2101, 2051, 878, 997, 424, 1175]);
xx = array2d(1..5, 1..5, [8, 1, 10, 10, 1, 21, 19, 21, 1, 12, 19, 16, 9, 3, 5, 11, 9, 3, 11, 19, 1, 3, 25, 19, 20]);
----------
