mznc2017_probs/gbac/UD5-gbac.dzn
objective = 23362;
period_of = array1d(1..282, [1, 2, 2, 2, 2, 2, 2, 2, 3, 3, 1, 3, 3, 3, 4, 1, 4, 1, 3, 3, 3, 2, 1, 2, 3, 2, 3, 1, 2, 1, 1, 1, 3, 3, 3, 2, 5, 5, 4, 4, 3, 5, 4, 3, 4, 2, 3, 4, 3, 1, 2, 2, 4, 2, 2, 2, 2, 1, 4, 2, 3, 4, 3, 3, 3, 3, 4, 5, 1, 1, 5, 3, 1, 2, 2, 1, 1, 2, 2, 2, 2, 2, 4, 1, 1, 1, 2, 2, 2, 2, 3, 3, 3, 2, 3, 3, 3, 3, 4, 4, 1, 1, 5, 6, 1, 5, 1, 5, 2, 3, 2, 2, 3, 2, 5, 2, 2, 4, 3, 3, 3, 1, 1, 3, 3, 4, 4, 4, 3, 3, 1, 1, 2, 4, 2, 2, 2, 2, 1, 1, 4, 4, 3, 2, 2, 3, 4, 1, 1, 4, 4, 3, 3, 3, 5, 3, 2, 4, 2, 4, 5, 1, 5, 5, 1, 2, 2, 3, 3, 3, 4, 4, 3, 4, 3, 3, 5, 3, 3, 3, 3, 3, 4, 4, 3, 1, 2, 4, 4, 3, 4, 3, 1, 6, 6, 4, 4, 6, 4, 3, 4, 3, 3, 3, 1, 4, 4, 5, 5, 5, 3, 3, 3, 3, 4, 5, 5, 1, 6, 5, 6, 6, 6, 6, 1, 6, 4, 6, 6, 1, 5, 6, 1, 1, 6, 4, 6, 1, 5, 5, 5, 6, 5, 5, 5, 5, 6, 6, 6, 1, 3, 1, 4, 5, 4, 5, 1, 4, 5, 5, 1, 5, 5, 2, 3, 3, 6, 3, 3, 1, 1, 5, 4, 5, 6, 6, 6, 6, 5, 5, 6, 3]);
----------
objective = 23104;
period_of = array1d(1..282, [1, 2, 2, 2, 2, 2, 2, 2, 3, 3, 1, 3, 3, 3, 4, 1, 4, 1, 3, 3, 3, 2, 1, 2, 3, 2, 3, 1, 2, 1, 1, 1, 3, 3, 3, 2, 5, 5, 4, 4, 3, 5, 4, 3, 4, 2, 3, 4, 3, 1, 2, 2, 4, 2, 2, 2, 2, 1, 4, 2, 3, 4, 3, 3, 3, 3, 4, 5, 1, 1, 5, 3, 1, 2, 2, 1, 1, 2, 2, 2, 2, 2, 4, 1, 1, 1, 2, 2, 2, 2, 3, 3, 3, 2, 3, 3, 3, 3, 4, 4, 1, 1, 5, 6, 1, 5, 1, 5, 2, 3, 2, 2, 3, 2, 5, 2, 2, 4, 3, 3, 3, 1, 1, 3, 3, 4, 4, 4, 3, 3, 1, 1, 2, 4, 2, 2, 2, 2, 1, 1, 4, 4, 3, 2, 2, 3, 4, 1, 1, 4, 4, 3, 3, 3, 5, 3, 2, 4, 2, 4, 5, 6, 5, 5, 1, 2, 2, 3, 3, 3, 4, 4, 3, 4, 3, 3, 5, 3, 3, 3, 3, 3, 4, 4, 3, 1, 2, 4, 4, 3, 4, 3, 1, 1, 6, 4, 4, 6, 4, 3, 4, 3, 3, 3, 1, 4, 4, 5, 5, 5, 3, 3, 3, 3, 4, 5, 5, 1, 6, 5, 6, 6, 6, 6, 1, 6, 4, 6, 6, 1, 5, 6, 1, 1, 6, 4, 6, 1, 5, 5, 5, 6, 5, 5, 5, 5, 6, 6, 6, 1, 3, 1, 4, 5, 4, 5, 1, 4, 5, 5, 1, 5, 5, 2, 3, 3, 6, 3, 3, 1, 1, 5, 4, 5, 6, 6, 6, 6, 5, 5, 6, 3]);
----------
objective = 23103;
period_of = array1d(1..282, [1, 2, 2, 2, 2, 2, 2, 2, 3, 3, 1, 3, 3, 3, 4, 1, 4, 1, 3, 3, 3, 2, 1, 2, 3, 2, 3, 1, 2, 1, 1, 1, 3, 3, 3, 2, 5, 5, 4, 4, 3, 5, 4, 3, 4, 2, 3, 4, 3, 1, 2, 2, 4, 2, 2, 2, 2, 1, 4, 2, 3, 4, 3, 3, 3, 3, 4, 5, 1, 1, 5, 3, 1, 2, 2, 1, 1, 2, 2, 2, 2, 2, 4, 1, 1, 1, 2, 2, 2, 2, 3, 3, 3, 2, 3, 3, 3, 3, 4, 4, 1, 1, 5, 6, 1, 5, 1, 5, 2, 3, 2, 2, 3, 2, 5, 2, 2, 4, 3, 3, 3, 1, 1, 3, 3, 4, 4, 4, 3, 3, 1, 1, 2, 4, 2, 2, 2, 2, 1, 1, 4, 4, 3, 2, 2, 3, 4, 1, 1, 4, 4, 3, 3, 3, 5, 3, 2, 4, 2, 4, 5, 6, 5, 5, 1, 2, 2, 3, 3, 3, 4, 4, 3, 4, 3, 3, 5, 3, 3, 3, 3, 3, 4, 4, 3, 1, 2, 4, 4, 3, 4, 3, 1, 6, 1, 4, 4, 6, 4, 3, 4, 3, 3, 3, 1, 4, 4, 5, 5, 5, 3, 3, 3, 3, 4, 5, 5, 1, 6, 5, 6, 6, 6, 6, 1, 6, 4, 6, 6, 1, 5, 6, 1, 1, 6, 4, 6, 1, 5, 5, 5, 6, 5, 5, 5, 5, 6, 6, 6, 1, 3, 1, 4, 5, 4, 5, 1, 4, 5, 5, 1, 5, 5, 2, 3, 3, 6, 3, 3, 1, 1, 5, 4, 5, 6, 6, 6, 6, 5, 5, 6, 3]);
----------
objective = 22102;
period_of = array1d(1..282, [1, 2, 2, 2, 2, 2, 2, 2, 3, 3, 1, 3, 3, 3, 4, 1, 4, 1, 3, 3, 3, 2, 1, 2, 3, 2, 3, 1, 2, 1, 1, 1, 3, 3, 3, 2, 5, 5, 4, 4, 3, 5, 4, 3, 4, 2, 3, 4, 3, 1, 2, 2, 4, 2, 2, 2, 2, 1, 4, 2, 3, 4, 3, 3, 3, 3, 4, 5, 1, 1, 5, 3, 1, 2, 2, 1, 1, 2, 2, 2, 2, 2, 4, 1, 1, 1, 2, 2, 2, 2, 3, 3, 3, 2, 3, 3, 3, 3, 4, 4, 1, 1, 5, 6, 1, 5, 1, 5, 2, 3, 2, 2, 3, 2, 5, 2, 2, 4, 3, 3, 3, 1, 1, 3, 3, 4, 4, 4, 3, 3, 1, 1, 2, 4, 2, 2, 2, 2, 1, 1, 4, 4, 3, 2, 2, 3, 4, 1, 1, 4, 4, 3, 3, 3, 5, 3, 2, 4, 2, 4, 5, 1, 5, 5, 1, 2, 2, 3, 3, 3, 4, 4, 3, 4, 3, 3, 5, 3, 3, 3, 3, 3, 4, 4, 3, 1, 2, 4, 4, 3, 4, 3, 1, 6, 6, 4, 4, 6, 4, 3, 4, 3, 3, 3, 1, 4, 4, 5, 5, 5, 3, 3, 3, 3, 4, 5, 5, 1, 6, 5, 6, 6, 6, 6, 1, 6, 4, 6, 6, 1, 5, 6, 1, 1, 6, 4, 6, 1, 5, 5, 5, 6, 5, 5, 5, 5, 6, 6, 6, 1, 3, 1, 4, 5, 4, 5, 1, 4, 5, 5, 1, 5, 5, 2, 3, 3, 6, 3, 3, 1, 1, 5, 4, 5, 6, 6, 6, 6, 5, 6, 6, 3]);
----------
objective = 21844;
period_of = array1d(1..282, [1, 2, 2, 2, 2, 2, 2, 2, 3, 3, 1, 3, 3, 3, 4, 1, 4, 1, 3, 3, 3, 2, 1, 2, 3, 2, 3, 1, 2, 1, 1, 1, 3, 3, 3, 2, 5, 5, 4, 4, 3, 5, 4, 3, 4, 2, 3, 4, 3, 1, 2, 2, 4, 2, 2, 2, 2, 1, 4, 2, 3, 4, 3, 3, 3, 3, 4, 5, 1, 1, 5, 3, 1, 2, 2, 1, 1, 2, 2, 2, 2, 2, 4, 1, 1, 1, 2, 2, 2, 2, 3, 3, 3, 2, 3, 3, 3, 3, 4, 4, 1, 1, 5, 6, 1, 5, 1, 5, 2, 3, 2, 2, 3, 2, 5, 2, 2, 4, 3, 3, 3, 1, 1, 3, 3, 4, 4, 4, 3, 3, 1, 1, 2, 4, 2, 2, 2, 2, 1, 1, 4, 4, 3, 2, 2, 3, 4, 1, 1, 4, 4, 3, 3, 3, 5, 3, 2, 4, 2, 4, 5, 6, 5, 5, 1, 2, 2, 3, 3, 3, 4, 4, 3, 4, 3, 3, 5, 3, 3, 3, 3, 3, 4, 4, 3, 1, 2, 4, 4, 3, 4, 3, 1, 1, 6, 4, 4, 6, 4, 3, 4, 3, 3, 3, 1, 4, 4, 5, 5, 5, 3, 3, 3, 3, 4, 5, 5, 1, 6, 5, 6, 6, 6, 6, 1, 6, 4, 6, 6, 1, 5, 6, 1, 1, 6, 4, 6, 1, 5, 5, 5, 6, 5, 5, 5, 5, 6, 6, 6, 1, 3, 1, 4, 5, 4, 5, 1, 4, 5, 5, 1, 5, 5, 2, 3, 3, 6, 3, 3, 1, 1, 5, 4, 5, 6, 6, 6, 6, 5, 6, 6, 3]);
----------
objective = 21843;
period_of = array1d(1..282, [1, 2, 2, 2, 2, 2, 2, 2, 3, 3, 1, 3, 3, 3, 4, 1, 4, 1, 3, 3, 3, 2, 1, 2, 3, 2, 3, 1, 2, 1, 1, 1, 3, 3, 3, 2, 5, 5, 4, 4, 3, 5, 4, 3, 4, 2, 3, 4, 3, 1, 2, 2, 4, 2, 2, 2, 2, 1, 4, 2, 3, 4, 3, 3, 3, 3, 4, 5, 1, 1, 5, 3, 1, 2, 2, 1, 1, 2, 2, 2, 2, 2, 4, 1, 1, 1, 2, 2, 2, 2, 3, 3, 3, 2, 3, 3, 3, 3, 4, 4, 1, 1, 5, 6, 1, 5, 1, 5, 2, 3, 2, 2, 3, 2, 5, 2, 2, 4, 3, 3, 3, 1, 1, 3, 3, 4, 4, 4, 3, 3, 1, 1, 2, 4, 2, 2, 2, 2, 1, 1, 4, 4, 3, 2, 2, 3, 4, 1, 1, 4, 4, 3, 3, 3, 5, 3, 2, 4, 2, 4, 5, 6, 5, 5, 1, 2, 2, 3, 3, 3, 4, 4, 3, 4, 3, 3, 5, 3, 3, 3, 3, 3, 4, 4, 3, 1, 2, 4, 4, 3, 4, 3, 1, 6, 1, 4, 4, 6, 4, 3, 4, 3, 3, 3, 1, 4, 4, 5, 5, 5, 3, 3, 3, 3, 4, 5, 5, 1, 6, 5, 6, 6, 6, 6, 1, 6, 4, 6, 6, 1, 5, 6, 1, 1, 6, 4, 6, 1, 5, 5, 5, 6, 5, 5, 5, 5, 6, 6, 6, 1, 3, 1, 4, 5, 4, 5, 1, 4, 5, 5, 1, 5, 5, 2, 3, 3, 6, 3, 3, 1, 1, 5, 4, 5, 6, 6, 6, 6, 5, 6, 6, 3]);
----------
objective = 21676;
period_of = array1d(1..282, [1, 2, 2, 2, 2, 2, 2, 2, 3, 3, 1, 3, 3, 3, 4, 1, 4, 1, 3, 3, 3, 2, 1, 2, 3, 2, 3, 1, 2, 1, 1, 1, 3, 3, 3, 2, 5, 5, 4, 4, 3, 5, 4, 3, 4, 2, 3, 4, 3, 1, 2, 2, 4, 2, 2, 2, 2, 1, 4, 2, 3, 4, 3, 3, 3, 3, 4, 5, 1, 1, 5, 3, 1, 2, 2, 1, 1, 2, 2, 2, 2, 2, 4, 1, 1, 1, 2, 2, 2, 2, 3, 3, 3, 2, 3, 3, 3, 3, 4, 4, 1, 1, 5, 6, 1, 5, 1, 5, 2, 3, 2, 2, 3, 2, 5, 2, 2, 4, 3, 3, 3, 1, 1, 3, 3, 4, 4, 4, 3, 3, 1, 1, 2, 4, 2, 2, 2, 2, 1, 1, 4, 4, 3, 2, 2, 3, 4, 1, 1, 4, 4, 3, 3, 3, 5, 3, 2, 4, 2, 4, 5, 1, 5, 5, 1, 2, 2, 3, 3, 3, 4, 4, 3, 4, 3, 3, 5, 3, 3, 3, 3, 3, 4, 4, 3, 1, 2, 4, 4, 3, 4, 3, 1, 6, 6, 4, 4, 6, 4, 3, 4, 3, 3, 3, 1, 4, 4, 5, 5, 5, 3, 3, 3, 3, 4, 5, 5, 1, 6, 5, 6, 6, 6, 6, 1, 6, 4, 6, 6, 1, 5, 6, 1, 1, 6, 4, 6, 1, 5, 5, 5, 6, 5, 5, 5, 5, 6, 6, 6, 1, 3, 1, 4, 5, 4, 5, 1, 4, 5, 5, 1, 5, 5, 2, 3, 3, 6, 3, 3, 1, 1, 5, 4, 5, 6, 6, 6, 6, 6, 6, 6, 3]);
----------
objective = 21418;
period_of = array1d(1..282, [1, 2, 2, 2, 2, 2, 2, 2, 3, 3, 1, 3, 3, 3, 4, 1, 4, 1, 3, 3, 3, 2, 1, 2, 3, 2, 3, 1, 2, 1, 1, 1, 3, 3, 3, 2, 5, 5, 4, 4, 3, 5, 4, 3, 4, 2, 3, 4, 3, 1, 2, 2, 4, 2, 2, 2, 2, 1, 4, 2, 3, 4, 3, 3, 3, 3, 4, 5, 1, 1, 5, 3, 1, 2, 2, 1, 1, 2, 2, 2, 2, 2, 4, 1, 1, 1, 2, 2, 2, 2, 3, 3, 3, 2, 3, 3, 3, 3, 4, 4, 1, 1, 5, 6, 1, 5, 1, 5, 2, 3, 2, 2, 3, 2, 5, 2, 2, 4, 3, 3, 3, 1, 1, 3, 3, 4, 4, 4, 3, 3, 1, 1, 2, 4, 2, 2, 2, 2, 1, 1, 4, 4, 3, 2, 2, 3, 4, 1, 1, 4, 4, 3, 3, 3, 5, 3, 2, 4, 2, 4, 5, 6, 5, 5, 1, 2, 2, 3, 3, 3, 4, 4, 3, 4, 3, 3, 5, 3, 3, 3, 3, 3, 4, 4, 3, 1, 2, 4, 4, 3, 4, 3, 1, 1, 6, 4, 4, 6, 4, 3, 4, 3, 3, 3, 1, 4, 4, 5, 5, 5, 3, 3, 3, 3, 4, 5, 5, 1, 6, 5, 6, 6, 6, 6, 1, 6, 4, 6, 6, 1, 5, 6, 1, 1, 6, 4, 6, 1, 5, 5, 5, 6, 5, 5, 5, 5, 6, 6, 6, 1, 3, 1, 4, 5, 4, 5, 1, 4, 5, 5, 1, 5, 5, 2, 3, 3, 6, 3, 3, 1, 1, 5, 4, 5, 6, 6, 6, 6, 6, 6, 6, 3]);
----------
objective = 21417;
period_of = array1d(1..282, [1, 2, 2, 2, 2, 2, 2, 2, 3, 3, 1, 3, 3, 3, 4, 1, 4, 1, 3, 3, 3, 2, 1, 2, 3, 2, 3, 1, 2, 1, 1, 1, 3, 3, 3, 2, 5, 5, 4, 4, 3, 5, 4, 3, 4, 2, 3, 4, 3, 1, 2, 2, 4, 2, 2, 2, 2, 1, 4, 2, 3, 4, 3, 3, 3, 3, 4, 5, 1, 1, 5, 3, 1, 2, 2, 1, 1, 2, 2, 2, 2, 2, 4, 1, 1, 1, 2, 2, 2, 2, 3, 3, 3, 2, 3, 3, 3, 3, 4, 4, 1, 1, 5, 6, 1, 5, 1, 5, 2, 3, 2, 2, 3, 2, 5, 2, 2, 4, 3, 3, 3, 1, 1, 3, 3, 4, 4, 4, 3, 3, 1, 1, 2, 4, 2, 2, 2, 2, 1, 1, 4, 4, 3, 2, 2, 3, 4, 1, 1, 4, 4, 3, 3, 3, 5, 3, 2, 4, 2, 4, 5, 6, 5, 5, 1, 2, 2, 3, 3, 3, 4, 4, 3, 4, 3, 3, 5, 3, 3, 3, 3, 3, 4, 4, 3, 1, 2, 4, 4, 3, 4, 3, 1, 6, 1, 4, 4, 6, 4, 3, 4, 3, 3, 3, 1, 4, 4, 5, 5, 5, 3, 3, 3, 3, 4, 5, 5, 1, 6, 5, 6, 6, 6, 6, 1, 6, 4, 6, 6, 1, 5, 6, 1, 1, 6, 4, 6, 1, 5, 5, 5, 6, 5, 5, 5, 5, 6, 6, 6, 1, 3, 1, 4, 5, 4, 5, 1, 4, 5, 5, 1, 5, 5, 2, 3, 3, 6, 3, 3, 1, 1, 5, 4, 5, 6, 6, 6, 6, 6, 6, 6, 3]);
----------
objective = 21377;
period_of = array1d(1..282, [1, 2, 2, 2, 2, 2, 2, 2, 3, 3, 1, 3, 3, 3, 4, 1, 4, 1, 3, 3, 3, 2, 1, 2, 3, 2, 3, 1, 2, 1, 1, 1, 3, 3, 3, 2, 5, 5, 4, 4, 3, 5, 4, 3, 4, 2, 3, 4, 3, 1, 2, 2, 4, 2, 2, 2, 2, 1, 4, 2, 3, 4, 3, 3, 3, 3, 4, 5, 1, 1, 5, 3, 1, 2, 2, 1, 1, 2, 2, 2, 2, 2, 4, 1, 1, 1, 2, 2, 2, 2, 3, 3, 3, 2, 3, 3, 3, 3, 4, 4, 1, 1, 5, 6, 1, 5, 1, 5, 2, 3, 2, 2, 3, 2, 5, 2, 2, 4, 3, 3, 3, 1, 1, 3, 3, 4, 4, 4, 3, 3, 1, 1, 2, 4, 2, 2, 2, 2, 1, 1, 4, 4, 3, 2, 2, 3, 4, 1, 1, 4, 4, 3, 3, 3, 5, 3, 2, 4, 2, 4, 5, 6, 5, 5, 1, 2, 2, 3, 3, 3, 4, 4, 3, 4, 3, 3, 5, 3, 3, 3, 3, 3, 4, 4, 3, 1, 2, 4, 4, 3, 4, 3, 1, 1, 6, 4, 4, 6, 4, 3, 4, 3, 3, 3, 1, 4, 4, 5, 5, 5, 3, 3, 3, 3, 4, 5, 5, 1, 6, 5, 6, 6, 6, 6, 1, 6, 4, 6, 6, 1, 5, 6, 1, 1, 6, 4, 6, 1, 5, 5, 6, 5, 5, 5, 5, 5, 6, 6, 6, 1, 3, 1, 4, 5, 4, 5, 1, 4, 5, 5, 1, 5, 5, 2, 3, 3, 6, 3, 3, 1, 1, 5, 4, 6, 6, 6, 6, 6, 5, 6, 6, 3]);
----------
objective = 21376;
period_of = array1d(1..282, [1, 2, 2, 2, 2, 2, 2, 2, 3, 3, 1, 3, 3, 3, 4, 1, 4, 1, 3, 3, 3, 2, 1, 2, 3, 2, 3, 1, 2, 1, 1, 1, 3, 3, 3, 2, 5, 5, 4, 4, 3, 5, 4, 3, 4, 2, 3, 4, 3, 1, 2, 2, 4, 2, 2, 2, 2, 1, 4, 2, 3, 4, 3, 3, 3, 3, 4, 5, 1, 1, 5, 3, 1, 2, 2, 1, 1, 2, 2, 2, 2, 2, 4, 1, 1, 1, 2, 2, 2, 2, 3, 3, 3, 2, 3, 3, 3, 3, 4, 4, 1, 1, 5, 6, 1, 5, 1, 5, 2, 3, 2, 2, 3, 2, 5, 2, 2, 4, 3, 3, 3, 1, 1, 3, 3, 4, 4, 4, 3, 3, 1, 1, 2, 4, 2, 2, 2, 2, 1, 1, 4, 4, 3, 2, 2, 3, 4, 1, 1, 4, 4, 3, 3, 3, 5, 3, 2, 4, 2, 4, 5, 6, 5, 5, 1, 2, 2, 3, 3, 3, 4, 4, 3, 4, 3, 3, 5, 3, 3, 3, 3, 3, 4, 4, 3, 1, 2, 4, 4, 3, 4, 3, 1, 6, 1, 4, 4, 6, 4, 3, 4, 3, 3, 3, 1, 4, 4, 5, 5, 5, 3, 3, 3, 3, 4, 5, 5, 1, 6, 5, 6, 6, 6, 6, 1, 6, 4, 6, 6, 1, 5, 6, 1, 1, 6, 4, 6, 1, 5, 5, 6, 5, 5, 5, 5, 5, 6, 6, 6, 1, 3, 1, 4, 5, 4, 5, 1, 4, 5, 5, 1, 5, 5, 2, 3, 3, 6, 3, 3, 1, 1, 5, 4, 6, 6, 6, 6, 6, 5, 6, 6, 3]);
----------
objective = 21371;
period_of = array1d(1..282, [1, 2, 2, 2, 2, 2, 2, 2, 3, 3, 1, 3, 3, 3, 4, 1, 4, 1, 3, 3, 3, 2, 1, 2, 3, 2, 3, 1, 2, 1, 1, 1, 3, 3, 3, 2, 5, 5, 4, 4, 3, 5, 4, 3, 4, 2, 3, 4, 3, 1, 2, 2, 4, 2, 2, 2, 2, 1, 4, 2, 3, 4, 3, 3, 3, 3, 4, 5, 1, 1, 5, 3, 1, 2, 2, 1, 1, 2, 2, 2, 2, 2, 4, 1, 1, 1, 2, 2, 2, 2, 3, 3, 3, 2, 3, 3, 3, 3, 4, 4, 1, 1, 5, 6, 1, 5, 1, 5, 2, 3, 2, 2, 3, 2, 5, 2, 2, 4, 3, 3, 3, 1, 1, 3, 3, 4, 4, 4, 3, 3, 1, 1, 2, 4, 2, 2, 2, 2, 1, 1, 4, 4, 3, 2, 2, 3, 4, 1, 1, 4, 4, 3, 3, 3, 5, 3, 2, 4, 2, 4, 5, 6, 5, 5, 1, 2, 2, 3, 3, 3, 4, 4, 3, 4, 3, 3, 5, 3, 3, 3, 3, 3, 4, 4, 3, 1, 2, 4, 4, 3, 4, 3, 1, 1, 6, 4, 4, 6, 4, 3, 4, 3, 3, 3, 1, 4, 4, 5, 5, 5, 3, 3, 3, 3, 4, 5, 5, 1, 6, 5, 6, 6, 6, 6, 1, 6, 4, 6, 6, 1, 5, 6, 1, 1, 6, 4, 6, 1, 5, 5, 6, 6, 5, 5, 5, 5, 6, 6, 6, 1, 3, 1, 4, 5, 4, 5, 1, 4, 5, 5, 1, 5, 5, 2, 3, 3, 6, 3, 3, 1, 1, 5, 4, 5, 6, 6, 6, 6, 5, 6, 6, 3]);
----------
objective = 21370;
period_of = array1d(1..282, [1, 2, 2, 2, 2, 2, 2, 2, 3, 3, 1, 3, 3, 3, 4, 1, 4, 1, 3, 3, 3, 2, 1, 2, 3, 2, 3, 1, 2, 1, 1, 1, 3, 3, 3, 2, 5, 5, 4, 4, 3, 5, 4, 3, 4, 2, 3, 4, 3, 1, 2, 2, 4, 2, 2, 2, 2, 1, 4, 2, 3, 4, 3, 3, 3, 3, 4, 5, 1, 1, 5, 3, 1, 2, 2, 1, 1, 2, 2, 2, 2, 2, 4, 1, 1, 1, 2, 2, 2, 2, 3, 3, 3, 2, 3, 3, 3, 3, 4, 4, 1, 1, 5, 6, 1, 5, 1, 5, 2, 3, 2, 2, 3, 2, 5, 2, 2, 4, 3, 3, 3, 1, 1, 3, 3, 4, 4, 4, 3, 3, 1, 1, 2, 4, 2, 2, 2, 2, 1, 1, 4, 4, 3, 2, 2, 3, 4, 1, 1, 4, 4, 3, 3, 3, 5, 3, 2, 4, 2, 4, 5, 6, 5, 5, 1, 2, 2, 3, 3, 3, 4, 4, 3, 4, 3, 3, 5, 3, 3, 3, 3, 3, 4, 4, 3, 1, 2, 4, 4, 3, 4, 3, 1, 6, 1, 4, 4, 6, 4, 3, 4, 3, 3, 3, 1, 4, 4, 5, 5, 5, 3, 3, 3, 3, 4, 5, 5, 1, 6, 5, 6, 6, 6, 6, 1, 6, 4, 6, 6, 1, 5, 6, 1, 1, 6, 4, 6, 1, 5, 5, 6, 6, 5, 5, 5, 5, 6, 6, 6, 1, 3, 1, 4, 5, 4, 5, 1, 4, 5, 5, 1, 5, 5, 2, 3, 3, 6, 3, 3, 1, 1, 5, 4, 5, 6, 6, 6, 6, 5, 6, 6, 3]);
----------
objective = 21346;
period_of = array1d(1..282, [1, 2, 2, 2, 2, 2, 2, 2, 3, 3, 1, 3, 3, 3, 4, 1, 4, 1, 3, 3, 3, 2, 1, 2, 3, 2, 3, 1, 2, 1, 1, 1, 3, 3, 3, 2, 5, 5, 4, 4, 3, 5, 4, 3, 4, 2, 3, 4, 3, 1, 2, 2, 4, 2, 2, 2, 2, 1, 4, 2, 3, 4, 3, 3, 3, 3, 4, 5, 1, 1, 5, 3, 1, 2, 2, 1, 1, 2, 2, 2, 2, 2, 4, 1, 1, 1, 2, 2, 2, 2, 3, 3, 3, 2, 3, 3, 3, 3, 4, 4, 1, 1, 5, 6, 1, 5, 1, 5, 2, 3, 2, 2, 3, 2, 5, 2, 2, 4, 3, 3, 3, 1, 1, 3, 3, 4, 4, 4, 3, 3, 1, 1, 2, 4, 2, 2, 2, 2, 1, 1, 4, 4, 3, 2, 2, 3, 4, 1, 1, 4, 5, 3, 3, 3, 5, 3, 2, 4, 2, 4, 5, 6, 5, 5, 1, 2, 2, 3, 3, 3, 4, 4, 3, 4, 3, 3, 5, 3, 3, 3, 3, 3, 4, 4, 3, 1, 2, 4, 4, 3, 4, 3, 1, 1, 6, 4, 4, 6, 4, 3, 4, 3, 3, 3, 1, 4, 4, 5, 5, 5, 3, 3, 3, 3, 4, 5, 5, 1, 6, 5, 6, 6, 6, 6, 1, 6, 4, 6, 6, 1, 5, 6, 1, 1, 6, 4, 6, 1, 5, 5, 6, 6, 5, 5, 5, 5, 6, 6, 6, 1, 3, 1, 4, 5, 4, 5, 1, 4, 5, 5, 1, 5, 5, 2, 3, 3, 6, 3, 3, 1, 1, 5, 4, 4, 6, 6, 6, 6, 5, 6, 6, 3]);
----------
objective = 21345;
period_of = array1d(1..282, [1, 2, 2, 2, 2, 2, 2, 2, 3, 3, 1, 3, 3, 3, 4, 1, 4, 1, 3, 3, 3, 2, 1, 2, 3, 2, 3, 1, 2, 1, 1, 1, 3, 3, 3, 2, 5, 5, 4, 4, 3, 5, 4, 3, 4, 2, 3, 4, 3, 1, 2, 2, 4, 2, 2, 2, 2, 1, 4, 2, 3, 4, 3, 3, 3, 3, 4, 5, 1, 1, 5, 3, 1, 2, 2, 1, 1, 2, 2, 2, 2, 2, 4, 1, 1, 1, 2, 2, 2, 2, 3, 3, 3, 2, 3, 3, 3, 3, 4, 4, 1, 1, 5, 6, 1, 5, 1, 5, 2, 3, 2, 2, 3, 2, 5, 2, 2, 4, 3, 3, 3, 1, 1, 3, 3, 4, 4, 4, 3, 3, 1, 1, 2, 4, 2, 2, 2, 2, 1, 1, 4, 4, 3, 2, 2, 3, 4, 1, 1, 4, 5, 3, 3, 3, 5, 3, 2, 4, 2, 4, 5, 6, 5, 5, 1, 2, 2, 3, 3, 3, 4, 4, 3, 4, 3, 3, 5, 3, 3, 3, 3, 3, 4, 4, 3, 1, 2, 4, 4, 3, 4, 3, 1, 6, 1, 4, 4, 6, 4, 3, 4, 3, 3, 3, 1, 4, 4, 5, 5, 5, 3, 3, 3, 3, 4, 5, 5, 1, 6, 5, 6, 6, 6, 6, 1, 6, 4, 6, 6, 1, 5, 6, 1, 1, 6, 4, 6, 1, 5, 5, 6, 6, 5, 5, 5, 5, 6, 6, 6, 1, 3, 1, 4, 5, 4, 5, 1, 4, 5, 5, 1, 5, 5, 2, 3, 3, 6, 3, 3, 1, 1, 5, 4, 4, 6, 6, 6, 6, 5, 6, 6, 3]);
----------
objective = 21339;
period_of = array1d(1..282, [1, 2, 2, 2, 2, 2, 2, 2, 3, 3, 1, 3, 3, 3, 4, 1, 4, 1, 3, 3, 3, 2, 1, 2, 3, 2, 3, 1, 2, 1, 1, 1, 3, 3, 3, 2, 5, 5, 4, 4, 3, 5, 4, 3, 4, 2, 3, 4, 3, 1, 2, 2, 4, 2, 2, 2, 2, 1, 4, 2, 3, 4, 3, 3, 3, 3, 4, 5, 1, 1, 5, 3, 1, 2, 2, 1, 1, 2, 2, 2, 2, 2, 4, 1, 1, 1, 2, 2, 2, 2, 3, 3, 3, 2, 3, 3, 3, 3, 4, 4, 1, 1, 5, 6, 1, 5, 1, 5, 2, 3, 2, 2, 3, 2, 5, 2, 2, 4, 3, 3, 3, 1, 1, 3, 3, 4, 4, 4, 3, 3, 1, 1, 2, 4, 2, 2, 2, 2, 1, 1, 4, 4, 3, 2, 2, 3, 4, 1, 1, 5, 5, 3, 3, 3, 5, 3, 2, 4, 2, 4, 5, 6, 5, 5, 1, 2, 2, 3, 3, 3, 4, 4, 3, 4, 3, 3, 5, 3, 3, 3, 3, 3, 4, 4, 3, 1, 2, 4, 4, 3, 4, 3, 1, 1, 6, 4, 4, 6, 4, 3, 4, 3, 3, 3, 1, 4, 4, 5, 5, 5, 3, 3, 3, 3, 4, 5, 5, 1, 6, 5, 6, 6, 6, 6, 1, 6, 4, 6, 6, 1, 5, 6, 1, 1, 6, 4, 6, 1, 5, 5, 6, 6, 5, 5, 5, 5, 6, 6, 6, 1, 3, 1, 4, 5, 4, 5, 1, 4, 5, 5, 1, 5, 5, 2, 3, 3, 6, 3, 3, 1, 1, 5, 4, 4, 6, 6, 6, 6, 5, 6, 6, 3]);
----------
objective = 21338;
period_of = array1d(1..282, [1, 2, 2, 2, 2, 2, 2, 2, 3, 3, 1, 3, 3, 3, 4, 1, 4, 1, 3, 3, 3, 2, 1, 2, 3, 2, 3, 1, 2, 1, 1, 1, 3, 3, 3, 2, 5, 5, 4, 4, 3, 5, 4, 3, 4, 2, 3, 4, 3, 1, 2, 2, 4, 2, 2, 2, 2, 1, 4, 2, 3, 4, 3, 3, 3, 3, 4, 5, 1, 1, 5, 3, 1, 2, 2, 1, 1, 2, 2, 2, 2, 2, 4, 1, 1, 1, 2, 2, 2, 2, 3, 3, 3, 2, 3, 3, 3, 3, 4, 4, 1, 1, 5, 6, 1, 5, 1, 5, 2, 3, 2, 2, 3, 2, 5, 2, 2, 4, 3, 3, 3, 1, 1, 3, 3, 4, 4, 4, 3, 3, 1, 1, 2, 4, 2, 2, 2, 2, 1, 1, 4, 4, 3, 2, 2, 3, 4, 1, 1, 5, 5, 3, 3, 3, 5, 3, 2, 4, 2, 4, 5, 6, 5, 5, 1, 2, 2, 3, 3, 3, 4, 4, 3, 4, 3, 3, 5, 3, 3, 3, 3, 3, 4, 4, 3, 1, 2, 4, 4, 3, 4, 3, 1, 6, 1, 4, 4, 6, 4, 3, 4, 3, 3, 3, 1, 4, 4, 5, 5, 5, 3, 3, 3, 3, 4, 5, 5, 1, 6, 5, 6, 6, 6, 6, 1, 6, 4, 6, 6, 1, 5, 6, 1, 1, 6, 4, 6, 1, 5, 5, 6, 6, 5, 5, 5, 5, 6, 6, 6, 1, 3, 1, 4, 5, 4, 5, 1, 4, 5, 5, 1, 5, 5, 2, 3, 3, 6, 3, 3, 1, 1, 5, 4, 4, 6, 6, 6, 6, 5, 6, 6, 3]);
----------
objective = 21331;
period_of = array1d(1..282, [1, 2, 2, 2, 2, 2, 2, 2, 3, 3, 1, 3, 3, 3, 4, 1, 4, 1, 3, 3, 3, 2, 1, 2, 3, 2, 3, 1, 2, 1, 1, 1, 3, 3, 3, 2, 5, 5, 4, 4, 3, 5, 4, 3, 4, 2, 3, 4, 3, 1, 2, 2, 4, 2, 2, 2, 2, 1, 4, 2, 3, 4, 3, 3, 3, 3, 4, 5, 1, 1, 5, 3, 1, 2, 2, 1, 1, 2, 2, 2, 2, 2, 4, 1, 1, 1, 2, 2, 2, 2, 3, 3, 3, 2, 3, 3, 3, 3, 4, 4, 1, 1, 5, 6, 1, 5, 1, 5, 2, 3, 2, 2, 3, 2, 5, 2, 2, 4, 3, 3, 3, 1, 1, 3, 3, 4, 4, 4, 3, 3, 1, 1, 2, 4, 2, 2, 2, 2, 1, 1, 4, 4, 3, 2, 2, 3, 4, 1, 1, 5, 5, 3, 3, 3, 6, 3, 2, 4, 2, 4, 5, 6, 5, 5, 1, 2, 2, 3, 3, 3, 4, 4, 3, 4, 3, 3, 5, 3, 3, 3, 3, 3, 4, 4, 3, 1, 2, 4, 4, 3, 4, 3, 1, 1, 6, 4, 4, 5, 4, 3, 4, 3, 3, 3, 1, 4, 4, 5, 5, 5, 3, 3, 3, 3, 4, 5, 5, 1, 6, 5, 6, 6, 6, 6, 1, 6, 4, 6, 6, 1, 5, 6, 1, 1, 6, 4, 6, 1, 5, 6, 6, 6, 5, 5, 5, 5, 6, 6, 6, 1, 3, 1, 4, 5, 4, 5, 1, 4, 5, 5, 1, 5, 5, 2, 3, 3, 6, 3, 3, 1, 1, 5, 4, 4, 6, 6, 6, 6, 5, 5, 6, 3]);
----------
objective = 21330;
period_of = array1d(1..282, [1, 2, 2, 2, 2, 2, 2, 2, 3, 3, 1, 3, 3, 3, 4, 1, 4, 1, 3, 3, 3, 2, 1, 2, 3, 2, 3, 1, 2, 1, 1, 1, 3, 3, 3, 2, 5, 5, 4, 4, 3, 5, 4, 3, 4, 2, 3, 4, 3, 1, 2, 2, 4, 2, 2, 2, 2, 1, 4, 2, 3, 4, 3, 3, 3, 3, 4, 5, 1, 1, 5, 3, 1, 2, 2, 1, 1, 2, 2, 2, 2, 2, 4, 1, 1, 1, 2, 2, 2, 2, 3, 3, 3, 2, 3, 3, 3, 3, 4, 4, 1, 1, 5, 6, 1, 5, 1, 5, 2, 3, 2, 2, 3, 2, 5, 2, 2, 4, 3, 3, 3, 1, 1, 3, 3, 4, 4, 4, 3, 3, 1, 1, 2, 4, 2, 2, 2, 2, 1, 1, 4, 4, 3, 2, 2, 3, 4, 1, 1, 5, 5, 3, 3, 3, 6, 3, 2, 4, 2, 4, 5, 6, 5, 5, 1, 2, 2, 3, 3, 3, 4, 4, 3, 4, 3, 3, 5, 3, 3, 3, 3, 3, 4, 4, 3, 1, 2, 4, 4, 3, 4, 3, 1, 6, 1, 4, 4, 5, 4, 3, 4, 3, 3, 3, 1, 4, 4, 5, 5, 5, 3, 3, 3, 3, 4, 5, 5, 1, 6, 5, 6, 6, 6, 6, 1, 6, 4, 6, 6, 1, 5, 6, 1, 1, 6, 4, 6, 1, 5, 6, 6, 6, 5, 5, 5, 5, 6, 6, 6, 1, 3, 1, 4, 5, 4, 5, 1, 4, 5, 5, 1, 5, 5, 2, 3, 3, 6, 3, 3, 1, 1, 5, 4, 4, 6, 6, 6, 6, 5, 5, 6, 3]);
----------
objective = 21329;
period_of = array1d(1..282, [1, 2, 2, 2, 2, 2, 2, 2, 3, 3, 1, 3, 3, 3, 4, 1, 4, 1, 3, 3, 3, 2, 1, 2, 3, 2, 3, 1, 2, 1, 1, 1, 3, 3, 3, 2, 5, 5, 4, 4, 3, 5, 4, 3, 4, 2, 3, 4, 3, 1, 2, 2, 4, 2, 2, 2, 2, 1, 4, 2, 3, 4, 3, 3, 3, 3, 4, 5, 1, 1, 5, 3, 1, 2, 2, 1, 1, 2, 2, 2, 2, 2, 4, 1, 1, 1, 2, 2, 2, 2, 3, 3, 3, 2, 3, 3, 3, 3, 4, 4, 1, 1, 5, 6, 1, 5, 1, 5, 2, 3, 2, 2, 3, 2, 5, 2, 2, 4, 3, 3, 3, 1, 1, 3, 3, 4, 4, 4, 3, 3, 1, 1, 2, 4, 2, 2, 2, 2, 1, 1, 4, 4, 3, 2, 2, 3, 4, 1, 1, 6, 5, 3, 3, 3, 5, 3, 2, 4, 2, 4, 5, 6, 5, 5, 1, 2, 2, 3, 3, 3, 4, 4, 3, 4, 3, 3, 5, 3, 3, 3, 3, 3, 4, 4, 3, 1, 2, 4, 4, 3, 4, 3, 1, 6, 1, 4, 4, 6, 4, 3, 4, 3, 3, 3, 1, 4, 4, 5, 5, 5, 3, 3, 3, 3, 4, 5, 5, 1, 6, 5, 6, 6, 6, 6, 1, 6, 4, 6, 6, 1, 5, 6, 1, 1, 6, 4, 6, 1, 5, 5, 6, 6, 5, 5, 5, 5, 6, 6, 6, 1, 3, 1, 4, 5, 4, 5, 1, 4, 5, 5, 1, 5, 5, 2, 3, 3, 6, 3, 3, 1, 1, 5, 4, 4, 6, 6, 6, 6, 5, 6, 6, 3]);
----------
objective = 21328;
period_of = array1d(1..282, [1, 2, 2, 2, 2, 2, 2, 2, 3, 3, 1, 3, 3, 3, 4, 1, 4, 1, 3, 3, 3, 2, 1, 2, 3, 2, 3, 1, 2, 1, 1, 1, 3, 3, 3, 2, 5, 5, 4, 4, 3, 5, 4, 3, 4, 2, 3, 4, 3, 1, 2, 2, 4, 2, 2, 2, 2, 1, 4, 2, 3, 4, 3, 3, 3, 3, 4, 5, 1, 1, 5, 3, 1, 2, 2, 1, 1, 2, 2, 2, 2, 2, 4, 1, 1, 1, 2, 2, 2, 2, 3, 3, 3, 2, 3, 3, 3, 3, 4, 4, 1, 1, 5, 6, 1, 5, 1, 5, 2, 3, 2, 2, 3, 2, 5, 2, 2, 4, 3, 3, 3, 1, 1, 3, 3, 4, 4, 4, 3, 3, 1, 1, 2, 4, 2, 2, 2, 2, 1, 1, 4, 5, 3, 2, 2, 3, 4, 1, 1, 4, 4, 3, 3, 3, 5, 3, 2, 4, 2, 4, 5, 6, 5, 5, 1, 2, 2, 3, 3, 3, 4, 4, 3, 4, 3, 3, 5, 3, 3, 3, 3, 3, 4, 4, 3, 1, 2, 4, 4, 3, 4, 3, 1, 6, 1, 4, 4, 4, 4, 3, 4, 3, 3, 3, 1, 4, 4, 5, 5, 5, 3, 3, 3, 3, 4, 5, 5, 1, 6, 5, 6, 6, 6, 6, 1, 6, 4, 6, 6, 1, 5, 6, 1, 1, 6, 4, 6, 1, 5, 6, 6, 5, 5, 5, 5, 5, 6, 6, 6, 1, 3, 1, 4, 5, 4, 5, 1, 4, 5, 5, 1, 5, 5, 2, 3, 3, 6, 3, 3, 1, 1, 5, 4, 6, 6, 6, 6, 6, 5, 6, 6, 3]);
----------
objective = 21299;
period_of = array1d(1..282, [1, 2, 2, 2, 2, 2, 2, 2, 3, 3, 1, 3, 3, 3, 4, 1, 4, 1, 3, 3, 3, 2, 1, 2, 3, 2, 3, 1, 2, 1, 1, 1, 3, 3, 3, 2, 5, 5, 4, 4, 3, 5, 4, 3, 4, 2, 3, 4, 3, 1, 2, 2, 4, 2, 2, 2, 2, 1, 4, 2, 3, 4, 3, 3, 3, 3, 4, 5, 1, 1, 5, 3, 1, 2, 2, 1, 1, 2, 2, 2, 2, 2, 4, 1, 1, 1, 2, 2, 2, 2, 3, 3, 3, 2, 3, 3, 3, 3, 4, 4, 1, 1, 5, 6, 1, 5, 1, 5, 2, 3, 2, 2, 3, 2, 5, 2, 2, 4, 3, 3, 3, 1, 1, 3, 3, 4, 4, 4, 3, 3, 1, 1, 2, 4, 2, 2, 2, 2, 1, 1, 4, 5, 3, 2, 2, 3, 4, 1, 1, 4, 4, 3, 3, 3, 5, 3, 2, 4, 2, 4, 5, 6, 5, 5, 1, 2, 2, 3, 3, 3, 4, 4, 3, 4, 3, 3, 5, 3, 3, 3, 3, 3, 4, 4, 3, 1, 2, 4, 4, 3, 4, 3, 1, 1, 6, 4, 4, 4, 4, 3, 4, 3, 3, 3, 1, 4, 4, 5, 5, 5, 3, 3, 3, 3, 4, 5, 5, 1, 6, 5, 6, 6, 6, 6, 1, 6, 4, 6, 6, 1, 5, 6, 1, 1, 6, 4, 6, 1, 5, 6, 6, 6, 5, 5, 5, 5, 6, 6, 6, 1, 3, 1, 4, 5, 4, 5, 1, 4, 5, 5, 1, 5, 5, 2, 3, 3, 6, 3, 3, 1, 1, 5, 4, 5, 6, 6, 6, 6, 5, 6, 6, 3]);
----------
objective = 21298;
period_of = array1d(1..282, [1, 2, 2, 2, 2, 2, 2, 2, 3, 3, 1, 3, 3, 3, 4, 1, 4, 1, 3, 3, 3, 2, 1, 2, 3, 2, 3, 1, 2, 1, 1, 1, 3, 3, 3, 2, 5, 5, 4, 4, 3, 5, 4, 3, 4, 2, 3, 4, 3, 1, 2, 2, 4, 2, 2, 2, 2, 1, 4, 2, 3, 4, 3, 3, 3, 3, 4, 5, 1, 1, 5, 3, 1, 2, 2, 1, 1, 2, 2, 2, 2, 2, 4, 1, 1, 1, 2, 2, 2, 2, 3, 3, 3, 2, 3, 3, 3, 3, 4, 4, 1, 1, 5, 6, 1, 5, 1, 5, 2, 3, 2, 2, 3, 2, 5, 2, 2, 4, 3, 3, 3, 1, 1, 3, 3, 4, 4, 4, 3, 3, 1, 1, 2, 4, 2, 2, 2, 2, 1, 1, 4, 5, 3, 2, 2, 3, 4, 1, 1, 4, 4, 3, 3, 3, 5, 3, 2, 4, 2, 4, 5, 6, 5, 5, 1, 2, 2, 3, 3, 3, 4, 4, 3, 4, 3, 3, 5, 3, 3, 3, 3, 3, 4, 4, 3, 1, 2, 4, 4, 3, 4, 3, 1, 6, 1, 4, 4, 4, 4, 3, 4, 3, 3, 3, 1, 4, 4, 5, 5, 5, 3, 3, 3, 3, 4, 5, 5, 1, 6, 5, 6, 6, 6, 6, 1, 6, 4, 6, 6, 1, 5, 6, 1, 1, 6, 4, 6, 1, 5, 6, 6, 6, 5, 5, 5, 5, 6, 6, 6, 1, 3, 1, 4, 5, 4, 5, 1, 4, 5, 5, 1, 5, 5, 2, 3, 3, 6, 3, 3, 1, 1, 5, 4, 5, 6, 6, 6, 6, 5, 6, 6, 3]);
----------
objective = 21251;
period_of = array1d(1..282, [1, 2, 2, 2, 2, 2, 2, 2, 3, 3, 1, 3, 3, 3, 4, 1, 4, 1, 3, 3, 3, 2, 1, 2, 3, 2, 3, 1, 2, 1, 1, 1, 3, 3, 3, 2, 5, 5, 4, 4, 3, 5, 4, 3, 4, 2, 3, 4, 3, 1, 2, 2, 4, 2, 2, 2, 2, 1, 4, 2, 3, 4, 3, 3, 3, 3, 4, 5, 1, 1, 5, 3, 1, 2, 2, 1, 1, 2, 2, 2, 2, 2, 4, 1, 1, 1, 2, 2, 2, 2, 3, 3, 3, 2, 3, 3, 3, 3, 4, 4, 1, 1, 5, 6, 1, 5, 1, 5, 2, 3, 2, 2, 3, 2, 5, 2, 2, 4, 3, 3, 3, 1, 1, 3, 3, 4, 4, 4, 3, 3, 1, 1, 2, 4, 2, 2, 2, 2, 1, 1, 4, 5, 3, 2, 2, 3, 4, 1, 1, 4, 5, 3, 3, 3, 5, 3, 2, 4, 2, 4, 5, 6, 5, 5, 1, 2, 2, 3, 3, 3, 4, 4, 3, 4, 3, 3, 5, 3, 3, 3, 3, 3, 4, 4, 3, 1, 2, 4, 4, 3, 4, 3, 1, 1, 6, 4, 4, 4, 4, 3, 4, 3, 3, 3, 1, 4, 4, 5, 5, 5, 3, 3, 3, 3, 4, 5, 5, 1, 6, 5, 6, 6, 6, 6, 1, 6, 4, 6, 6, 1, 5, 6, 1, 1, 6, 4, 6, 1, 5, 6, 6, 6, 5, 5, 5, 5, 6, 6, 6, 1, 3, 1, 4, 5, 4, 5, 1, 4, 5, 5, 1, 5, 5, 2, 3, 3, 6, 3, 3, 1, 1, 5, 4, 4, 6, 6, 6, 6, 5, 6, 6, 3]);
----------
objective = 21250;
period_of = array1d(1..282, [1, 2, 2, 2, 2, 2, 2, 2, 3, 3, 1, 3, 3, 3, 4, 1, 4, 1, 3, 3, 3, 2, 1, 2, 3, 2, 3, 1, 2, 1, 1, 1, 3, 3, 3, 2, 5, 5, 4, 4, 3, 5, 4, 3, 4, 2, 3, 4, 3, 1, 2, 2, 4, 2, 2, 2, 2, 1, 4, 2, 3, 4, 3, 3, 3, 3, 4, 5, 1, 1, 5, 3, 1, 2, 2, 1, 1, 2, 2, 2, 2, 2, 4, 1, 1, 1, 2, 2, 2, 2, 3, 3, 3, 2, 3, 3, 3, 3, 4, 4, 1, 1, 5, 6, 1, 5, 1, 5, 2, 3, 2, 2, 3, 2, 5, 2, 2, 4, 3, 3, 3, 1, 1, 3, 3, 4, 4, 4, 3, 3, 1, 1, 2, 4, 2, 2, 2, 2, 1, 1, 4, 5, 3, 2, 2, 3, 4, 1, 1, 4, 5, 3, 3, 3, 5, 3, 2, 4, 2, 4, 5, 6, 5, 5, 1, 2, 2, 3, 3, 3, 4, 4, 3, 4, 3, 3, 5, 3, 3, 3, 3, 3, 4, 4, 3, 1, 2, 4, 4, 3, 4, 3, 1, 6, 1, 4, 4, 4, 4, 3, 4, 3, 3, 3, 1, 4, 4, 5, 5, 5, 3, 3, 3, 3, 4, 5, 5, 1, 6, 5, 6, 6, 6, 6, 1, 6, 4, 6, 6, 1, 5, 6, 1, 1, 6, 4, 6, 1, 5, 6, 6, 6, 5, 5, 5, 5, 6, 6, 6, 1, 3, 1, 4, 5, 4, 5, 1, 4, 5, 5, 1, 5, 5, 2, 3, 3, 6, 3, 3, 1, 1, 5, 4, 4, 6, 6, 6, 6, 5, 6, 6, 3]);
----------
objective = 21244;
period_of = array1d(1..282, [1, 2, 2, 2, 2, 2, 2, 2, 3, 3, 1, 3, 3, 3, 4, 1, 4, 1, 3, 3, 3, 2, 1, 2, 3, 2, 3, 1, 2, 1, 1, 1, 3, 3, 3, 2, 5, 5, 4, 4, 3, 5, 4, 3, 4, 2, 3, 4, 3, 1, 2, 2, 4, 2, 2, 2, 2, 1, 4, 2, 3, 4, 3, 3, 3, 3, 4, 5, 1, 1, 5, 3, 1, 2, 2, 1, 1, 2, 2, 2, 2, 2, 4, 1, 1, 1, 2, 2, 2, 2, 3, 3, 3, 2, 3, 3, 3, 3, 4, 4, 1, 1, 5, 6, 1, 5, 1, 5, 2, 3, 2, 2, 3, 2, 5, 2, 2, 4, 3, 3, 3, 1, 1, 3, 3, 4, 4, 4, 3, 3, 1, 1, 2, 4, 2, 2, 2, 2, 1, 1, 4, 5, 3, 2, 2, 3, 5, 1, 1, 5, 5, 3, 3, 3, 5, 3, 2, 4, 2, 4, 5, 6, 5, 5, 1, 2, 2, 3, 3, 3, 4, 4, 3, 4, 3, 3, 5, 3, 3, 3, 3, 3, 4, 4, 3, 1, 2, 4, 4, 3, 4, 3, 1, 1, 6, 4, 4, 4, 4, 3, 4, 3, 3, 3, 1, 4, 4, 5, 5, 5, 3, 3, 3, 3, 4, 5, 5, 1, 6, 5, 6, 6, 6, 6, 1, 6, 4, 6, 6, 1, 5, 6, 1, 1, 6, 4, 6, 1, 5, 6, 6, 6, 5, 5, 5, 5, 6, 6, 6, 1, 3, 1, 4, 5, 4, 5, 1, 4, 5, 5, 1, 5, 5, 2, 3, 3, 6, 3, 3, 1, 1, 5, 4, 4, 6, 6, 6, 6, 4, 6, 6, 3]);
----------
objective = 21243;
period_of = array1d(1..282, [1, 2, 2, 2, 2, 2, 2, 2, 3, 3, 1, 3, 3, 3, 4, 1, 4, 1, 3, 3, 3, 2, 1, 2, 3, 2, 3, 1, 2, 1, 1, 1, 3, 3, 3, 2, 5, 5, 4, 4, 3, 5, 4, 3, 4, 2, 3, 4, 3, 1, 2, 2, 4, 2, 2, 2, 2, 1, 4, 2, 3, 4, 3, 3, 3, 3, 4, 5, 1, 1, 5, 3, 1, 2, 2, 1, 1, 2, 2, 2, 2, 2, 4, 1, 1, 1, 2, 2, 2, 2, 3, 3, 3, 2, 3, 3, 3, 3, 4, 4, 1, 1, 5, 6, 1, 5, 1, 5, 2, 3, 2, 2, 3, 2, 5, 2, 2, 4, 3, 3, 3, 1, 1, 3, 3, 4, 4, 4, 3, 3, 1, 1, 2, 4, 2, 2, 2, 2, 1, 1, 4, 5, 3, 2, 2, 3, 5, 1, 1, 5, 5, 3, 3, 3, 5, 3, 2, 4, 2, 4, 5, 6, 5, 5, 1, 2, 2, 3, 3, 3, 4, 4, 3, 4, 3, 3, 5, 3, 3, 3, 3, 3, 4, 4, 3, 1, 2, 4, 4, 3, 4, 3, 1, 6, 1, 4, 4, 4, 4, 3, 4, 3, 3, 3, 1, 4, 4, 5, 5, 5, 3, 3, 3, 3, 4, 5, 5, 1, 6, 5, 6, 6, 6, 6, 1, 6, 4, 6, 6, 1, 5, 6, 1, 1, 6, 4, 6, 1, 5, 6, 6, 6, 5, 5, 5, 5, 6, 6, 6, 1, 3, 1, 4, 5, 4, 5, 1, 4, 5, 5, 1, 5, 5, 2, 3, 3, 6, 3, 3, 1, 1, 5, 4, 4, 6, 6, 6, 6, 4, 6, 6, 3]);
----------
objective = 21234;
period_of = array1d(1..282, [1, 2, 2, 2, 2, 2, 2, 2, 3, 3, 1, 3, 3, 3, 4, 1, 4, 1, 3, 3, 3, 2, 1, 2, 3, 2, 3, 1, 2, 1, 1, 1, 3, 3, 3, 2, 5, 5, 4, 4, 3, 5, 4, 3, 4, 2, 3, 4, 3, 1, 2, 2, 4, 2, 2, 2, 2, 1, 4, 2, 3, 4, 3, 3, 3, 3, 4, 5, 1, 1, 5, 3, 1, 2, 2, 1, 1, 2, 2, 2, 2, 2, 4, 1, 1, 1, 2, 2, 2, 2, 3, 3, 3, 2, 3, 3, 3, 3, 4, 4, 1, 1, 5, 6, 1, 5, 1, 5, 2, 3, 2, 2, 3, 2, 5, 2, 2, 4, 3, 3, 3, 1, 1, 3, 3, 4, 4, 4, 3, 3, 1, 1, 2, 4, 2, 2, 2, 2, 1, 1, 4, 5, 3, 2, 2, 3, 5, 1, 1, 5, 5, 3, 3, 3, 6, 3, 2, 4, 2, 4, 5, 6, 5, 5, 1, 2, 2, 3, 3, 3, 4, 4, 3, 4, 3, 3, 5, 3, 3, 3, 3, 3, 4, 4, 3, 1, 2, 4, 4, 3, 4, 3, 1, 1, 6, 4, 4, 4, 4, 3, 4, 3, 3, 3, 1, 4, 4, 5, 5, 5, 3, 3, 3, 3, 4, 5, 5, 1, 6, 5, 6, 6, 6, 6, 1, 6, 4, 6, 6, 1, 5, 6, 1, 1, 6, 4, 6, 1, 5, 6, 6, 6, 5, 5, 5, 5, 6, 6, 6, 1, 3, 1, 4, 5, 4, 5, 1, 4, 5, 5, 1, 5, 5, 2, 3, 3, 6, 3, 3, 1, 1, 5, 4, 4, 6, 6, 6, 6, 4, 5, 6, 3]);
----------
objective = 21233;
period_of = array1d(1..282, [1, 2, 2, 2, 2, 2, 2, 2, 3, 3, 1, 3, 3, 3, 4, 1, 4, 1, 3, 3, 3, 2, 1, 2, 3, 2, 3, 1, 2, 1, 1, 1, 3, 3, 3, 2, 5, 5, 4, 4, 3, 5, 4, 3, 4, 2, 3, 4, 3, 1, 2, 2, 4, 2, 2, 2, 2, 1, 4, 2, 3, 4, 3, 3, 3, 3, 4, 5, 1, 1, 5, 3, 1, 2, 2, 1, 1, 2, 2, 2, 2, 2, 4, 1, 1, 1, 2, 2, 2, 2, 3, 3, 3, 2, 3, 3, 3, 3, 4, 4, 1, 1, 5, 6, 1, 5, 1, 5, 2, 3, 2, 2, 3, 2, 5, 2, 2, 4, 3, 3, 3, 1, 1, 3, 3, 4, 4, 4, 3, 3, 1, 1, 2, 4, 2, 2, 2, 2, 1, 1, 4, 5, 3, 2, 2, 3, 5, 1, 1, 5, 5, 3, 3, 3, 6, 3, 2, 4, 2, 4, 5, 6, 5, 5, 1, 2, 2, 3, 3, 3, 4, 4, 3, 4, 3, 3, 5, 3, 3, 3, 3, 3, 4, 4, 3, 1, 2, 4, 4, 3, 4, 3, 1, 6, 1, 4, 4, 4, 4, 3, 4, 3, 3, 3, 1, 4, 4, 5, 5, 5, 3, 3, 3, 3, 4, 5, 5, 1, 6, 5, 6, 6, 6, 6, 1, 6, 4, 6, 6, 1, 5, 6, 1, 1, 6, 4, 6, 1, 5, 6, 6, 6, 5, 5, 5, 5, 6, 6, 6, 1, 3, 1, 4, 5, 4, 5, 1, 4, 5, 5, 1, 5, 5, 2, 3, 3, 6, 3, 3, 1, 1, 5, 4, 4, 6, 6, 6, 6, 4, 5, 6, 3]);
----------
objective = 21232;
period_of = array1d(1..282, [1, 2, 2, 2, 2, 2, 2, 2, 3, 3, 1, 3, 3, 3, 4, 1, 4, 1, 3, 3, 3, 2, 1, 2, 3, 2, 3, 1, 2, 1, 1, 1, 3, 3, 3, 2, 5, 5, 4, 4, 3, 5, 4, 3, 4, 2, 3, 4, 3, 1, 2, 2, 4, 2, 2, 2, 2, 1, 4, 2, 3, 4, 3, 3, 3, 3, 4, 5, 1, 1, 5, 3, 1, 2, 2, 1, 1, 2, 2, 2, 2, 2, 4, 1, 1, 1, 2, 2, 2, 2, 3, 3, 3, 2, 3, 3, 3, 3, 4, 4, 1, 1, 5, 6, 1, 5, 1, 5, 2, 3, 2, 2, 3, 2, 5, 2, 2, 4, 3, 3, 3, 1, 1, 3, 3, 4, 4, 4, 3, 3, 1, 1, 2, 4, 2, 2, 2, 2, 1, 1, 4, 5, 3, 2, 2, 3, 6, 1, 1, 6, 5, 3, 3, 3, 5, 3, 2, 4, 2, 4, 5, 6, 5, 5, 1, 2, 2, 3, 3, 3, 4, 4, 3, 4, 3, 3, 5, 3, 3, 3, 3, 3, 4, 4, 3, 1, 2, 4, 4, 3, 4, 3, 1, 6, 1, 4, 4, 4, 4, 3, 4, 3, 3, 3, 1, 4, 4, 5, 5, 5, 3, 3, 3, 3, 4, 5, 5, 1, 6, 5, 6, 6, 6, 6, 1, 6, 4, 6, 6, 1, 5, 6, 1, 1, 6, 4, 6, 1, 5, 6, 6, 6, 5, 5, 5, 5, 6, 6, 6, 1, 3, 1, 4, 5, 4, 5, 1, 4, 5, 5, 1, 5, 5, 2, 3, 3, 6, 3, 3, 1, 1, 5, 4, 4, 6, 6, 6, 6, 4, 5, 6, 3]);
----------
objective = 21227;
period_of = array1d(1..282, [1, 2, 2, 2, 2, 2, 2, 2, 3, 3, 1, 3, 3, 3, 4, 1, 4, 1, 3, 3, 3, 2, 1, 2, 3, 2, 3, 1, 2, 1, 1, 1, 3, 3, 3, 2, 5, 5, 4, 4, 3, 5, 4, 3, 4, 2, 3, 4, 3, 1, 2, 2, 4, 2, 2, 2, 2, 1, 4, 2, 3, 4, 3, 3, 3, 3, 4, 5, 1, 1, 5, 3, 1, 2, 2, 1, 1, 2, 2, 2, 2, 2, 4, 1, 1, 1, 2, 2, 2, 2, 3, 3, 3, 2, 3, 3, 3, 3, 4, 4, 1, 1, 5, 6, 1, 5, 1, 5, 2, 3, 2, 2, 3, 2, 5, 2, 2, 4, 3, 3, 3, 1, 1, 3, 3, 4, 4, 4, 3, 3, 1, 1, 2, 4, 2, 2, 2, 2, 1, 1, 5, 5, 3, 2, 2, 3, 4, 1, 1, 4, 4, 3, 3, 3, 5, 3, 2, 4, 2, 4, 5, 6, 5, 5, 1, 2, 2, 3, 3, 3, 4, 4, 3, 4, 3, 3, 5, 3, 3, 3, 3, 3, 4, 4, 3, 1, 2, 4, 4, 3, 4, 3, 1, 1, 6, 4, 4, 4, 4, 3, 4, 3, 3, 3, 1, 4, 4, 5, 5, 5, 3, 3, 3, 3, 4, 5, 5, 1, 6, 5, 6, 6, 6, 6, 1, 6, 4, 6, 6, 1, 5, 6, 1, 1, 6, 4, 6, 1, 6, 6, 6, 5, 5, 5, 5, 5, 6, 6, 6, 1, 3, 1, 4, 5, 4, 5, 1, 4, 5, 5, 1, 5, 5, 2, 3, 3, 6, 3, 3, 1, 1, 5, 4, 6, 6, 6, 6, 6, 4, 5, 6, 3]);
----------
objective = 21226;
period_of = array1d(1..282, [1, 2, 2, 2, 2, 2, 2, 2, 3, 3, 1, 3, 3, 3, 4, 1, 4, 1, 3, 3, 3, 2, 1, 2, 3, 2, 3, 1, 2, 1, 1, 1, 3, 3, 3, 2, 5, 5, 4, 4, 3, 5, 4, 3, 4, 2, 3, 4, 3, 1, 2, 2, 4, 2, 2, 2, 2, 1, 4, 2, 3, 4, 3, 3, 3, 3, 4, 5, 1, 1, 5, 3, 1, 2, 2, 1, 1, 2, 2, 2, 2, 2, 4, 1, 1, 1, 2, 2, 2, 2, 3, 3, 3, 2, 3, 3, 3, 3, 4, 4, 1, 1, 5, 6, 1, 5, 1, 5, 2, 3, 2, 2, 3, 2, 5, 2, 2, 4, 3, 3, 3, 1, 1, 3, 3, 4, 4, 4, 3, 3, 1, 1, 2, 4, 2, 2, 2, 2, 1, 1, 5, 5, 3, 2, 2, 3, 4, 1, 1, 4, 4, 3, 3, 3, 5, 3, 2, 4, 2, 4, 5, 6, 5, 5, 1, 2, 2, 3, 3, 3, 4, 4, 3, 4, 3, 3, 5, 3, 3, 3, 3, 3, 4, 4, 3, 1, 2, 4, 4, 3, 4, 3, 1, 6, 1, 4, 4, 4, 4, 3, 4, 3, 3, 3, 1, 4, 4, 5, 5, 5, 3, 3, 3, 3, 4, 5, 5, 1, 6, 5, 6, 6, 6, 6, 1, 6, 4, 6, 6, 1, 5, 6, 1, 1, 6, 4, 6, 1, 6, 6, 6, 5, 5, 5, 5, 5, 6, 6, 6, 1, 3, 1, 4, 5, 4, 5, 1, 4, 5, 5, 1, 5, 5, 2, 3, 3, 6, 3, 3, 1, 1, 5, 4, 6, 6, 6, 6, 6, 4, 5, 6, 3]);
----------
objective = 21219;
period_of = array1d(1..282, [1, 2, 2, 2, 2, 2, 2, 2, 3, 3, 1, 3, 3, 3, 4, 1, 4, 1, 3, 3, 3, 2, 1, 2, 3, 2, 3, 1, 2, 1, 1, 1, 3, 3, 3, 2, 5, 5, 4, 4, 3, 5, 4, 3, 4, 2, 3, 4, 3, 1, 2, 2, 4, 2, 2, 2, 2, 1, 4, 2, 3, 4, 3, 3, 3, 3, 4, 5, 1, 1, 5, 3, 1, 2, 2, 1, 1, 2, 2, 2, 2, 2, 4, 1, 1, 1, 2, 2, 2, 2, 3, 3, 3, 2, 3, 3, 3, 3, 4, 4, 1, 1, 5, 6, 1, 5, 1, 5, 2, 3, 2, 2, 3, 2, 5, 2, 2, 4, 3, 3, 3, 1, 1, 3, 3, 4, 4, 4, 3, 3, 1, 1, 2, 4, 2, 2, 2, 2, 1, 1, 5, 5, 3, 2, 2, 3, 4, 1, 1, 4, 4, 3, 3, 3, 6, 3, 2, 4, 2, 4, 5, 6, 5, 5, 1, 2, 2, 3, 3, 3, 4, 4, 3, 4, 3, 3, 5, 3, 3, 3, 3, 3, 4, 4, 3, 1, 2, 4, 4, 3, 4, 3, 1, 1, 6, 4, 4, 4, 4, 3, 4, 3, 3, 3, 1, 4, 4, 5, 5, 5, 3, 3, 3, 3, 4, 5, 5, 1, 6, 5, 6, 6, 6, 6, 1, 6, 4, 6, 6, 1, 5, 6, 1, 1, 6, 4, 6, 1, 5, 6, 6, 5, 5, 5, 5, 5, 6, 6, 6, 1, 3, 1, 4, 5, 4, 5, 1, 4, 5, 5, 1, 5, 5, 2, 3, 3, 6, 3, 3, 1, 1, 5, 4, 6, 6, 6, 6, 6, 4, 5, 6, 3]);
----------
objective = 21218;
period_of = array1d(1..282, [1, 2, 2, 2, 2, 2, 2, 2, 3, 3, 1, 3, 3, 3, 4, 1, 4, 1, 3, 3, 3, 2, 1, 2, 3, 2, 3, 1, 2, 1, 1, 1, 3, 3, 3, 2, 5, 5, 4, 4, 3, 5, 4, 3, 4, 2, 3, 4, 3, 1, 2, 2, 4, 2, 2, 2, 2, 1, 4, 2, 3, 4, 3, 3, 3, 3, 4, 5, 1, 1, 5, 3, 1, 2, 2, 1, 1, 2, 2, 2, 2, 2, 4, 1, 1, 1, 2, 2, 2, 2, 3, 3, 3, 2, 3, 3, 3, 3, 4, 4, 1, 1, 5, 6, 1, 5, 1, 5, 2, 3, 2, 2, 3, 2, 5, 2, 2, 4, 3, 3, 3, 1, 1, 3, 3, 4, 4, 4, 3, 3, 1, 1, 2, 4, 2, 2, 2, 2, 1, 1, 5, 5, 3, 2, 2, 3, 4, 1, 1, 4, 4, 3, 3, 3, 6, 3, 2, 4, 2, 4, 5, 6, 5, 5, 1, 2, 2, 3, 3, 3, 4, 4, 3, 4, 3, 3, 5, 3, 3, 3, 3, 3, 4, 4, 3, 1, 2, 4, 4, 3, 4, 3, 1, 6, 1, 4, 4, 4, 4, 3, 4, 3, 3, 3, 1, 4, 4, 5, 5, 5, 3, 3, 3, 3, 4, 5, 5, 1, 6, 5, 6, 6, 6, 6, 1, 6, 4, 6, 6, 1, 5, 6, 1, 1, 6, 4, 6, 1, 5, 6, 6, 5, 5, 5, 5, 5, 6, 6, 6, 1, 3, 1, 4, 5, 4, 5, 1, 4, 5, 5, 1, 5, 5, 2, 3, 3, 6, 3, 3, 1, 1, 5, 4, 6, 6, 6, 6, 6, 4, 5, 6, 3]);
----------
objective = 21212;
period_of = array1d(1..282, [1, 2, 2, 2, 2, 2, 2, 2, 3, 3, 1, 3, 3, 3, 4, 1, 4, 1, 3, 3, 3, 2, 1, 2, 3, 2, 3, 1, 2, 1, 1, 1, 3, 3, 3, 2, 5, 5, 4, 4, 3, 5, 4, 3, 4, 2, 3, 4, 3, 1, 2, 2, 4, 2, 2, 2, 2, 1, 4, 2, 3, 4, 3, 3, 3, 3, 4, 5, 1, 1, 5, 3, 1, 2, 2, 1, 1, 2, 2, 2, 2, 2, 4, 1, 1, 1, 2, 2, 2, 2, 3, 3, 3, 2, 3, 3, 3, 3, 4, 4, 1, 1, 5, 6, 1, 5, 1, 5, 2, 3, 2, 2, 3, 2, 5, 2, 2, 4, 3, 3, 3, 1, 1, 3, 3, 4, 4, 4, 3, 3, 1, 1, 2, 4, 2, 2, 2, 2, 1, 1, 5, 5, 3, 2, 2, 3, 4, 1, 1, 4, 5, 3, 3, 3, 5, 3, 2, 4, 2, 4, 5, 6, 5, 5, 1, 2, 2, 3, 3, 3, 4, 4, 3, 4, 3, 3, 5, 3, 3, 3, 3, 3, 4, 4, 3, 1, 2, 4, 4, 3, 4, 3, 1, 1, 6, 4, 4, 4, 4, 3, 4, 3, 3, 3, 1, 4, 4, 5, 5, 5, 3, 3, 3, 3, 4, 5, 5, 1, 6, 5, 6, 6, 6, 6, 1, 6, 4, 6, 6, 1, 5, 6, 1, 1, 6, 4, 6, 1, 6, 6, 6, 6, 5, 5, 5, 5, 6, 6, 6, 1, 3, 1, 4, 5, 4, 5, 1, 4, 5, 5, 1, 5, 5, 2, 3, 3, 6, 3, 3, 1, 1, 5, 4, 4, 6, 6, 6, 6, 4, 5, 6, 3]);
----------
objective = 21211;
period_of = array1d(1..282, [1, 2, 2, 2, 2, 2, 2, 2, 3, 3, 1, 3, 3, 3, 4, 1, 4, 1, 3, 3, 3, 2, 1, 2, 3, 2, 3, 1, 2, 1, 1, 1, 3, 3, 3, 2, 5, 5, 4, 4, 3, 5, 4, 3, 4, 2, 3, 4, 3, 1, 2, 2, 4, 2, 2, 2, 2, 1, 4, 2, 3, 4, 3, 3, 3, 3, 4, 5, 1, 1, 5, 3, 1, 2, 2, 1, 1, 2, 2, 2, 2, 2, 4, 1, 1, 1, 2, 2, 2, 2, 3, 3, 3, 2, 3, 3, 3, 3, 4, 4, 1, 1, 5, 6, 1, 5, 1, 5, 2, 3, 2, 2, 3, 2, 5, 2, 2, 4, 3, 3, 3, 1, 1, 3, 3, 4, 4, 4, 3, 3, 1, 1, 2, 4, 2, 2, 2, 2, 1, 1, 5, 5, 3, 2, 2, 3, 4, 1, 1, 4, 5, 3, 3, 3, 5, 3, 2, 4, 2, 4, 5, 6, 5, 5, 1, 2, 2, 3, 3, 3, 4, 4, 3, 4, 3, 3, 5, 3, 3, 3, 3, 3, 4, 4, 3, 1, 2, 4, 4, 3, 4, 3, 1, 6, 1, 4, 4, 4, 4, 3, 4, 3, 3, 3, 1, 4, 4, 5, 5, 5, 3, 3, 3, 3, 4, 5, 5, 1, 6, 5, 6, 6, 6, 6, 1, 6, 4, 6, 6, 1, 5, 6, 1, 1, 6, 4, 6, 1, 6, 6, 6, 6, 5, 5, 5, 5, 6, 6, 6, 1, 3, 1, 4, 5, 4, 5, 1, 4, 5, 5, 1, 5, 5, 2, 3, 3, 6, 3, 3, 1, 1, 5, 4, 4, 6, 6, 6, 6, 4, 5, 6, 3]);
----------
objective = 21198;
period_of = array1d(1..282, [1, 2, 2, 2, 2, 2, 2, 2, 3, 3, 1, 3, 3, 3, 4, 1, 4, 1, 3, 3, 3, 2, 1, 2, 3, 2, 3, 1, 2, 1, 1, 1, 3, 3, 3, 2, 5, 5, 4, 4, 3, 5, 4, 3, 4, 2, 3, 4, 3, 1, 2, 2, 4, 2, 2, 2, 2, 1, 4, 2, 3, 4, 3, 3, 3, 3, 4, 5, 1, 1, 5, 3, 1, 2, 2, 1, 1, 2, 2, 2, 2, 2, 4, 1, 1, 1, 2, 2, 2, 2, 3, 3, 3, 2, 3, 3, 3, 3, 4, 4, 1, 1, 5, 6, 1, 5, 1, 5, 2, 3, 2, 2, 3, 2, 5, 2, 2, 4, 3, 3, 3, 1, 1, 3, 3, 4, 4, 4, 3, 3, 1, 1, 2, 4, 2, 2, 2, 2, 1, 1, 5, 5, 3, 2, 2, 3, 4, 1, 1, 4, 5, 3, 3, 3, 6, 3, 2, 4, 2, 4, 5, 6, 5, 5, 1, 2, 2, 3, 3, 3, 4, 4, 3, 4, 3, 3, 5, 3, 3, 3, 3, 3, 4, 4, 3, 1, 2, 4, 4, 3, 4, 3, 1, 1, 6, 4, 4, 4, 4, 3, 4, 3, 3, 3, 1, 4, 4, 5, 5, 5, 3, 3, 3, 3, 4, 5, 5, 1, 6, 5, 6, 6, 6, 6, 1, 6, 4, 6, 6, 1, 5, 6, 1, 1, 6, 4, 6, 1, 5, 6, 6, 6, 5, 5, 5, 5, 6, 6, 6, 1, 3, 1, 4, 5, 4, 5, 1, 4, 5, 5, 1, 5, 5, 2, 3, 3, 6, 3, 3, 1, 1, 5, 4, 4, 6, 6, 6, 6, 4, 5, 6, 3]);
----------
objective = 21197;
period_of = array1d(1..282, [1, 2, 2, 2, 2, 2, 2, 2, 3, 3, 1, 3, 3, 3, 4, 1, 4, 1, 3, 3, 3, 2, 1, 2, 3, 2, 3, 1, 2, 1, 1, 1, 3, 3, 3, 2, 5, 5, 4, 4, 3, 5, 4, 3, 4, 2, 3, 4, 3, 1, 2, 2, 4, 2, 2, 2, 2, 1, 4, 2, 3, 4, 3, 3, 3, 3, 4, 5, 1, 1, 5, 3, 1, 2, 2, 1, 1, 2, 2, 2, 2, 2, 4, 1, 1, 1, 2, 2, 2, 2, 3, 3, 3, 2, 3, 3, 3, 3, 4, 4, 1, 1, 5, 6, 1, 5, 1, 5, 2, 3, 2, 2, 3, 2, 5, 2, 2, 4, 3, 3, 3, 1, 1, 3, 3, 4, 4, 4, 3, 3, 1, 1, 2, 4, 2, 2, 2, 2, 1, 1, 5, 5, 3, 2, 2, 3, 4, 1, 1, 4, 5, 3, 3, 3, 6, 3, 2, 4, 2, 4, 5, 6, 5, 5, 1, 2, 2, 3, 3, 3, 4, 4, 3, 4, 3, 3, 5, 3, 3, 3, 3, 3, 4, 4, 3, 1, 2, 4, 4, 3, 4, 3, 1, 6, 1, 4, 4, 4, 4, 3, 4, 3, 3, 3, 1, 4, 4, 5, 5, 5, 3, 3, 3, 3, 4, 5, 5, 1, 6, 5, 6, 6, 6, 6, 1, 6, 4, 6, 6, 1, 5, 6, 1, 1, 6, 4, 6, 1, 5, 6, 6, 6, 5, 5, 5, 5, 6, 6, 6, 1, 3, 1, 4, 5, 4, 5, 1, 4, 5, 5, 1, 5, 5, 2, 3, 3, 6, 3, 3, 1, 1, 5, 4, 4, 6, 6, 6, 6, 4, 5, 6, 3]);
----------
