mznc2017_probs/community-detection/mexican.s26.k4.dzn
objective = 36;
x = array1d(1..35, [1, 1, 1, 1, 1, 1, 1, 1, 1, 2, 1, 1, 1, 1, 2, 1, 1, 3, 4, 3, 2, 2, 4, 1, 1, 2, 3, 2, 2, 2, 2, 3, 1, 2, 3]);
----------
objective = 38;
x = array1d(1..35, [1, 1, 1, 1, 1, 1, 1, 1, 1, 2, 1, 1, 1, 3, 4, 1, 2, 4, 2, 2, 3, 4, 4, 2, 1, 4, 2, 4, 4, 3, 4, 2, 1, 4, 1]);
----------
objective = 42;
x = array1d(1..35, [1, 1, 1, 1, 1, 1, 1, 1, 2, 2, 1, 1, 1, 1, 2, 1, 1, 3, 2, 3, 4, 2, 3, 3, 1, 2, 1, 2, 2, 4, 2, 3, 1, 2, 1]);
----------
objective = 44;
x = array1d(1..35, [1, 1, 1, 1, 1, 1, 1, 1, 2, 2, 1, 1, 1, 1, 2, 1, 1, 3, 4, 3, 2, 3, 2, 1, 1, 2, 1, 2, 2, 3, 2, 3, 1, 2, 4]);
----------
objective = 46;
x = array1d(1..35, [1, 1, 1, 1, 1, 1, 1, 1, 2, 2, 1, 1, 1, 1, 2, 1, 1, 3, 4, 4, 4, 2, 2, 2, 1, 2, 1, 2, 2, 4, 2, 4, 1, 2, 1]);
----------
objective = 48;
x = array1d(1..35, [1, 1, 1, 1, 1, 1, 1, 1, 2, 2, 1, 1, 1, 1, 3, 1, 1, 4, 2, 2, 2, 2, 2, 2, 1, 3, 1, 3, 3, 2, 3, 2, 1, 3, 1]);
----------
