mznc2018_probs/concert-hall-cap/concert-cap.mznc2018.148.dzn
assign = array1d(1..34, [1, 2, 7, 8, 0, 0, 0, 0, 3, 0, 0, 0, 0, 0, 0, 0, 0, 0, 0, 0, 0, 0, 0, 0, 0, 0, 0, 0, 0, 0, 0, 0, 0, 0]);
objective = 11994;
----------
assign = array1d(1..34, [1, 2, 7, 8, 0, 0, 0, 0, 3, 0, 0, 0, 0, 0, 0, 0, 0, 0, 0, 0, 0, 0, 0, 0, 0, 0, 0, 0, 0, 0, 0, 0, 0, 4]);
objective = 16349;
----------
assign = array1d(1..34, [1, 2, 7, 8, 0, 0, 0, 0, 3, 0, 0, 0, 0, 0, 0, 0, 0, 0, 0, 0, 0, 0, 0, 0, 0, 0, 0, 0, 0, 0, 0, 0, 4, 5]);
objective = 20704;
----------
assign = array1d(1..34, [1, 2, 7, 8, 0, 0, 0, 0, 3, 0, 0, 0, 0, 0, 0, 0, 0, 0, 0, 0, 0, 0, 0, 0, 0, 0, 0, 0, 0, 0, 0, 4, 5, 6]);
objective = 25059;
----------
assign = array1d(1..34, [1, 2, 7, 8, 0, 0, 0, 0, 3, 0, 0, 0, 0, 0, 0, 0, 0, 0, 0, 0, 0, 0, 0, 0, 0, 0, 0, 0, 1, 0, 0, 4, 5, 6]);
objective = 26669;
----------
assign = array1d(1..34, [1, 2, 7, 8, 0, 0, 0, 0, 3, 0, 0, 0, 0, 0, 0, 0, 0, 0, 0, 0, 0, 0, 0, 0, 0, 0, 0, 1, 2, 0, 0, 4, 5, 6]);
objective = 28279;
----------
assign = array1d(1..34, [1, 2, 7, 8, 0, 0, 0, 0, 3, 0, 0, 0, 0, 0, 0, 0, 0, 0, 0, 0, 0, 7, 0, 0, 0, 0, 0, 1, 2, 0, 0, 4, 5, 6]);
objective = 29791;
----------
assign = array1d(1..34, [1, 2, 7, 8, 0, 0, 0, 0, 3, 0, 0, 0, 0, 0, 0, 0, 0, 0, 0, 9, 0, 0, 0, 0, 0, 0, 0, 1, 2, 0, 0, 4, 5, 6]);
objective = 30491;
----------
assign = array1d(1..34, [1, 2, 7, 8, 0, 0, 0, 0, 3, 0, 0, 0, 0, 0, 0, 0, 0, 0, 0, 9, 0, 7, 0, 0, 0, 0, 0, 1, 2, 0, 0, 4, 5, 6]);
objective = 32003;
----------
assign = array1d(1..34, [1, 2, 7, 8, 0, 0, 0, 0, 3, 0, 0, 0, 0, 0, 0, 0, 0, 0, 9, 10, 0, 0, 0, 0, 0, 0, 0, 1, 2, 0, 0, 4, 5, 6]);
objective = 32703;
----------
assign = array1d(1..34, [1, 2, 7, 8, 0, 0, 0, 0, 3, 0, 0, 0, 0, 0, 0, 0, 0, 0, 9, 10, 0, 7, 0, 0, 0, 0, 0, 1, 2, 0, 0, 4, 5, 6]);
objective = 34215;
----------
assign = array1d(1..34, [1, 2, 7, 8, 0, 0, 0, 0, 0, 0, 0, 0, 0, 0, 0, 0, 0, 0, 0, 9, 0, 0, 0, 0, 0, 0, 0, 1, 2, 0, 3, 4, 5, 6]);
objective = 34336;
----------
assign = array1d(1..34, [1, 2, 7, 8, 0, 0, 0, 0, 0, 0, 0, 0, 0, 0, 0, 0, 0, 0, 0, 9, 0, 7, 0, 0, 0, 0, 0, 1, 2, 0, 3, 4, 5, 6]);
objective = 35848;
----------
assign = array1d(1..34, [1, 2, 7, 8, 0, 0, 0, 0, 0, 0, 0, 0, 0, 0, 0, 0, 0, 0, 9, 10, 0, 0, 0, 0, 0, 0, 0, 1, 2, 0, 3, 4, 5, 6]);
objective = 36548;
----------
assign = array1d(1..34, [1, 2, 7, 8, 0, 0, 0, 0, 0, 0, 0, 0, 0, 0, 0, 0, 0, 0, 9, 10, 0, 7, 0, 0, 0, 0, 0, 1, 2, 0, 3, 4, 5, 6]);
objective = 38060;
----------
assign = array1d(1..34, [1, 2, 7, 0, 0, 0, 0, 0, 0, 0, 0, 0, 0, 8, 0, 0, 0, 3, 9, 10, 0, 7, 0, 0, 0, 0, 0, 1, 2, 0, 4, 5, 6, 8]);
objective = 38112;
----------
==========
