mznc2017_probs/groupsplitter/u12g1pref0.dzn
objective = 78;
user_act_map1 = array1d(1..12, [393, 393, 393, 393, 393, 393, 393, 393, 393, 393, 393, 393]);
user_act_map2 = array1d(1..12, [745, 745, 745, 745, 745, 745, 745, 745, 745, 745, 745, 745]);
user_duration_map1 = array1d(1..12, [24, 24, 24, 24, 24, 24, 24, 24, 24, 24, 24, 24]);
user_duration_map2 = array1d(1..12, [18, 18, 18, 18, 18, 18, 18, 18, 18, 18, 18, 18]);
user_end_map1 = array1d(1..12, [157, 157, 157, 157, 157, 157, 157, 157, 157, 157, 157, 157]);
user_end_map2 = array1d(1..12, [216, 216, 216, 216, 216, 216, 216, 216, 216, 216, 216, 216]);
user_group_map1 = array1d(1..12, [1, 1, 1, 1, 1, 1, 1, 1, 1, 1, 1, 1]);
user_group_map2 = array1d(1..12, [1, 1, 1, 1, 1, 1, 1, 1, 1, 1, 1, 1]);
user_start_time_map1 = array1d(1..12, [133, 133, 133, 133, 133, 133, 133, 133, 133, 133, 133, 133]);
user_start_time_map2 = array1d(1..12, [161, 161, 161, 161, 161, 161, 161, 161, 161, 161, 161, 161]);
user_weight_map1 = array1d(1..12, [0, 0, 0, 0, 0, 0, -1, 0, 0, 0, 0, 0]);
user_weight_map2 = array1d(1..12, [-1, 0, 0, 0, 0, 0, 0, 0, 0, 0, 0, 0]);
----------
objective = 87;
user_act_map1 = array1d(1..12, [342, 342, 342, 342, 342, 342, 342, 342, 342, 342, 342, 342]);
user_act_map2 = array1d(1..12, [1, 1, 1, 1, 1, 1, 1, 1, 1, 1, 1, 1]);
user_duration_map1 = array1d(1..12, [8, 8, 8, 8, 8, 8, 8, 8, 8, 8, 8, 8]);
user_duration_map2 = array1d(1..12, [18, 18, 18, 18, 18, 18, 18, 18, 18, 18, 18, 18]);
user_end_map1 = array1d(1..12, [224, 224, 224, 224, 224, 224, 224, 224, 224, 224, 224, 224]);
user_end_map2 = array1d(1..12, [276, 276, 276, 276, 276, 276, 276, 276, 276, 276, 276, 276]);
user_group_map1 = array1d(1..12, [1, 1, 1, 1, 1, 1, 1, 1, 1, 1, 1, 1]);
user_group_map2 = array1d(1..12, [1, 1, 1, 1, 1, 1, 1, 1, 1, 1, 1, 1]);
user_start_time_map1 = array1d(1..12, [216, 216, 216, 216, 216, 216, 216, 216, 216, 216, 216, 216]);
user_start_time_map2 = array1d(1..12, [228, 228, 228, 228, 228, 228, 228, 228, 228, 228, 228, 228]);
user_weight_map1 = array1d(1..12, [0, 0, 0, 0, 0, 0, -1, 0, 0, 0, 0, 0]);
user_weight_map2 = array1d(1..12, [0, 0, 0, 0, 0, 0, 0, 0, 0, 0, 0, 0]);
----------
objective = 105;
user_act_map1 = array1d(1..12, [342, 342, 342, 342, 342, 342, 342, 342, 342, 342, 342, 342]);
user_act_map2 = array1d(1..12, [2104, 2104, 2104, 2104, 2104, 2104, 2104, 2104, 2104, 2104, 2104, 2104]);
user_duration_map1 = array1d(1..12, [8, 8, 8, 8, 8, 8, 8, 8, 8, 8, 8, 8]);
user_duration_map2 = array1d(1..12, [18, 18, 18, 18, 18, 18, 18, 18, 18, 18, 18, 18]);
user_end_map1 = array1d(1..12, [224, 224, 224, 224, 224, 224, 224, 224, 224, 224, 224, 224]);
user_end_map2 = array1d(1..12, [276, 276, 276, 276, 276, 276, 276, 276, 276, 276, 276, 276]);
user_group_map1 = array1d(1..12, [1, 1, 1, 1, 1, 1, 1, 1, 1, 1, 1, 1]);
user_group_map2 = array1d(1..12, [1, 1, 1, 1, 1, 1, 1, 1, 1, 1, 1, 1]);
user_start_time_map1 = array1d(1..12, [216, 216, 216, 216, 216, 216, 216, 216, 216, 216, 216, 216]);
user_start_time_map2 = array1d(1..12, [229, 229, 229, 229, 229, 229, 229, 229, 229, 229, 229, 229]);
user_weight_map1 = array1d(1..12, [0, 0, 0, 0, 0, 0, -1, 0, 0, 0, 0, 0]);
user_weight_map2 = array1d(1..12, [0, 0, 0, 0, 0, 0, 0, 0, 0, 2, 0, 0]);
----------
objective = 111;
user_act_map1 = array1d(1..12, [346, 346, 346, 346, 346, 346, 346, 346, 346, 346, 346, 346]);
user_act_map2 = array1d(1..12, [745, 745, 745, 745, 745, 745, 745, 745, 745, 745, 745, 745]);
user_duration_map1 = array1d(1..12, [18, 18, 18, 18, 18, 18, 18, 18, 18, 18, 18, 18]);
user_duration_map2 = array1d(1..12, [18, 18, 18, 18, 18, 18, 18, 18, 18, 18, 18, 18]);
user_end_map1 = array1d(1..12, [192, 192, 192, 192, 192, 192, 192, 192, 192, 192, 192, 192]);
user_end_map2 = array1d(1..12, [216, 216, 216, 216, 216, 216, 216, 216, 216, 216, 216, 216]);
user_group_map1 = array1d(1..12, [1, 1, 1, 1, 1, 1, 1, 1, 1, 1, 1, 1]);
user_group_map2 = array1d(1..12, [1, 1, 1, 1, 1, 1, 1, 1, 1, 1, 1, 1]);
user_start_time_map1 = array1d(1..12, [174, 174, 174, 174, 174, 174, 174, 174, 174, 174, 174, 174]);
user_start_time_map2 = array1d(1..12, [196, 196, 196, 196, 196, 196, 196, 196, 196, 196, 196, 196]);
user_weight_map1 = array1d(1..12, [0, 0, 0, 0, 0, 0, 0, 0, 0, 0, 0, 0]);
user_weight_map2 = array1d(1..12, [-1, 0, 0, 0, 0, 0, 0, 0, 0, 0, 0, 0]);
----------
objective = 120;
user_act_map1 = array1d(1..12, [346, 346, 346, 346, 346, 346, 346, 346, 346, 346, 346, 346]);
user_act_map2 = array1d(1..12, [51, 51, 51, 51, 51, 51, 51, 51, 51, 51, 51, 51]);
user_duration_map1 = array1d(1..12, [18, 18, 18, 18, 18, 18, 18, 18, 18, 18, 18, 18]);
user_duration_map2 = array1d(1..12, [18, 18, 18, 18, 18, 18, 18, 18, 18, 18, 18, 18]);
user_end_map1 = array1d(1..12, [192, 192, 192, 192, 192, 192, 192, 192, 192, 192, 192, 192]);
user_end_map2 = array1d(1..12, [276, 276, 276, 276, 276, 276, 276, 276, 276, 276, 276, 276]);
user_group_map1 = array1d(1..12, [1, 1, 1, 1, 1, 1, 1, 1, 1, 1, 1, 1]);
user_group_map2 = array1d(1..12, [1, 1, 1, 1, 1, 1, 1, 1, 1, 1, 1, 1]);
user_start_time_map1 = array1d(1..12, [174, 174, 174, 174, 174, 174, 174, 174, 174, 174, 174, 174]);
user_start_time_map2 = array1d(1..12, [196, 196, 196, 196, 196, 196, 196, 196, 196, 196, 196, 196]);
user_weight_map1 = array1d(1..12, [0, 0, 0, 0, 0, 0, 0, 0, 0, 0, 0, 0]);
user_weight_map2 = array1d(1..12, [0, 0, 0, 0, 0, 0, 0, 0, 0, 0, 0, 0]);
----------
objective = 126;
user_act_map1 = array1d(1..12, [48, 48, 48, 48, 48, 48, 48, 48, 48, 48, 48, 48]);
user_act_map2 = array1d(1..12, [2104, 2104, 2104, 2104, 2104, 2104, 2104, 2104, 2104, 2104, 2104, 2104]);
user_duration_map1 = array1d(1..12, [20, 20, 20, 20, 20, 20, 20, 20, 20, 20, 20, 20]);
user_duration_map2 = array1d(1..12, [18, 18, 18, 18, 18, 18, 18, 18, 18, 18, 18, 18]);
user_end_map1 = array1d(1..12, [161, 161, 161, 161, 161, 161, 161, 161, 161, 161, 161, 161]);
user_end_map2 = array1d(1..12, [276, 276, 276, 276, 276, 276, 276, 276, 276, 276, 276, 276]);
user_group_map1 = array1d(1..12, [1, 1, 1, 1, 1, 1, 1, 1, 1, 1, 1, 1]);
user_group_map2 = array1d(1..12, [1, 1, 1, 1, 1, 1, 1, 1, 1, 1, 1, 1]);
user_start_time_map1 = array1d(1..12, [141, 141, 141, 141, 141, 141, 141, 141, 141, 141, 141, 141]);
user_start_time_map2 = array1d(1..12, [164, 164, 164, 164, 164, 164, 164, 164, 164, 164, 164, 164]);
user_weight_map1 = array1d(1..12, [0, 0, 0, 0, 0, 0, 0, 0, 0, 0, 0, 0]);
user_weight_map2 = array1d(1..12, [0, 0, 0, 0, 0, 0, 0, 0, 0, 2, 0, 0]);
----------
objective = 138;
user_act_map1 = array1d(1..12, [867, 867, 867, 867, 867, 867, 867, 867, 867, 867, 867, 867]);
user_act_map2 = array1d(1..12, [2104, 2104, 2104, 2104, 2104, 2104, 2104, 2104, 2104, 2104, 2104, 2104]);
user_duration_map1 = array1d(1..12, [18, 18, 18, 18, 18, 18, 18, 18, 18, 18, 18, 18]);
user_duration_map2 = array1d(1..12, [18, 18, 18, 18, 18, 18, 18, 18, 18, 18, 18, 18]);
user_end_map1 = array1d(1..12, [141, 141, 141, 141, 141, 141, 141, 141, 141, 141, 141, 141]);
user_end_map2 = array1d(1..12, [276, 276, 276, 276, 276, 276, 276, 276, 276, 276, 276, 276]);
user_group_map1 = array1d(1..12, [1, 1, 1, 1, 1, 1, 1, 1, 1, 1, 1, 1]);
user_group_map2 = array1d(1..12, [1, 1, 1, 1, 1, 1, 1, 1, 1, 1, 1, 1]);
user_start_time_map1 = array1d(1..12, [123, 123, 123, 123, 123, 123, 123, 123, 123, 123, 123, 123]);
user_start_time_map2 = array1d(1..12, [145, 145, 145, 145, 145, 145, 145, 145, 145, 145, 145, 145]);
user_weight_map1 = array1d(1..12, [0, 0, 0, 0, 0, 0, 0, 0, 0, 0, 0, 0]);
user_weight_map2 = array1d(1..12, [0, 0, 0, 0, 0, 0, 0, 0, 0, 2, 0, 0]);
----------
objective = 147;
user_act_map1 = array1d(1..12, [415, 415, 415, 415, 415, 415, 415, 415, 415, 415, 415, 415]);
user_act_map2 = array1d(1..12, [2104, 2104, 2104, 2104, 2104, 2104, 2104, 2104, 2104, 2104, 2104, 2104]);
user_duration_map1 = array1d(1..12, [27, 27, 27, 27, 27, 27, 27, 27, 27, 27, 27, 27]);
user_duration_map2 = array1d(1..12, [18, 18, 18, 18, 18, 18, 18, 18, 18, 18, 18, 18]);
user_end_map1 = array1d(1..12, [147, 147, 147, 147, 147, 147, 147, 147, 147, 147, 147, 147]);
user_end_map2 = array1d(1..12, [276, 276, 276, 276, 276, 276, 276, 276, 276, 276, 276, 276]);
user_group_map1 = array1d(1..12, [1, 1, 1, 1, 1, 1, 1, 1, 1, 1, 1, 1]);
user_group_map2 = array1d(1..12, [1, 1, 1, 1, 1, 1, 1, 1, 1, 1, 1, 1]);
user_start_time_map1 = array1d(1..12, [120, 120, 120, 120, 120, 120, 120, 120, 120, 120, 120, 120]);
user_start_time_map2 = array1d(1..12, [150, 150, 150, 150, 150, 150, 150, 150, 150, 150, 150, 150]);
user_weight_map1 = array1d(1..12, [0, 0, 0, 0, 0, 0, 1, 0, 0, 0, 0, 0]);
user_weight_map2 = array1d(1..12, [0, 0, 0, 0, 0, 0, 0, 0, 0, 2, 0, 0]);
----------
objective = 162;
user_act_map1 = array1d(1..12, [381, 381, 381, 381, 381, 381, 381, 381, 381, 381, 381, 381]);
user_act_map2 = array1d(1..12, [2104, 2104, 2104, 2104, 2104, 2104, 2104, 2104, 2104, 2104, 2104, 2104]);
user_duration_map1 = array1d(1..12, [15, 15, 15, 15, 15, 15, 15, 15, 15, 15, 15, 15]);
user_duration_map2 = array1d(1..12, [18, 18, 18, 18, 18, 18, 18, 18, 18, 18, 18, 18]);
user_end_map1 = array1d(1..12, [151, 151, 151, 151, 151, 151, 151, 151, 151, 151, 151, 151]);
user_end_map2 = array1d(1..12, [276, 276, 276, 276, 276, 276, 276, 276, 276, 276, 276, 276]);
user_group_map1 = array1d(1..12, [1, 1, 1, 1, 1, 1, 1, 1, 1, 1, 1, 1]);
user_group_map2 = array1d(1..12, [1, 1, 1, 1, 1, 1, 1, 1, 1, 1, 1, 1]);
user_start_time_map1 = array1d(1..12, [136, 136, 136, 136, 136, 136, 136, 136, 136, 136, 136, 136]);
user_start_time_map2 = array1d(1..12, [157, 157, 157, 157, 157, 157, 157, 157, 157, 157, 157, 157]);
user_weight_map1 = array1d(1..12, [0, 0, 0, 0, 0, 0, 2, 0, 2, 0, 0, 0]);
user_weight_map2 = array1d(1..12, [0, 0, 0, 0, 0, 0, 0, 0, 0, 2, 0, 0]);
----------
objective = 171;
user_act_map1 = array1d(1..12, [492, 492, 492, 492, 492, 492, 492, 492, 492, 492, 492, 492]);
user_act_map2 = array1d(1..12, [2104, 2104, 2104, 2104, 2104, 2104, 2104, 2104, 2104, 2104, 2104, 2104]);
user_duration_map1 = array1d(1..12, [18, 18, 18, 18, 18, 18, 18, 18, 18, 18, 18, 18]);
user_duration_map2 = array1d(1..12, [18, 18, 18, 18, 18, 18, 18, 18, 18, 18, 18, 18]);
user_end_map1 = array1d(1..12, [140, 140, 140, 140, 140, 140, 140, 140, 140, 140, 140, 140]);
user_end_map2 = array1d(1..12, [276, 276, 276, 276, 276, 276, 276, 276, 276, 276, 276, 276]);
user_group_map1 = array1d(1..12, [1, 1, 1, 1, 1, 1, 1, 1, 1, 1, 1, 1]);
user_group_map2 = array1d(1..12, [1, 1, 1, 1, 1, 1, 1, 1, 1, 1, 1, 1]);
user_start_time_map1 = array1d(1..12, [122, 122, 122, 122, 122, 122, 122, 122, 122, 122, 122, 122]);
user_start_time_map2 = array1d(1..12, [143, 143, 143, 143, 143, 143, 143, 143, 143, 143, 143, 143]);
user_weight_map1 = array1d(1..12, [0, 0, 0, 0, 1, 1, 1, 0, 2, 0, 0, 0]);
user_weight_map2 = array1d(1..12, [0, 0, 0, 0, 0, 0, 0, 0, 0, 2, 0, 0]);
----------
objective = 189;
user_act_map1 = array1d(1..12, [512, 512, 512, 512, 512, 512, 512, 512, 512, 512, 512, 512]);
user_act_map2 = array1d(1..12, [2104, 2104, 2104, 2104, 2104, 2104, 2104, 2104, 2104, 2104, 2104, 2104]);
user_duration_map1 = array1d(1..12, [3, 3, 3, 3, 3, 3, 3, 3, 3, 3, 3, 3]);
user_duration_map2 = array1d(1..12, [18, 18, 18, 18, 18, 18, 18, 18, 18, 18, 18, 18]);
user_end_map1 = array1d(1..12, [129, 129, 129, 129, 129, 129, 129, 129, 129, 129, 129, 129]);
user_end_map2 = array1d(1..12, [276, 276, 276, 276, 276, 276, 276, 276, 276, 276, 276, 276]);
user_group_map1 = array1d(1..12, [1, 1, 1, 1, 1, 1, 1, 1, 1, 1, 1, 1]);
user_group_map2 = array1d(1..12, [1, 1, 1, 1, 1, 1, 1, 1, 1, 1, 1, 1]);
user_start_time_map1 = array1d(1..12, [126, 126, 126, 126, 126, 126, 126, 126, 126, 126, 126, 126]);
user_start_time_map2 = array1d(1..12, [132, 132, 132, 132, 132, 132, 132, 132, 132, 132, 132, 132]);
user_weight_map1 = array1d(1..12, [0, 0, 0, 2, 1, 1, 1, 0, 2, 0, 0, 0]);
user_weight_map2 = array1d(1..12, [0, 0, 0, 0, 0, 0, 0, 0, 0, 2, 0, 0]);
----------
objective = 198;
user_act_map1 = array1d(1..12, [31, 31, 31, 31, 31, 31, 31, 31, 31, 31, 31, 31]);
user_act_map2 = array1d(1..12, [2104, 2104, 2104, 2104, 2104, 2104, 2104, 2104, 2104, 2104, 2104, 2104]);
user_duration_map1 = array1d(1..12, [24, 24, 24, 24, 24, 24, 24, 24, 24, 24, 24, 24]);
user_duration_map2 = array1d(1..12, [18, 18, 18, 18, 18, 18, 18, 18, 18, 18, 18, 18]);
user_end_map1 = array1d(1..12, [144, 144, 144, 144, 144, 144, 144, 144, 144, 144, 144, 144]);
user_end_map2 = array1d(1..12, [276, 276, 276, 276, 276, 276, 276, 276, 276, 276, 276, 276]);
user_group_map1 = array1d(1..12, [1, 1, 1, 1, 1, 1, 1, 1, 1, 1, 1, 1]);
user_group_map2 = array1d(1..12, [1, 1, 1, 1, 1, 1, 1, 1, 1, 1, 1, 1]);
user_start_time_map1 = array1d(1..12, [120, 120, 120, 120, 120, 120, 120, 120, 120, 120, 120, 120]);
user_start_time_map2 = array1d(1..12, [148, 148, 148, 148, 148, 148, 148, 148, 148, 148, 148, 148]);
user_weight_map1 = array1d(1..12, [0, 0, 0, 0, 2, 1, 2, 0, 2, 0, 0, 1]);
user_weight_map2 = array1d(1..12, [0, 0, 0, 0, 0, 0, 0, 0, 0, 2, 0, 0]);
----------
objective = 207;
user_act_map1 = array1d(1..12, [19, 19, 19, 19, 19, 19, 19, 19, 19, 19, 19, 19]);
user_act_map2 = array1d(1..12, [2104, 2104, 2104, 2104, 2104, 2104, 2104, 2104, 2104, 2104, 2104, 2104]);
user_duration_map1 = array1d(1..12, [27, 27, 27, 27, 27, 27, 27, 27, 27, 27, 27, 27]);
user_duration_map2 = array1d(1..12, [18, 18, 18, 18, 18, 18, 18, 18, 18, 18, 18, 18]);
user_end_map1 = array1d(1..12, [149, 149, 149, 149, 149, 149, 149, 149, 149, 149, 149, 149]);
user_end_map2 = array1d(1..12, [276, 276, 276, 276, 276, 276, 276, 276, 276, 276, 276, 276]);
user_group_map1 = array1d(1..12, [1, 1, 1, 1, 1, 1, 1, 1, 1, 1, 1, 1]);
user_group_map2 = array1d(1..12, [1, 1, 1, 1, 1, 1, 1, 1, 1, 1, 1, 1]);
user_start_time_map1 = array1d(1..12, [122, 122, 122, 122, 122, 122, 122, 122, 122, 122, 122, 122]);
user_start_time_map2 = array1d(1..12, [153, 153, 153, 153, 153, 153, 153, 153, 153, 153, 153, 153]);
user_weight_map1 = array1d(1..12, [0, 1, 1, 0, 0, 1, 2, 0, 2, 1, 0, 1]);
user_weight_map2 = array1d(1..12, [0, 0, 0, 0, 0, 0, 0, 0, 0, 2, 0, 0]);
----------
==========
