mznc2018_probs/proteindesign12/1HZ5.12p.9aa.usingEref_self_x.dzn
objective = 5078;
ocosts1 = array1d(1..12, [111, 114, 113, 109, 113, 106, 112, 110, 115, 105, 104, 112]);
ocosts2 = array1d(1..66, [57, 57, 57, 57, 57, 57, 57, 57, 57, 57, 57, 57, 57, 57, 57, 57, 57, 57, 57, 57, 57, 57, 57, 57, 57, 57, 57, 57, 57, 57, 57, 57, 57, 57, 57, 57, 57, 56, 55, 57, 57, 57, 57, 57, 56, 57, 57, 57, 57, 57, 57, 57, 56, 57, 56, 57, 57, 57, 57, 56, 57, 57, 57, 57, 57, 56]);
p = array1d(1..12, [0, 0, 0, 0, 0, 0, 0, 0, 0, 0, 0, 0]);
----------
objective = 5065;
ocosts1 = array1d(1..12, [111, 114, 113, 109, 113, 106, 112, 110, 115, 105, 96, 112]);
ocosts2 = array1d(1..66, [57, 57, 57, 57, 57, 57, 57, 57, 57, 57, 57, 57, 57, 57, 57, 55, 57, 57, 57, 57, 57, 57, 57, 57, 57, 57, 57, 57, 57, 55, 57, 57, 57, 57, 57, 57, 57, 56, 55, 57, 57, 57, 57, 57, 56, 57, 57, 57, 57, 57, 57, 56, 56, 57, 56, 57, 57, 57, 57, 56, 57, 57, 57, 57, 57, 56]);
p = array1d(1..12, [0, 0, 0, 0, 0, 0, 0, 0, 0, 0, 0, 29]);
----------
objective = 5063;
ocosts1 = array1d(1..12, [111, 114, 113, 109, 113, 106, 112, 112, 115, 105, 96, 112]);
ocosts2 = array1d(1..66, [57, 57, 57, 57, 57, 57, 57, 57, 56, 57, 57, 57, 57, 57, 57, 55, 57, 57, 57, 57, 57, 57, 57, 57, 57, 57, 57, 57, 57, 55, 57, 57, 57, 57, 57, 57, 57, 54, 55, 57, 57, 57, 57, 57, 56, 57, 57, 57, 57, 57, 56, 56, 56, 57, 56, 57, 57, 57, 57, 56, 57, 57, 57, 57, 57, 56]);
p = array1d(1..12, [0, 0, 0, 0, 0, 0, 0, 0, 0, 0, 2, 29]);
----------
objective = 5059;
ocosts1 = array1d(1..12, [111, 114, 113, 109, 113, 106, 112, 111, 115, 105, 96, 112]);
ocosts2 = array1d(1..66, [57, 57, 57, 57, 56, 57, 57, 57, 56, 57, 57, 57, 57, 57, 57, 55, 57, 57, 57, 57, 57, 57, 57, 57, 57, 57, 57, 57, 57, 55, 57, 57, 57, 57, 57, 56, 57, 54, 55, 57, 57, 57, 57, 57, 56, 57, 57, 57, 57, 57, 55, 56, 56, 57, 56, 57, 57, 57, 57, 56, 57, 57, 57, 57, 57, 56]);
p = array1d(1..12, [0, 0, 0, 0, 0, 0, 0, 0, 0, 0, 3, 29]);
----------
objective = 5056;
ocosts1 = array1d(1..12, [111, 114, 113, 109, 113, 106, 112, 107, 115, 105, 96, 112]);
ocosts2 = array1d(1..66, [57, 57, 57, 57, 57, 57, 57, 57, 55, 57, 57, 57, 57, 57, 57, 55, 57, 57, 57, 57, 57, 57, 57, 57, 57, 57, 57, 57, 57, 55, 57, 57, 57, 57, 57, 56, 57, 56, 55, 57, 57, 57, 56, 57, 56, 57, 57, 57, 57, 57, 55, 56, 56, 57, 56, 57, 57, 57, 57, 56, 57, 57, 57, 57, 57, 56]);
p = array1d(1..12, [0, 0, 0, 0, 0, 0, 0, 0, 0, 0, 7, 29]);
----------
objective = 5054;
ocosts1 = array1d(1..12, [111, 114, 113, 106, 113, 106, 112, 111, 115, 105, 96, 112]);
ocosts2 = array1d(1..66, [57, 57, 57, 57, 56, 57, 57, 57, 57, 57, 57, 57, 57, 57, 57, 55, 57, 57, 57, 57, 57, 57, 57, 57, 57, 57, 57, 57, 57, 55, 57, 57, 56, 57, 57, 56, 57, 54, 55, 57, 57, 57, 57, 57, 56, 57, 57, 57, 57, 57, 55, 56, 55, 57, 56, 57, 57, 57, 57, 56, 57, 57, 57, 57, 56, 56]);
p = array1d(1..12, [0, 0, 0, 0, 0, 0, 0, 0, 0, 6, 3, 29]);
----------
objective = 5052;
ocosts1 = array1d(1..12, [111, 114, 113, 106, 113, 106, 112, 107, 115, 105, 96, 112]);
ocosts2 = array1d(1..66, [57, 57, 57, 57, 57, 57, 57, 57, 57, 57, 57, 57, 57, 57, 57, 55, 57, 57, 57, 57, 57, 57, 57, 57, 57, 57, 57, 57, 57, 55, 57, 57, 56, 57, 57, 56, 57, 56, 55, 57, 57, 57, 56, 57, 56, 57, 57, 57, 57, 57, 55, 56, 55, 57, 56, 57, 57, 57, 57, 56, 57, 57, 57, 57, 56, 56]);
p = array1d(1..12, [0, 0, 0, 0, 0, 0, 0, 0, 0, 6, 7, 29]);
----------
objective = 5051;
ocosts1 = array1d(1..12, [111, 114, 113, 106, 113, 106, 112, 109, 115, 105, 96, 112]);
ocosts2 = array1d(1..66, [57, 57, 57, 57, 57, 57, 57, 57, 56, 57, 57, 57, 57, 57, 57, 55, 57, 57, 57, 57, 57, 57, 57, 57, 57, 57, 57, 57, 57, 55, 57, 57, 56, 57, 57, 56, 57, 55, 55, 57, 57, 57, 55, 57, 56, 57, 57, 57, 57, 57, 55, 56, 55, 57, 56, 57, 57, 57, 57, 56, 57, 57, 57, 57, 56, 56]);
p = array1d(1..12, [0, 0, 0, 0, 0, 0, 0, 0, 0, 6, 11, 29]);
----------
objective = 5050;
ocosts1 = array1d(1..12, [111, 114, 113, 104, 113, 106, 112, 109, 115, 105, 96, 112]);
ocosts2 = array1d(1..66, [57, 57, 57, 57, 57, 57, 57, 57, 56, 57, 57, 57, 57, 57, 57, 55, 57, 57, 57, 57, 57, 57, 57, 57, 57, 57, 57, 57, 57, 55, 57, 57, 57, 57, 57, 56, 57, 55, 55, 57, 57, 57, 55, 57, 56, 57, 57, 57, 57, 57, 55, 56, 55, 57, 56, 57, 57, 57, 57, 56, 57, 57, 57, 57, 56, 56]);
p = array1d(1..12, [0, 0, 0, 0, 0, 0, 0, 0, 0, 7, 11, 29]);
----------
objective = 5049;
ocosts1 = array1d(1..12, [111, 114, 113, 104, 113, 106, 112, 107, 115, 105, 96, 112]);
ocosts2 = array1d(1..66, [57, 57, 57, 57, 57, 57, 57, 57, 55, 57, 57, 57, 57, 57, 57, 55, 57, 57, 57, 57, 57, 57, 57, 57, 57, 57, 57, 57, 57, 55, 57, 57, 57, 57, 57, 56, 57, 56, 55, 57, 57, 57, 56, 57, 56, 57, 57, 57, 57, 57, 55, 56, 55, 57, 56, 57, 57, 57, 57, 56, 57, 57, 57, 57, 56, 56]);
p = array1d(1..12, [0, 0, 0, 0, 0, 0, 0, 0, 0, 13, 7, 29]);
----------
objective = 5048;
ocosts1 = array1d(1..12, [111, 114, 113, 101, 113, 106, 112, 107, 115, 105, 96, 112]);
ocosts2 = array1d(1..66, [57, 57, 57, 57, 57, 57, 57, 57, 55, 57, 57, 57, 57, 57, 57, 55, 57, 57, 57, 57, 57, 57, 57, 57, 57, 57, 57, 57, 57, 55, 57, 57, 57, 57, 57, 56, 57, 56, 55, 57, 57, 57, 56, 57, 56, 57, 57, 57, 57, 57, 55, 56, 56, 57, 56, 57, 57, 57, 57, 56, 57, 57, 57, 57, 57, 56]);
p = array1d(1..12, [0, 0, 0, 0, 0, 0, 0, 0, 0, 25, 7, 29]);
----------
objective = 5045;
ocosts1 = array1d(1..12, [111, 114, 113, 101, 113, 106, 112, 107, 115, 105, 96, 112]);
ocosts2 = array1d(1..66, [57, 57, 57, 57, 57, 57, 57, 57, 55, 57, 57, 57, 57, 57, 57, 55, 57, 57, 57, 57, 57, 57, 57, 57, 57, 57, 57, 57, 57, 55, 57, 57, 56, 57, 57, 56, 57, 56, 55, 57, 57, 57, 56, 57, 56, 57, 57, 57, 57, 57, 55, 56, 55, 57, 56, 57, 57, 57, 57, 56, 57, 57, 57, 57, 56, 56]);
p = array1d(1..12, [0, 0, 0, 0, 0, 0, 0, 0, 0, 29, 7, 29]);
----------
objective = 5044;
ocosts1 = array1d(1..12, [111, 114, 113, 104, 115, 106, 112, 111, 115, 105, 96, 112]);
ocosts2 = array1d(1..66, [57, 57, 57, 57, 56, 57, 57, 57, 55, 57, 57, 57, 57, 57, 57, 55, 57, 57, 57, 57, 57, 57, 57, 57, 55, 57, 57, 57, 57, 52, 57, 57, 57, 57, 57, 56, 57, 54, 55, 57, 57, 57, 53, 57, 56, 57, 57, 57, 57, 57, 55, 56, 55, 57, 56, 57, 57, 57, 57, 56, 57, 57, 57, 57, 56, 56]);
p = array1d(1..12, [0, 0, 0, 0, 0, 0, 0, 0, 5, 13, 3, 29]);
----------
objective = 5043;
ocosts1 = array1d(1..12, [111, 114, 113, 104, 115, 106, 112, 106, 115, 105, 96, 112]);
ocosts2 = array1d(1..66, [57, 57, 57, 57, 57, 57, 57, 57, 54, 57, 57, 57, 57, 57, 57, 55, 57, 57, 57, 57, 57, 57, 57, 57, 55, 57, 57, 57, 57, 52, 57, 57, 57, 57, 57, 56, 57, 56, 55, 57, 57, 57, 54, 57, 56, 57, 57, 57, 57, 57, 56, 56, 55, 57, 56, 57, 57, 57, 57, 56, 57, 57, 57, 57, 56, 56]);
p = array1d(1..12, [0, 0, 0, 0, 0, 0, 0, 0, 5, 13, 22, 29]);
----------
objective = 5041;
ocosts1 = array1d(1..12, [111, 114, 113, 101, 115, 106, 112, 111, 115, 105, 96, 112]);
ocosts2 = array1d(1..66, [57, 57, 57, 57, 56, 57, 57, 57, 56, 57, 57, 57, 57, 57, 57, 55, 57, 57, 57, 57, 57, 57, 57, 57, 55, 57, 57, 57, 57, 52, 57, 57, 56, 57, 57, 56, 57, 54, 55, 57, 57, 57, 53, 57, 56, 57, 57, 57, 57, 57, 55, 56, 55, 57, 56, 57, 57, 57, 57, 56, 57, 57, 57, 57, 56, 56]);
p = array1d(1..12, [0, 0, 0, 0, 0, 0, 0, 0, 5, 29, 3, 29]);
----------
objective = 5039;
ocosts1 = array1d(1..12, [111, 114, 113, 101, 115, 106, 112, 106, 115, 105, 96, 112]);
ocosts2 = array1d(1..66, [57, 57, 57, 57, 57, 57, 57, 57, 54, 57, 57, 57, 57, 57, 57, 55, 57, 57, 57, 57, 57, 57, 57, 57, 55, 57, 57, 57, 57, 52, 57, 57, 56, 57, 57, 56, 57, 56, 55, 57, 57, 57, 54, 57, 56, 57, 57, 57, 57, 57, 56, 56, 55, 57, 56, 57, 57, 57, 57, 56, 57, 57, 57, 57, 56, 56]);
p = array1d(1..12, [0, 0, 0, 0, 0, 0, 0, 0, 5, 29, 22, 29]);
----------
objective = 5037;
ocosts1 = array1d(1..12, [111, 114, 113, 104, 106, 106, 112, 107, 115, 105, 96, 112]);
ocosts2 = array1d(1..66, [57, 57, 57, 57, 57, 57, 57, 57, 55, 57, 57, 57, 57, 57, 57, 55, 57, 57, 57, 57, 57, 57, 57, 57, 55, 57, 57, 57, 57, 54, 57, 57, 57, 57, 57, 56, 57, 56, 55, 57, 57, 57, 54, 57, 56, 57, 57, 57, 57, 57, 55, 56, 55, 57, 56, 57, 57, 57, 57, 56, 57, 57, 57, 57, 56, 56]);
p = array1d(1..12, [0, 0, 0, 0, 0, 0, 0, 0, 31, 13, 7, 29]);
----------
objective = 5036;
ocosts1 = array1d(1..12, [111, 114, 113, 101, 106, 106, 112, 107, 115, 105, 96, 112]);
ocosts2 = array1d(1..66, [57, 57, 57, 57, 57, 57, 57, 57, 55, 57, 57, 57, 57, 57, 57, 55, 57, 57, 57, 57, 57, 57, 57, 57, 55, 57, 57, 57, 57, 54, 57, 57, 57, 57, 57, 56, 57, 56, 55, 57, 57, 57, 54, 57, 56, 57, 57, 57, 57, 57, 55, 56, 56, 57, 56, 57, 57, 57, 57, 56, 57, 57, 57, 57, 57, 56]);
p = array1d(1..12, [0, 0, 0, 0, 0, 0, 0, 0, 31, 25, 7, 29]);
----------
objective = 5033;
ocosts1 = array1d(1..12, [111, 114, 113, 101, 106, 106, 112, 107, 115, 105, 96, 112]);
ocosts2 = array1d(1..66, [57, 57, 57, 57, 57, 57, 57, 57, 55, 57, 57, 57, 57, 57, 57, 55, 57, 57, 57, 57, 57, 57, 57, 57, 55, 57, 57, 57, 57, 54, 57, 57, 56, 57, 57, 56, 57, 56, 55, 57, 57, 57, 54, 57, 56, 57, 57, 57, 57, 57, 55, 56, 55, 57, 56, 57, 57, 57, 57, 56, 57, 57, 57, 57, 56, 56]);
p = array1d(1..12, [0, 0, 0, 0, 0, 0, 0, 0, 31, 29, 7, 29]);
----------
objective = 5032;
ocosts1 = array1d(1..12, [111, 114, 110, 101, 106, 106, 112, 107, 115, 105, 96, 112]);
ocosts2 = array1d(1..66, [57, 57, 57, 57, 57, 57, 57, 57, 55, 57, 57, 57, 57, 57, 57, 55, 57, 57, 57, 57, 57, 57, 57, 57, 55, 57, 57, 57, 57, 54, 57, 57, 57, 57, 57, 56, 57, 56, 55, 57, 57, 57, 54, 57, 56, 57, 57, 57, 57, 57, 55, 55, 56, 57, 56, 57, 57, 57, 57, 56, 57, 57, 57, 57, 57, 56]);
p = array1d(1..12, [0, 0, 0, 0, 0, 0, 0, 12, 31, 25, 7, 29]);
----------
objective = 5029;
ocosts1 = array1d(1..12, [111, 114, 110, 101, 106, 106, 112, 107, 115, 105, 96, 112]);
ocosts2 = array1d(1..66, [57, 57, 57, 57, 57, 57, 57, 57, 55, 57, 57, 57, 57, 57, 57, 55, 57, 57, 57, 57, 57, 57, 57, 57, 55, 57, 57, 57, 57, 54, 57, 57, 56, 57, 57, 56, 57, 56, 55, 57, 57, 57, 54, 57, 56, 57, 57, 57, 57, 57, 55, 55, 55, 57, 56, 57, 57, 57, 57, 56, 57, 57, 57, 57, 56, 56]);
p = array1d(1..12, [0, 0, 0, 0, 0, 0, 0, 12, 31, 29, 7, 29]);
----------
objective = 5028;
ocosts1 = array1d(1..12, [111, 114, 109, 101, 106, 106, 112, 107, 115, 105, 96, 112]);
ocosts2 = array1d(1..66, [57, 57, 57, 57, 57, 57, 57, 57, 55, 57, 57, 57, 57, 57, 57, 55, 57, 57, 57, 57, 57, 57, 57, 57, 55, 57, 57, 57, 57, 54, 57, 57, 56, 57, 57, 56, 57, 56, 55, 57, 57, 57, 54, 57, 56, 57, 57, 57, 57, 57, 55, 55, 55, 57, 56, 57, 57, 57, 57, 56, 57, 57, 57, 57, 56, 56]);
p = array1d(1..12, [0, 0, 0, 0, 0, 0, 0, 13, 31, 29, 7, 29]);
----------
objective = 5027;
ocosts1 = array1d(1..12, [111, 114, 106, 101, 106, 106, 112, 107, 115, 105, 96, 112]);
ocosts2 = array1d(1..66, [57, 57, 57, 57, 57, 57, 57, 57, 55, 57, 57, 57, 57, 57, 57, 55, 57, 57, 57, 57, 57, 57, 57, 57, 55, 57, 57, 57, 57, 54, 57, 57, 57, 57, 57, 56, 57, 56, 55, 57, 57, 57, 54, 57, 56, 57, 57, 57, 57, 57, 55, 54, 56, 57, 56, 57, 57, 57, 57, 56, 57, 57, 57, 57, 57, 56]);
p = array1d(1..12, [0, 0, 0, 0, 0, 0, 0, 23, 31, 25, 7, 29]);
----------
objective = 5024;
ocosts1 = array1d(1..12, [111, 114, 106, 101, 106, 106, 112, 107, 115, 105, 96, 112]);
ocosts2 = array1d(1..66, [57, 57, 57, 57, 57, 57, 57, 57, 55, 57, 57, 57, 57, 57, 57, 55, 57, 57, 57, 57, 57, 57, 57, 57, 55, 57, 57, 57, 57, 54, 57, 57, 56, 57, 57, 56, 57, 56, 55, 57, 57, 57, 54, 57, 56, 57, 57, 57, 57, 57, 55, 54, 55, 57, 56, 57, 57, 57, 57, 56, 57, 57, 57, 57, 56, 56]);
p = array1d(1..12, [0, 0, 0, 0, 0, 0, 0, 23, 31, 29, 7, 29]);
----------
objective = 5023;
ocosts1 = array1d(1..12, [111, 114, 106, 106, 106, 106, 112, 112, 114, 105, 96, 112]);
ocosts2 = array1d(1..66, [57, 57, 57, 57, 57, 57, 57, 57, 56, 57, 57, 57, 57, 57, 57, 54, 57, 57, 57, 57, 57, 57, 57, 57, 52, 57, 57, 57, 57, 54, 57, 57, 56, 57, 57, 53, 57, 55, 55, 57, 57, 57, 55, 57, 56, 57, 57, 56, 57, 57, 55, 54, 55, 57, 54, 57, 57, 57, 57, 56, 57, 57, 57, 57, 56, 55]);
p = array1d(1..12, [0, 0, 0, 0, 0, 0, 13, 23, 31, 6, 46, 29]);
----------
objective = 5022;
ocosts1 = array1d(1..12, [111, 114, 106, 104, 106, 106, 112, 112, 114, 105, 96, 112]);
ocosts2 = array1d(1..66, [57, 57, 57, 57, 57, 57, 57, 57, 56, 57, 57, 57, 57, 57, 57, 54, 57, 57, 57, 57, 57, 57, 57, 57, 52, 57, 57, 57, 57, 54, 57, 57, 57, 57, 57, 53, 57, 55, 55, 57, 57, 57, 55, 57, 56, 57, 57, 56, 57, 57, 55, 54, 55, 57, 54, 57, 57, 57, 57, 56, 57, 57, 57, 57, 56, 55]);
p = array1d(1..12, [0, 0, 0, 0, 0, 0, 13, 23, 31, 7, 46, 29]);
----------
objective = 5020;
ocosts1 = array1d(1..12, [111, 114, 106, 101, 106, 106, 112, 112, 114, 105, 96, 112]);
ocosts2 = array1d(1..66, [57, 57, 57, 57, 57, 57, 57, 57, 57, 57, 57, 57, 57, 57, 57, 54, 57, 57, 57, 57, 57, 57, 57, 57, 52, 57, 57, 57, 57, 54, 57, 57, 56, 57, 57, 53, 57, 55, 55, 57, 57, 57, 55, 57, 56, 57, 57, 57, 57, 57, 55, 54, 55, 57, 54, 57, 57, 57, 57, 56, 57, 57, 57, 57, 56, 55]);
p = array1d(1..12, [0, 0, 0, 0, 0, 0, 13, 23, 31, 29, 46, 29]);
----------
objective = 5019;
ocosts1 = array1d(1..12, [111, 114, 106, 101, 106, 106, 112, 109, 114, 105, 96, 112]);
ocosts2 = array1d(1..66, [57, 57, 57, 57, 57, 57, 57, 57, 56, 57, 57, 57, 57, 57, 57, 54, 57, 57, 57, 57, 57, 57, 57, 57, 52, 57, 57, 57, 57, 54, 57, 57, 56, 57, 57, 55, 57, 56, 55, 57, 57, 57, 55, 57, 56, 57, 57, 57, 57, 57, 55, 54, 55, 57, 54, 57, 57, 57, 57, 56, 57, 57, 57, 57, 56, 55]);
p = array1d(1..12, [0, 0, 0, 0, 0, 0, 13, 23, 31, 29, 47, 29]);
----------
objective = 5017;
ocosts1 = array1d(1..12, [111, 113, 106, 101, 106, 106, 112, 107, 115, 105, 96, 112]);
ocosts2 = array1d(1..66, [57, 57, 57, 57, 57, 57, 57, 57, 55, 57, 56, 57, 57, 57, 57, 55, 57, 57, 56, 57, 57, 57, 57, 57, 55, 57, 57, 57, 57, 54, 57, 57, 56, 57, 57, 56, 57, 56, 55, 57, 57, 57, 54, 57, 55, 57, 56, 57, 57, 56, 55, 54, 55, 57, 56, 57, 57, 57, 57, 56, 57, 57, 57, 57, 55, 56]);
p = array1d(1..12, [0, 0, 0, 0, 0, 47, 0, 23, 31, 29, 7, 29]);
----------
objective = 5015;
ocosts1 = array1d(1..12, [111, 113, 106, 104, 106, 106, 112, 112, 114, 105, 96, 112]);
ocosts2 = array1d(1..66, [57, 57, 57, 57, 57, 57, 57, 57, 56, 57, 56, 57, 57, 57, 57, 54, 57, 57, 57, 57, 57, 57, 57, 57, 52, 57, 57, 57, 57, 54, 57, 57, 57, 57, 57, 53, 57, 55, 55, 57, 57, 57, 55, 57, 55, 57, 56, 56, 57, 56, 55, 54, 55, 57, 54, 57, 57, 57, 57, 56, 57, 57, 57, 57, 54, 55]);
p = array1d(1..12, [0, 0, 0, 0, 0, 47, 13, 23, 31, 7, 46, 29]);
----------
objective = 5014;
ocosts1 = array1d(1..12, [111, 113, 106, 101, 106, 106, 112, 112, 114, 105, 96, 112]);
ocosts2 = array1d(1..66, [57, 57, 57, 57, 57, 57, 57, 57, 57, 57, 56, 57, 57, 57, 57, 54, 57, 57, 57, 57, 57, 57, 57, 57, 52, 57, 57, 57, 57, 54, 57, 57, 56, 57, 57, 53, 57, 55, 55, 57, 57, 57, 55, 57, 55, 57, 56, 57, 57, 56, 55, 54, 55, 57, 54, 57, 57, 57, 57, 56, 57, 57, 57, 57, 55, 55]);
p = array1d(1..12, [0, 0, 0, 0, 0, 47, 13, 23, 31, 29, 46, 29]);
----------
objective = 5013;
ocosts1 = array1d(1..12, [111, 113, 106, 101, 106, 106, 112, 109, 114, 105, 96, 112]);
ocosts2 = array1d(1..66, [57, 57, 57, 57, 57, 57, 57, 57, 56, 57, 56, 57, 57, 57, 57, 54, 57, 57, 57, 57, 57, 57, 57, 57, 52, 57, 57, 57, 57, 54, 57, 57, 56, 57, 57, 55, 57, 56, 55, 57, 57, 57, 55, 57, 55, 57, 56, 57, 57, 56, 55, 54, 55, 57, 54, 57, 57, 57, 57, 56, 57, 57, 57, 57, 55, 55]);
p = array1d(1..12, [0, 0, 0, 0, 0, 47, 13, 23, 31, 29, 47, 29]);
----------
objective = 5012;
ocosts1 = array1d(1..12, [111, 110, 106, 101, 106, 106, 112, 109, 114, 105, 96, 111]);
ocosts2 = array1d(1..66, [57, 57, 57, 57, 57, 57, 57, 57, 56, 57, 56, 57, 57, 57, 57, 54, 57, 57, 57, 57, 57, 57, 57, 57, 52, 57, 57, 57, 57, 54, 57, 57, 56, 57, 57, 55, 57, 56, 55, 57, 57, 57, 55, 57, 55, 57, 56, 57, 57, 57, 55, 54, 55, 57, 54, 57, 57, 57, 57, 57, 57, 57, 57, 57, 56, 55]);
p = array1d(1..12, [0, 0, 0, 1, 1, 24, 13, 23, 31, 29, 47, 29]);
----------
objective = 5011;
ocosts1 = array1d(1..12, [111, 113, 106, 104, 106, 106, 110, 112, 114, 105, 96, 112]);
ocosts2 = array1d(1..66, [57, 57, 57, 57, 57, 57, 57, 57, 56, 57, 56, 57, 57, 57, 57, 54, 57, 57, 57, 57, 57, 57, 57, 57, 52, 57, 57, 57, 57, 54, 57, 57, 57, 57, 57, 53, 57, 55, 54, 57, 57, 57, 55, 57, 55, 57, 56, 56, 57, 55, 55, 54, 55, 57, 54, 57, 57, 57, 57, 56, 57, 57, 57, 57, 54, 55]);
p = array1d(1..12, [0, 0, 0, 25, 0, 47, 13, 23, 31, 7, 46, 29]);
----------
objective = 5010;
ocosts1 = array1d(1..12, [111, 113, 106, 101, 106, 106, 110, 112, 114, 105, 96, 112]);
ocosts2 = array1d(1..66, [57, 57, 57, 57, 57, 57, 57, 57, 57, 57, 56, 57, 57, 57, 57, 54, 57, 57, 57, 57, 57, 57, 57, 57, 52, 57, 57, 57, 57, 54, 57, 57, 56, 57, 57, 53, 57, 55, 54, 57, 57, 57, 55, 57, 55, 57, 56, 57, 57, 55, 55, 54, 55, 57, 54, 57, 57, 57, 57, 56, 57, 57, 57, 57, 55, 55]);
p = array1d(1..12, [0, 0, 0, 25, 0, 47, 13, 23, 31, 29, 46, 29]);
----------
objective = 5009;
ocosts1 = array1d(1..12, [111, 113, 106, 101, 106, 106, 110, 109, 114, 105, 96, 112]);
ocosts2 = array1d(1..66, [57, 57, 57, 57, 57, 57, 57, 57, 56, 57, 56, 57, 57, 57, 57, 54, 57, 57, 57, 57, 57, 57, 57, 57, 52, 57, 57, 57, 57, 54, 57, 57, 56, 57, 57, 55, 57, 56, 54, 57, 57, 57, 55, 57, 55, 57, 56, 57, 57, 55, 55, 54, 55, 57, 54, 57, 57, 57, 57, 56, 57, 57, 57, 57, 55, 55]);
p = array1d(1..12, [0, 0, 0, 25, 0, 47, 13, 23, 31, 29, 47, 29]);
----------
objective = 5008;
ocosts1 = array1d(1..12, [111, 114, 106, 101, 106, 106, 104, 109, 114, 105, 96, 112]);
ocosts2 = array1d(1..66, [57, 57, 57, 57, 57, 57, 57, 57, 56, 57, 57, 57, 57, 57, 57, 54, 57, 57, 57, 57, 57, 57, 57, 57, 52, 57, 57, 57, 57, 54, 57, 57, 56, 57, 57, 55, 57, 56, 54, 57, 57, 57, 55, 57, 56, 57, 57, 57, 57, 55, 55, 54, 55, 57, 54, 57, 57, 57, 57, 56, 57, 57, 57, 57, 56, 55]);
p = array1d(1..12, [0, 0, 0, 29, 0, 0, 13, 23, 31, 29, 47, 29]);
----------
objective = 5007;
ocosts1 = array1d(1..12, [111, 114, 106, 101, 106, 106, 104, 109, 114, 105, 96, 111]);
ocosts2 = array1d(1..66, [57, 57, 57, 57, 57, 57, 57, 57, 56, 57, 57, 57, 57, 57, 57, 54, 57, 57, 57, 57, 57, 57, 57, 57, 52, 57, 57, 57, 57, 54, 57, 57, 56, 57, 57, 55, 57, 56, 54, 57, 57, 57, 55, 57, 56, 57, 57, 57, 57, 55, 55, 54, 55, 57, 54, 57, 57, 57, 57, 56, 57, 57, 57, 57, 56, 55]);
p = array1d(1..12, [0, 0, 0, 29, 1, 0, 13, 23, 31, 29, 47, 29]);
----------
objective = 5006;
ocosts1 = array1d(1..12, [111, 113, 106, 101, 106, 106, 110, 112, 114, 103, 96, 112]);
ocosts2 = array1d(1..66, [57, 57, 57, 56, 57, 57, 56, 57, 57, 57, 56, 57, 57, 57, 57, 54, 57, 57, 57, 57, 57, 57, 57, 57, 52, 57, 57, 57, 57, 54, 57, 60, 56, 57, 57, 53, 57, 53, 54, 57, 57, 57, 55, 57, 55, 57, 56, 57, 57, 55, 55, 54, 55, 57, 54, 57, 57, 57, 56, 56, 57, 57, 57, 57, 55, 55]);
p = array1d(1..12, [0, 0, 6, 25, 0, 47, 13, 23, 31, 29, 46, 29]);
----------
objective = 5005;
ocosts1 = array1d(1..12, [111, 114, 106, 101, 106, 106, 104, 112, 114, 103, 96, 112]);
ocosts2 = array1d(1..66, [57, 57, 57, 56, 57, 57, 56, 57, 57, 57, 57, 57, 57, 57, 57, 54, 57, 57, 57, 57, 57, 57, 57, 57, 52, 57, 57, 57, 57, 54, 57, 60, 56, 57, 57, 53, 57, 53, 54, 57, 57, 57, 55, 57, 56, 57, 57, 57, 57, 55, 55, 54, 55, 57, 54, 57, 57, 57, 56, 56, 57, 57, 57, 57, 56, 55]);
p = array1d(1..12, [0, 0, 6, 29, 0, 0, 13, 23, 31, 29, 46, 29]);
----------
objective = 5004;
ocosts1 = array1d(1..12, [111, 114, 106, 101, 106, 106, 104, 112, 114, 103, 96, 111]);
ocosts2 = array1d(1..66, [57, 57, 57, 56, 57, 57, 56, 57, 57, 57, 57, 57, 57, 57, 57, 54, 57, 57, 57, 57, 57, 57, 57, 57, 52, 57, 57, 57, 57, 54, 57, 60, 56, 57, 57, 53, 57, 53, 54, 57, 57, 57, 55, 57, 56, 57, 57, 57, 57, 55, 55, 54, 55, 57, 54, 57, 57, 57, 56, 56, 57, 57, 57, 57, 56, 55]);
p = array1d(1..12, [0, 0, 6, 29, 1, 0, 13, 23, 31, 29, 46, 29]);
----------
objective = 5003;
ocosts1 = array1d(1..12, [111, 113, 106, 104, 106, 106, 112, 112, 114, 102, 96, 112]);
ocosts2 = array1d(1..66, [57, 57, 57, 55, 57, 57, 55, 57, 56, 57, 56, 57, 57, 57, 57, 54, 57, 57, 57, 57, 57, 57, 57, 57, 52, 57, 57, 57, 57, 54, 57, 56, 57, 57, 57, 53, 57, 53, 55, 57, 57, 57, 55, 57, 55, 57, 56, 56, 57, 56, 55, 54, 55, 57, 54, 57, 57, 57, 55, 56, 57, 57, 57, 57, 54, 55]);
p = array1d(1..12, [0, 0, 7, 0, 0, 47, 13, 23, 31, 7, 46, 29]);
----------
objective = 5002;
ocosts1 = array1d(1..12, [111, 113, 106, 101, 106, 106, 112, 112, 114, 102, 96, 112]);
ocosts2 = array1d(1..66, [57, 57, 57, 55, 57, 57, 55, 57, 57, 57, 56, 57, 57, 57, 57, 54, 57, 57, 57, 57, 57, 57, 57, 57, 52, 57, 57, 57, 57, 54, 57, 56, 56, 57, 57, 53, 57, 53, 55, 57, 57, 57, 55, 57, 55, 57, 56, 57, 57, 56, 55, 54, 55, 57, 54, 57, 57, 57, 55, 56, 57, 57, 57, 57, 55, 55]);
p = array1d(1..12, [0, 0, 7, 0, 0, 47, 13, 23, 31, 29, 46, 29]);
----------
objective = 5001;
ocosts1 = array1d(1..12, [111, 110, 106, 101, 106, 106, 112, 112, 114, 102, 96, 111]);
ocosts2 = array1d(1..66, [57, 57, 57, 55, 57, 57, 55, 57, 57, 57, 56, 57, 57, 57, 57, 54, 57, 57, 57, 57, 57, 57, 57, 57, 52, 57, 57, 57, 57, 54, 57, 56, 56, 57, 57, 53, 57, 53, 55, 57, 57, 57, 55, 57, 55, 57, 56, 57, 57, 57, 55, 54, 55, 57, 54, 57, 57, 57, 55, 57, 57, 57, 57, 57, 56, 55]);
p = array1d(1..12, [0, 0, 7, 1, 1, 24, 13, 23, 31, 29, 46, 29]);
----------
objective = 4999;
ocosts1 = array1d(1..12, [111, 113, 106, 104, 106, 106, 110, 112, 114, 102, 96, 112]);
ocosts2 = array1d(1..66, [57, 57, 57, 55, 57, 57, 55, 57, 56, 57, 56, 57, 57, 57, 57, 54, 57, 57, 57, 57, 57, 57, 57, 57, 52, 57, 57, 57, 57, 54, 57, 56, 57, 57, 57, 53, 57, 53, 54, 57, 57, 57, 55, 57, 55, 57, 56, 56, 57, 55, 55, 54, 55, 57, 54, 57, 57, 57, 55, 56, 57, 57, 57, 57, 54, 55]);
p = array1d(1..12, [0, 0, 7, 25, 0, 47, 13, 23, 31, 7, 46, 29]);
----------
objective = 4998;
ocosts1 = array1d(1..12, [111, 113, 106, 101, 106, 106, 110, 112, 114, 102, 96, 112]);
ocosts2 = array1d(1..66, [57, 57, 57, 55, 57, 57, 55, 57, 57, 57, 56, 57, 57, 57, 57, 54, 57, 57, 57, 57, 57, 57, 57, 57, 52, 57, 57, 57, 57, 54, 57, 56, 56, 57, 57, 53, 57, 53, 54, 57, 57, 57, 55, 57, 55, 57, 56, 57, 57, 55, 55, 54, 55, 57, 54, 57, 57, 57, 55, 56, 57, 57, 57, 57, 55, 55]);
p = array1d(1..12, [0, 0, 7, 25, 0, 47, 13, 23, 31, 29, 46, 29]);
----------
objective = 4997;
ocosts1 = array1d(1..12, [111, 114, 106, 101, 106, 106, 104, 112, 114, 102, 96, 112]);
ocosts2 = array1d(1..66, [57, 57, 57, 55, 57, 57, 55, 57, 57, 57, 57, 57, 57, 57, 57, 54, 57, 57, 57, 57, 57, 57, 57, 57, 52, 57, 57, 57, 57, 54, 57, 56, 56, 57, 57, 53, 57, 53, 54, 57, 57, 57, 55, 57, 56, 57, 57, 57, 57, 55, 55, 54, 55, 57, 54, 57, 57, 57, 55, 56, 57, 57, 57, 57, 56, 55]);
p = array1d(1..12, [0, 0, 7, 29, 0, 0, 13, 23, 31, 29, 46, 29]);
----------
objective = 4996;
ocosts1 = array1d(1..12, [111, 114, 106, 101, 106, 106, 104, 112, 114, 102, 96, 111]);
ocosts2 = array1d(1..66, [57, 57, 57, 55, 57, 57, 55, 57, 57, 57, 57, 57, 57, 57, 57, 54, 57, 57, 57, 57, 57, 57, 57, 57, 52, 57, 57, 57, 57, 54, 57, 56, 56, 57, 57, 53, 57, 53, 54, 57, 57, 57, 55, 57, 56, 57, 57, 57, 57, 55, 55, 54, 55, 57, 54, 57, 57, 57, 55, 56, 57, 57, 57, 57, 56, 55]);
p = array1d(1..12, [0, 0, 7, 29, 1, 0, 13, 23, 31, 29, 46, 29]);
----------
objective = 4995;
ocosts1 = array1d(1..12, [111, 111, 106, 101, 106, 106, 104, 107, 116, 102, 96, 112]);
ocosts2 = array1d(1..66, [57, 57, 57, 55, 57, 57, 55, 57, 55, 57, 59, 57, 57, 57, 57, 53, 57, 57, 55, 57, 57, 57, 57, 57, 62, 57, 57, 57, 57, 54, 57, 57, 56, 57, 57, 53, 57, 55, 54, 57, 57, 57, 54, 57, 56, 57, 56, 57, 57, 53, 55, 54, 56, 57, 54, 57, 57, 57, 55, 56, 57, 57, 57, 57, 53, 55]);
p = array1d(1..12, [0, 1, 7, 29, 0, 11, 8, 23, 31, 29, 7, 29]);
----------
objective = 4993;
ocosts1 = array1d(1..12, [111, 111, 106, 106, 106, 106, 104, 112, 114, 102, 96, 112]);
ocosts2 = array1d(1..66, [57, 57, 57, 55, 57, 57, 55, 57, 56, 57, 59, 57, 57, 57, 57, 54, 57, 57, 57, 57, 57, 57, 57, 57, 52, 57, 57, 57, 57, 54, 57, 57, 56, 57, 57, 53, 57, 53, 54, 57, 57, 57, 55, 57, 56, 57, 56, 56, 57, 53, 55, 54, 56, 57, 54, 57, 57, 57, 55, 56, 57, 57, 57, 57, 52, 54]);
p = array1d(1..12, [0, 1, 7, 29, 0, 11, 13, 23, 31, 6, 46, 29]);
----------
objective = 4992;
ocosts1 = array1d(1..12, [111, 111, 106, 104, 106, 106, 104, 112, 114, 102, 96, 112]);
ocosts2 = array1d(1..66, [57, 57, 57, 55, 57, 57, 55, 57, 56, 57, 59, 57, 57, 57, 57, 54, 57, 57, 57, 57, 57, 57, 57, 57, 52, 57, 57, 57, 57, 54, 57, 57, 57, 57, 57, 53, 57, 53, 54, 57, 57, 57, 55, 57, 56, 57, 56, 56, 57, 53, 55, 54, 56, 57, 54, 57, 57, 57, 55, 56, 57, 57, 57, 57, 52, 54]);
p = array1d(1..12, [0, 1, 7, 29, 0, 11, 13, 23, 31, 7, 46, 29]);
----------
objective = 4991;
ocosts1 = array1d(1..12, [111, 111, 106, 101, 106, 106, 104, 112, 114, 102, 96, 112]);
ocosts2 = array1d(1..66, [57, 57, 57, 55, 57, 57, 55, 57, 57, 57, 59, 57, 57, 57, 57, 54, 57, 57, 57, 57, 57, 57, 57, 57, 52, 57, 57, 57, 57, 54, 57, 57, 56, 57, 57, 53, 57, 53, 54, 57, 57, 57, 55, 57, 56, 57, 56, 57, 57, 53, 55, 54, 56, 57, 54, 57, 57, 57, 55, 56, 57, 57, 57, 57, 53, 54]);
p = array1d(1..12, [0, 1, 7, 29, 0, 11, 13, 23, 31, 29, 46, 29]);
----------
objective = 4990;
ocosts1 = array1d(1..12, [111, 111, 106, 101, 106, 106, 104, 109, 114, 102, 96, 112]);
ocosts2 = array1d(1..66, [57, 57, 57, 55, 57, 57, 55, 57, 56, 57, 59, 57, 57, 57, 57, 54, 57, 57, 56, 57, 57, 57, 57, 57, 52, 57, 57, 57, 57, 54, 57, 57, 56, 57, 57, 55, 57, 55, 54, 57, 57, 57, 55, 57, 56, 57, 56, 57, 57, 53, 55, 54, 56, 57, 54, 57, 57, 57, 55, 56, 57, 57, 57, 57, 53, 54]);
p = array1d(1..12, [0, 1, 7, 29, 0, 11, 13, 23, 31, 29, 47, 29]);
----------
objective = 4989;
ocosts1 = array1d(1..12, [111, 111, 106, 101, 106, 106, 104, 109, 114, 102, 96, 111]);
ocosts2 = array1d(1..66, [57, 57, 57, 55, 57, 57, 55, 57, 56, 57, 59, 57, 57, 57, 57, 54, 57, 57, 56, 57, 57, 57, 57, 57, 52, 57, 57, 57, 57, 54, 57, 57, 56, 57, 57, 55, 57, 55, 54, 57, 57, 57, 55, 57, 56, 57, 56, 57, 57, 53, 55, 54, 56, 57, 54, 57, 57, 57, 55, 56, 57, 57, 57, 57, 53, 54]);
p = array1d(1..12, [0, 1, 7, 29, 1, 11, 13, 23, 31, 29, 47, 29]);
----------
objective = 4988;
ocosts1 = array1d(1..12, [111, 113, 106, 104, 106, 103, 112, 112, 114, 102, 96, 112]);
ocosts2 = array1d(1..66, [57, 57, 57, 55, 54, 57, 55, 57, 56, 57, 53, 57, 57, 57, 57, 54, 57, 57, 57, 57, 57, 57, 57, 57, 52, 57, 57, 57, 57, 54, 54, 54, 57, 57, 57, 53, 57, 53, 55, 57, 57, 57, 55, 57, 55, 57, 56, 56, 57, 56, 55, 54, 54, 57, 54, 57, 57, 57, 55, 56, 57, 57, 57, 57, 54, 55]);
p = array1d(1..12, [0, 10, 7, 0, 0, 47, 13, 23, 31, 7, 46, 29]);
----------
objective = 4987;
ocosts1 = array1d(1..12, [111, 113, 106, 101, 106, 103, 112, 112, 114, 102, 96, 112]);
ocosts2 = array1d(1..66, [57, 57, 57, 55, 54, 57, 55, 57, 57, 57, 53, 57, 57, 57, 57, 54, 57, 57, 57, 57, 57, 57, 57, 57, 52, 57, 57, 57, 57, 54, 54, 54, 56, 57, 57, 53, 57, 53, 55, 57, 57, 57, 55, 57, 55, 57, 56, 57, 57, 56, 55, 54, 54, 57, 54, 57, 57, 57, 55, 56, 57, 57, 57, 57, 55, 55]);
p = array1d(1..12, [0, 10, 7, 0, 0, 47, 13, 23, 31, 29, 46, 29]);
----------
objective = 4986;
ocosts1 = array1d(1..12, [111, 113, 106, 106, 106, 103, 110, 112, 114, 102, 96, 112]);
ocosts2 = array1d(1..66, [57, 57, 57, 55, 54, 57, 55, 57, 56, 57, 53, 57, 57, 57, 57, 54, 57, 57, 57, 57, 57, 57, 57, 57, 52, 57, 57, 57, 57, 54, 54, 54, 56, 57, 57, 53, 57, 53, 54, 57, 57, 57, 55, 57, 55, 57, 56, 56, 57, 55, 55, 54, 54, 57, 54, 57, 57, 57, 55, 56, 57, 57, 57, 57, 55, 55]);
p = array1d(1..12, [0, 10, 7, 25, 0, 47, 13, 23, 31, 6, 46, 29]);
----------
objective = 4984;
ocosts1 = array1d(1..12, [111, 113, 106, 104, 106, 103, 110, 112, 114, 102, 96, 112]);
ocosts2 = array1d(1..66, [57, 57, 57, 55, 54, 57, 55, 57, 56, 57, 53, 57, 57, 57, 57, 54, 57, 57, 57, 57, 57, 57, 57, 57, 52, 57, 57, 57, 57, 54, 54, 54, 57, 57, 57, 53, 57, 53, 54, 57, 57, 57, 55, 57, 55, 57, 56, 56, 57, 55, 55, 54, 54, 57, 54, 57, 57, 57, 55, 56, 57, 57, 57, 57, 54, 55]);
p = array1d(1..12, [0, 10, 7, 25, 0, 47, 13, 23, 31, 7, 46, 29]);
----------
objective = 4983;
ocosts1 = array1d(1..12, [111, 113, 106, 101, 106, 103, 110, 112, 114, 102, 96, 112]);
ocosts2 = array1d(1..66, [57, 57, 57, 55, 54, 57, 55, 57, 57, 57, 53, 57, 57, 57, 57, 54, 57, 57, 57, 57, 57, 57, 57, 57, 52, 57, 57, 57, 57, 54, 54, 54, 56, 57, 57, 53, 57, 53, 54, 57, 57, 57, 55, 57, 55, 57, 56, 57, 57, 55, 55, 54, 54, 57, 54, 57, 57, 57, 55, 56, 57, 57, 57, 57, 55, 55]);
p = array1d(1..12, [0, 10, 7, 25, 0, 47, 13, 23, 31, 29, 46, 29]);
----------
objective = 4982;
ocosts1 = array1d(1..12, [111, 114, 106, 101, 106, 103, 104, 112, 114, 102, 96, 111]);
ocosts2 = array1d(1..66, [57, 57, 57, 55, 54, 57, 55, 57, 57, 57, 56, 56, 57, 57, 57, 54, 57, 57, 57, 57, 57, 57, 57, 57, 52, 57, 57, 57, 57, 54, 54, 54, 56, 57, 57, 53, 57, 53, 54, 57, 57, 57, 55, 57, 56, 57, 57, 57, 57, 55, 55, 54, 54, 57, 54, 57, 57, 57, 55, 56, 57, 57, 57, 57, 56, 55]);
p = array1d(1..12, [0, 10, 7, 29, 1, 0, 13, 23, 31, 29, 46, 29]);
----------
objective = 4981;
ocosts1 = array1d(1..12, [113, 113, 106, 101, 106, 103, 110, 112, 114, 102, 96, 112]);
ocosts2 = array1d(1..66, [57, 57, 57, 55, 54, 57, 55, 57, 57, 57, 53, 57, 57, 57, 57, 54, 56, 57, 57, 57, 57, 57, 57, 57, 52, 57, 57, 57, 57, 54, 54, 54, 53, 57, 57, 53, 57, 53, 54, 57, 57, 57, 55, 57, 55, 57, 56, 57, 57, 55, 55, 54, 54, 57, 54, 57, 57, 57, 55, 56, 57, 57, 57, 57, 55, 55]);
p = array1d(1..12, [4, 10, 7, 25, 0, 47, 13, 23, 31, 30, 46, 29]);
----------
objective = 4979;
ocosts1 = array1d(1..12, [113, 114, 106, 101, 106, 103, 104, 112, 114, 102, 96, 112]);
ocosts2 = array1d(1..66, [57, 57, 57, 55, 54, 57, 55, 57, 57, 57, 56, 56, 57, 57, 57, 54, 56, 57, 57, 57, 57, 57, 57, 57, 52, 57, 57, 57, 57, 54, 54, 54, 53, 57, 57, 53, 57, 53, 53, 57, 57, 57, 55, 57, 56, 57, 56, 57, 57, 55, 55, 54, 54, 57, 54, 57, 57, 57, 55, 56, 57, 57, 57, 57, 56, 55]);
p = array1d(1..12, [4, 10, 7, 29, 0, 0, 13, 23, 31, 30, 46, 29]);
----------
objective = 4978;
ocosts1 = array1d(1..12, [108, 113, 106, 104, 106, 103, 110, 112, 114, 102, 96, 111]);
ocosts2 = array1d(1..66, [57, 57, 57, 55, 54, 57, 55, 57, 56, 57, 53, 57, 57, 57, 57, 54, 56, 57, 57, 57, 57, 57, 57, 57, 52, 57, 57, 57, 57, 54, 54, 54, 56, 57, 57, 53, 57, 53, 54, 57, 57, 57, 55, 57, 56, 57, 55, 56, 57, 55, 55, 54, 54, 57, 54, 57, 57, 57, 55, 56, 57, 57, 57, 57, 54, 55]);
p = array1d(1..12, [6, 10, 7, 25, 1, 47, 13, 23, 31, 7, 46, 29]);
----------
objective = 4977;
ocosts1 = array1d(1..12, [108, 113, 106, 101, 106, 103, 110, 112, 114, 102, 96, 111]);
ocosts2 = array1d(1..66, [57, 57, 57, 55, 54, 57, 55, 57, 57, 57, 53, 57, 57, 57, 57, 54, 56, 57, 57, 57, 57, 57, 57, 57, 52, 57, 57, 57, 57, 54, 54, 54, 55, 57, 57, 53, 57, 53, 54, 57, 57, 57, 55, 57, 56, 57, 55, 57, 57, 55, 55, 54, 54, 57, 54, 57, 57, 57, 55, 56, 57, 57, 57, 57, 55, 55]);
p = array1d(1..12, [6, 10, 7, 25, 1, 47, 13, 23, 31, 30, 46, 29]);
----------
objective = 4975;
ocosts1 = array1d(1..12, [108, 114, 106, 101, 106, 103, 104, 112, 114, 102, 96, 111]);
ocosts2 = array1d(1..66, [57, 57, 57, 55, 54, 57, 55, 57, 57, 57, 56, 56, 57, 57, 57, 54, 56, 57, 57, 57, 57, 57, 57, 57, 52, 57, 57, 57, 57, 54, 54, 54, 55, 57, 57, 53, 57, 53, 53, 57, 57, 57, 55, 57, 56, 57, 56, 57, 57, 55, 55, 54, 54, 57, 54, 57, 57, 57, 55, 56, 57, 57, 57, 57, 56, 55]);
p = array1d(1..12, [6, 10, 7, 29, 1, 0, 13, 23, 31, 30, 46, 29]);
----------
==========
