mznc2019_probs/accap/accap_instance6.dzn
D = 29;
S = array1d(1..5, [18, 28, 24, 22, 27]);
objective = 148;
yCoor = array1d(1..85, [1, 14, 6, 1, 1, 15, 17, 18, 6, 16, 12, 20, 11, 9, 6, 6, 25, 1, 10, 1, 6, 6, 11, 24, 8, 11, 6, 6, 18, 1, 6, 10, 6, 1, 19, 5, 1, 25, 15, 16, 1, 6, 8, 1, 1, 14, 12, 9, 10, 1, 6, 1, 1, 10, 20, 6, 1, 10, 1, 3, 6, 14, 6, 19, 9, 7, 5, 18, 22, 22, 16, 6, 6, 29, 6, 15, 1, 5, 11, 1, 11, 15, 1, 11, 5]);
----------
D = 33;
S = array1d(1..5, [10, 20, 12, 32, 21]);
objective = 128;
yCoor = array1d(1..85, [1, 10, 7, 14, 8, 17, 17, 1, 6, 16, 15, 21, 10, 12, 11, 3, 13, 2, 15, 11, 2, 9, 20, 19, 8, 19, 6, 1, 13, 2, 2, 11, 1, 1, 19, 5, 1, 1, 1, 17, 5, 8, 10, 1, 1, 17, 13, 5, 9, 1, 1, 24, 8, 10, 8, 6, 7, 10, 4, 7, 1, 14, 7, 20, 12, 1, 5, 1, 23, 23, 6, 7, 29, 5, 7, 1, 1, 5, 6, 6, 12, 3, 1, 20, 5]);
----------
D = 33;
S = array1d(1..5, [10, 20, 12, 31, 21]);
objective = 127;
yCoor = array1d(1..85, [1, 10, 7, 14, 8, 17, 17, 1, 6, 16, 15, 21, 10, 12, 11, 3, 13, 2, 15, 11, 2, 9, 20, 19, 12, 19, 6, 1, 13, 2, 2, 11, 1, 1, 19, 5, 1, 1, 1, 17, 5, 8, 10, 1, 1, 17, 13, 5, 9, 2, 1, 24, 8, 10, 8, 6, 7, 10, 4, 7, 1, 14, 7, 20, 12, 1, 5, 1, 23, 23, 6, 7, 29, 5, 7, 1, 2, 6, 6, 6, 12, 3, 1, 20, 5]);
----------
D = 33;
S = array1d(1..5, [10, 20, 12, 30, 21]);
objective = 126;
yCoor = array1d(1..85, [1, 10, 7, 14, 8, 17, 17, 1, 6, 16, 15, 21, 10, 12, 11, 3, 13, 2, 15, 11, 3, 9, 20, 19, 12, 19, 6, 1, 13, 2, 2, 11, 1, 1, 19, 5, 1, 1, 1, 17, 5, 8, 10, 1, 1, 17, 13, 5, 9, 3, 1, 24, 8, 10, 8, 6, 7, 10, 4, 7, 1, 14, 7, 20, 12, 1, 5, 1, 23, 23, 6, 7, 29, 5, 7, 1, 3, 7, 6, 6, 12, 3, 1, 20, 5]);
----------
D = 33;
S = array1d(1..5, [10, 20, 12, 29, 21]);
objective = 125;
yCoor = array1d(1..85, [1, 10, 7, 14, 8, 17, 17, 1, 6, 16, 15, 21, 10, 12, 11, 3, 13, 2, 15, 11, 4, 9, 20, 19, 8, 19, 6, 1, 13, 2, 2, 11, 1, 1, 19, 5, 1, 1, 1, 17, 5, 8, 10, 1, 1, 17, 13, 5, 9, 4, 1, 24, 8, 10, 8, 6, 7, 10, 4, 7, 1, 14, 7, 20, 12, 1, 5, 1, 23, 23, 6, 7, 29, 5, 7, 1, 4, 12, 6, 6, 12, 3, 1, 20, 5]);
----------
D = 28;
S = array1d(1..5, [10, 20, 12, 27, 21]);
objective = 118;
yCoor = array1d(1..85, [1, 10, 7, 14, 8, 17, 17, 1, 6, 16, 15, 21, 10, 12, 11, 3, 13, 2, 15, 11, 2, 9, 20, 19, 8, 19, 6, 1, 13, 2, 2, 11, 1, 1, 19, 5, 1, 1, 1, 17, 5, 8, 10, 1, 1, 17, 13, 5, 9, 1, 1, 24, 8, 10, 8, 6, 7, 10, 4, 7, 1, 14, 7, 20, 12, 1, 5, 1, 23, 23, 6, 7, 1, 6, 7, 1, 1, 5, 6, 6, 12, 3, 1, 20, 5]);
----------
D = 28;
S = array1d(1..5, [10, 20, 12, 26, 21]);
objective = 117;
yCoor = array1d(1..85, [1, 10, 7, 14, 8, 17, 17, 1, 6, 16, 15, 21, 10, 12, 11, 3, 13, 2, 15, 11, 2, 9, 20, 19, 12, 19, 6, 1, 13, 2, 2, 11, 1, 1, 19, 5, 1, 1, 1, 17, 5, 8, 10, 1, 1, 17, 13, 5, 9, 2, 1, 24, 8, 10, 8, 6, 7, 10, 4, 7, 1, 14, 7, 20, 12, 1, 5, 1, 23, 23, 6, 7, 2, 7, 7, 1, 2, 6, 6, 6, 12, 3, 1, 20, 5]);
----------
D = 28;
S = array1d(1..5, [10, 20, 12, 25, 21]);
objective = 116;
yCoor = array1d(1..85, [1, 10, 7, 14, 8, 17, 17, 1, 6, 16, 15, 21, 10, 12, 11, 3, 13, 2, 15, 11, 3, 9, 20, 19, 12, 19, 6, 1, 13, 2, 3, 11, 1, 1, 19, 5, 1, 1, 1, 17, 5, 8, 10, 1, 1, 17, 13, 5, 9, 3, 1, 24, 8, 10, 8, 6, 7, 10, 4, 7, 1, 14, 7, 20, 12, 1, 5, 1, 23, 23, 6, 7, 3, 2, 7, 1, 3, 7, 6, 6, 12, 3, 1, 20, 5]);
----------
D = 28;
S = array1d(1..5, [10, 20, 12, 25, 20]);
objective = 115;
yCoor = array1d(1..85, [1, 10, 7, 14, 8, 17, 17, 1, 7, 16, 15, 21, 10, 12, 11, 3, 13, 2, 15, 11, 3, 9, 20, 19, 12, 19, 6, 1, 13, 2, 3, 11, 1, 1, 19, 6, 1, 1, 1, 17, 5, 8, 10, 1, 2, 17, 13, 5, 10, 3, 1, 24, 8, 10, 8, 6, 7, 10, 4, 7, 1, 14, 7, 20, 12, 1, 5, 1, 23, 23, 6, 7, 3, 2, 7, 1, 3, 7, 6, 6, 12, 3, 2, 20, 6]);
----------
D = 28;
S = array1d(1..5, [10, 20, 12, 25, 19]);
objective = 114;
yCoor = array1d(1..85, [1, 10, 7, 14, 8, 17, 17, 1, 12, 16, 15, 21, 10, 15, 11, 3, 13, 2, 15, 11, 3, 9, 25, 19, 12, 19, 6, 1, 6, 10, 3, 11, 1, 1, 19, 7, 1, 1, 1, 17, 5, 8, 10, 1, 3, 17, 16, 5, 8, 3, 1, 20, 8, 10, 8, 6, 7, 10, 4, 7, 1, 14, 7, 20, 12, 1, 5, 1, 23, 23, 6, 7, 3, 2, 15, 1, 3, 7, 6, 6, 12, 3, 3, 20, 7]);
----------
D = 28;
S = array1d(1..5, [10, 20, 12, 25, 18]);
objective = 113;
yCoor = array1d(1..85, [1, 10, 7, 14, 8, 17, 17, 1, 2, 16, 15, 21, 10, 15, 11, 3, 13, 2, 15, 11, 3, 9, 25, 19, 12, 19, 6, 1, 15, 10, 4, 11, 1, 1, 19, 8, 1, 1, 1, 17, 5, 8, 3, 1, 4, 17, 16, 5, 5, 3, 1, 20, 8, 10, 8, 6, 7, 10, 4, 7, 1, 14, 7, 20, 12, 1, 5, 1, 23, 23, 6, 7, 3, 2, 3, 1, 3, 7, 6, 6, 12, 3, 10, 20, 8]);
----------
D = 28;
S = array1d(1..5, [10, 20, 12, 25, 17]);
objective = 112;
yCoor = array1d(1..85, [1, 10, 7, 14, 8, 17, 17, 1, 2, 16, 15, 21, 10, 15, 11, 3, 13, 2, 15, 11, 3, 9, 25, 19, 12, 19, 6, 1, 3, 10, 5, 11, 1, 1, 19, 3, 1, 1, 1, 17, 5, 8, 3, 1, 5, 17, 16, 5, 5, 3, 1, 20, 8, 10, 8, 6, 7, 10, 4, 7, 1, 14, 7, 20, 12, 1, 5, 1, 23, 23, 6, 7, 3, 2, 5, 1, 3, 7, 6, 6, 12, 3, 10, 20, 9]);
----------
D = 33;
S = array1d(1..5, [10, 20, 12, 16, 20]);
objective = 111;
yCoor = array1d(1..85, [1, 10, 7, 14, 20, 17, 17, 1, 12, 16, 21, 21, 10, 21, 11, 3, 13, 2, 15, 11, 21, 9, 30, 19, 26, 19, 6, 1, 25, 2, 2, 11, 1, 1, 19, 17, 1, 1, 1, 17, 5, 2, 22, 1, 2, 23, 23, 5, 17, 19, 1, 20, 8, 10, 8, 6, 7, 10, 17, 7, 1, 14, 7, 20, 12, 1, 5, 1, 23, 23, 6, 7, 25, 5, 17, 1, 17, 23, 6, 17, 12, 3, 4, 25, 6]);
----------
D = 33;
S = array1d(1..5, [10, 19, 12, 16, 20]);
objective = 110;
yCoor = array1d(1..85, [1, 10, 2, 14, 20, 17, 17, 1, 12, 16, 21, 21, 10, 21, 11, 3, 13, 3, 15, 11, 21, 9, 30, 19, 26, 19, 6, 1, 25, 2, 2, 11, 1, 1, 19, 17, 1, 1, 1, 17, 5, 2, 22, 1, 2, 23, 23, 5, 17, 19, 1, 20, 8, 10, 8, 6, 7, 10, 17, 7, 1, 14, 7, 20, 12, 1, 5, 1, 23, 23, 6, 7, 25, 5, 17, 1, 17, 23, 6, 17, 12, 3, 4, 25, 6]);
----------
D = 33;
S = array1d(1..5, [10, 19, 12, 16, 19]);
objective = 109;
yCoor = array1d(1..85, [1, 10, 8, 14, 20, 17, 17, 1, 12, 16, 21, 21, 10, 21, 11, 3, 13, 3, 15, 11, 21, 9, 30, 19, 26, 19, 6, 1, 25, 10, 3, 11, 1, 1, 19, 17, 1, 1, 1, 17, 5, 3, 22, 1, 3, 23, 23, 5, 17, 19, 1, 20, 8, 10, 8, 6, 7, 10, 17, 7, 1, 14, 7, 20, 12, 1, 5, 1, 23, 23, 6, 7, 25, 6, 17, 1, 17, 23, 6, 17, 12, 3, 5, 25, 7]);
----------
D = 33;
S = array1d(1..5, [10, 19, 12, 16, 18]);
objective = 108;
yCoor = array1d(1..85, [1, 10, 8, 14, 20, 17, 17, 1, 3, 16, 21, 21, 10, 21, 11, 3, 13, 3, 15, 11, 21, 9, 30, 19, 26, 19, 6, 1, 25, 10, 4, 11, 1, 1, 19, 17, 1, 1, 1, 17, 5, 4, 22, 1, 4, 23, 23, 5, 17, 19, 1, 20, 8, 10, 8, 6, 7, 10, 17, 7, 1, 14, 7, 20, 12, 1, 5, 1, 23, 23, 6, 7, 25, 3, 17, 1, 17, 23, 6, 17, 12, 3, 6, 25, 8]);
----------
D = 33;
S = array1d(1..5, [10, 19, 12, 16, 17]);
objective = 107;
yCoor = array1d(1..85, [1, 10, 5, 14, 20, 17, 17, 1, 3, 16, 21, 21, 10, 21, 16, 3, 13, 11, 5, 11, 21, 9, 30, 19, 26, 19, 6, 1, 25, 10, 5, 11, 1, 1, 19, 17, 1, 1, 1, 17, 5, 5, 22, 1, 5, 23, 23, 5, 17, 19, 1, 20, 8, 10, 8, 6, 7, 10, 17, 7, 1, 14, 7, 20, 12, 1, 5, 1, 23, 23, 6, 7, 25, 3, 17, 1, 17, 23, 6, 17, 12, 3, 7, 25, 9]);
----------
D = 31;
S = array1d(1..5, [10, 17, 12, 15, 21]);
objective = 106;
yCoor = array1d(1..85, [1, 10, 2, 14, 22, 15, 17, 1, 5, 16, 20, 21, 10, 20, 11, 5, 1, 5, 15, 11, 19, 9, 23, 19, 26, 19, 6, 1, 27, 2, 5, 11, 1, 1, 19, 16, 1, 1, 1, 17, 5, 1, 21, 1, 1, 22, 22, 5, 16, 19, 1, 18, 3, 10, 10, 6, 7, 10, 16, 7, 1, 14, 7, 20, 12, 1, 5, 1, 23, 23, 6, 7, 27, 8, 16, 1, 16, 23, 6, 20, 12, 3, 8, 18, 5]);
----------
D = 31;
S = array1d(1..5, [10, 17, 12, 14, 21]);
objective = 105;
yCoor = array1d(1..85, [1, 10, 2, 14, 22, 15, 17, 1, 5, 16, 21, 21, 10, 21, 11, 5, 1, 5, 15, 11, 21, 9, 23, 19, 26, 19, 6, 1, 27, 2, 5, 11, 1, 1, 19, 17, 1, 1, 1, 17, 5, 1, 22, 1, 1, 23, 23, 5, 17, 19, 1, 18, 3, 10, 10, 6, 7, 10, 17, 7, 1, 14, 7, 20, 12, 1, 5, 1, 23, 23, 6, 7, 27, 8, 17, 1, 17, 23, 6, 17, 12, 3, 8, 18, 5]);
----------
D = 27;
S = array1d(1..5, [10, 15, 12, 19, 21]);
objective = 104;
yCoor = array1d(1..85, [1, 16, 2, 14, 13, 5, 17, 1, 7, 16, 15, 21, 10, 12, 12, 8, 1, 7, 2, 11, 19, 9, 8, 19, 8, 19, 6, 1, 15, 2, 12, 11, 1, 1, 19, 8, 1, 1, 1, 17, 5, 6, 14, 1, 1, 17, 13, 5, 10, 12, 1, 23, 3, 10, 17, 6, 7, 10, 8, 7, 1, 14, 7, 20, 12, 1, 7, 1, 23, 23, 6, 7, 12, 22, 17, 1, 9, 19, 6, 8, 12, 3, 1, 22, 5]);
----------
D = 27;
S = array1d(1..5, [10, 15, 12, 18, 21]);
objective = 103;
yCoor = array1d(1..85, [1, 16, 2, 14, 13, 5, 17, 1, 7, 16, 19, 21, 10, 12, 12, 8, 1, 7, 2, 11, 19, 9, 9, 19, 22, 19, 6, 1, 16, 2, 13, 11, 1, 1, 19, 11, 1, 1, 1, 17, 5, 6, 9, 1, 1, 21, 13, 5, 10, 12, 1, 23, 3, 10, 18, 6, 7, 10, 15, 7, 1, 14, 7, 20, 12, 1, 7, 1, 23, 23, 6, 7, 13, 8, 18, 1, 9, 19, 6, 9, 12, 3, 1, 23, 5]);
----------
D = 28;
S = array1d(1..5, [10, 16, 12, 16, 20]);
objective = 102;
yCoor = array1d(1..85, [1, 15, 2, 14, 19, 16, 17, 1, 6, 16, 19, 21, 10, 14, 11, 11, 2, 6, 2, 11, 19, 9, 12, 19, 22, 19, 6, 1, 22, 2, 19, 11, 1, 1, 19, 12, 1, 1, 1, 17, 5, 2, 19, 1, 2, 21, 20, 5, 15, 12, 1, 24, 3, 10, 6, 6, 7, 10, 15, 7, 1, 14, 7, 20, 12, 1, 6, 1, 23, 23, 6, 7, 19, 11, 16, 1, 12, 19, 6, 12, 12, 3, 9, 24, 6]);
----------
D = 27;
S = array1d(1..5, [10, 17, 12, 14, 21]);
objective = 101;
yCoor = array1d(1..85, [1, 18, 2, 14, 18, 10, 17, 1, 6, 16, 19, 21, 10, 13, 10, 13, 1, 5, 14, 11, 19, 9, 13, 19, 22, 19, 6, 1, 20, 2, 17, 11, 1, 1, 19, 13, 1, 1, 1, 17, 5, 6, 14, 1, 1, 21, 19, 5, 14, 13, 1, 23, 3, 10, 5, 6, 7, 10, 15, 7, 1, 14, 7, 20, 12, 1, 5, 1, 23, 23, 6, 7, 17, 22, 22, 1, 13, 19, 6, 13, 12, 3, 1, 23, 5]);
----------
D = 27;
S = array1d(1..5, [10, 16, 12, 14, 21]);
objective = 100;
yCoor = array1d(1..85, [1, 15, 2, 14, 18, 5, 17, 1, 6, 16, 19, 21, 10, 13, 11, 13, 1, 6, 2, 11, 19, 9, 13, 19, 22, 19, 6, 1, 20, 2, 17, 11, 1, 1, 19, 13, 1, 1, 1, 17, 5, 6, 14, 1, 1, 21, 19, 5, 14, 13, 1, 23, 3, 10, 8, 6, 7, 10, 15, 7, 1, 14, 7, 20, 12, 1, 6, 1, 23, 23, 6, 7, 17, 22, 22, 1, 13, 19, 6, 13, 12, 3, 1, 23, 5]);
----------
D = 27;
S = array1d(1..5, [10, 15, 12, 14, 21]);
objective = 99;
yCoor = array1d(1..85, [1, 16, 2, 14, 18, 5, 17, 1, 7, 16, 19, 21, 10, 13, 12, 13, 1, 7, 2, 11, 19, 9, 13, 19, 22, 19, 6, 1, 20, 2, 17, 11, 1, 1, 19, 13, 1, 1, 1, 17, 5, 6, 14, 1, 1, 21, 19, 5, 14, 13, 1, 23, 3, 10, 8, 6, 7, 10, 15, 7, 1, 14, 7, 20, 12, 1, 7, 1, 23, 23, 6, 7, 17, 22, 22, 1, 13, 19, 6, 13, 12, 3, 1, 23, 5]);
----------
D = 27;
S = array1d(1..5, [10, 15, 12, 13, 21]);
objective = 98;
yCoor = array1d(1..85, [1, 16, 2, 14, 18, 5, 17, 1, 7, 16, 19, 21, 10, 14, 12, 13, 1, 7, 2, 11, 19, 9, 14, 19, 23, 19, 6, 1, 21, 2, 18, 11, 1, 1, 19, 14, 1, 1, 1, 17, 5, 6, 19, 1, 1, 21, 20, 5, 15, 19, 1, 23, 3, 10, 8, 6, 7, 10, 15, 7, 1, 14, 7, 20, 12, 1, 7, 1, 23, 23, 6, 7, 18, 13, 23, 1, 14, 14, 6, 14, 12, 3, 1, 23, 5]);
----------
D = 28;
S = array1d(1..5, [10, 20, 12, 13, 14]);
objective = 97;
yCoor = array1d(1..85, [1, 7, 8, 14, 20, 12, 17, 1, 2, 16, 19, 21, 13, 19, 12, 15, 8, 2, 8, 11, 19, 9, 25, 19, 15, 19, 6, 1, 23, 8, 20, 5, 1, 1, 19, 15, 1, 1, 1, 17, 8, 13, 20, 1, 8, 21, 21, 5, 15, 19, 1, 15, 8, 10, 2, 6, 7, 10, 15, 7, 1, 14, 13, 20, 12, 1, 5, 1, 23, 23, 6, 7, 20, 7, 15, 1, 15, 23, 6, 15, 12, 3, 8, 25, 12]);
----------
D = 29;
S = array1d(1..5, [10, 19, 12, 13, 13]);
objective = 96;
yCoor = array1d(1..85, [1, 7, 13, 14, 21, 9, 17, 1, 3, 16, 20, 21, 14, 20, 3, 16, 12, 8, 13, 11, 19, 9, 26, 19, 26, 19, 6, 1, 19, 12, 16, 5, 1, 1, 19, 16, 1, 1, 1, 17, 9, 14, 21, 1, 9, 22, 22, 5, 16, 19, 1, 21, 14, 10, 3, 6, 7, 10, 16, 7, 1, 14, 9, 20, 12, 1, 5, 1, 23, 23, 6, 7, 16, 8, 21, 1, 16, 23, 6, 20, 12, 3, 9, 26, 13]);
----------
D = 29;
S = array1d(1..5, [10, 12, 12, 13, 19]);
objective = 95;
yCoor = array1d(1..85, [1, 10, 3, 14, 20, 7, 17, 1, 12, 16, 20, 21, 11, 20, 16, 15, 3, 11, 3, 11, 19, 9, 26, 19, 26, 19, 6, 1, 19, 10, 16, 10, 1, 1, 19, 16, 1, 1, 1, 17, 5, 3, 21, 1, 3, 22, 22, 5, 16, 19, 1, 21, 3, 10, 10, 6, 10, 10, 16, 7, 1, 14, 7, 20, 7, 1, 10, 1, 23, 23, 6, 7, 16, 15, 21, 1, 16, 23, 6, 20, 12, 3, 5, 25, 7]);
----------
D = 30;
S = array1d(1..5, [10, 11, 12, 13, 18]);
objective = 94;
yCoor = array1d(1..85, [1, 11, 4, 14, 21, 8, 17, 1, 12, 16, 21, 21, 10, 21, 17, 16, 4, 12, 4, 11, 21, 9, 27, 19, 26, 19, 6, 1, 20, 10, 17, 11, 1, 1, 19, 17, 1, 1, 1, 17, 5, 4, 22, 1, 4, 23, 23, 5, 17, 19, 1, 22, 4, 10, 11, 6, 11, 10, 17, 7, 1, 14, 7, 20, 7, 1, 11, 1, 23, 23, 6, 7, 17, 16, 22, 1, 17, 23, 6, 17, 12, 3, 6, 26, 8]);
----------
D = 28;
S = array1d(1..5, [10, 13, 12, 13, 17]);
objective = 93;
yCoor = array1d(1..85, [1, 18, 2, 6, 19, 6, 17, 1, 12, 16, 19, 21, 10, 19, 14, 14, 2, 9, 2, 11, 19, 11, 25, 19, 15, 16, 6, 1, 18, 2, 15, 11, 1, 1, 19, 15, 1, 1, 1, 17, 5, 7, 20, 1, 2, 21, 21, 5, 15, 19, 1, 20, 3, 10, 9, 6, 10, 10, 15, 7, 1, 14, 7, 20, 7, 1, 9, 1, 23, 23, 6, 7, 15, 14, 20, 1, 15, 23, 6, 15, 12, 3, 2, 24, 6]);
----------
D = 29;
S = array1d(1..5, [10, 12, 12, 13, 16]);
objective = 92;
yCoor = array1d(1..85, [1, 19, 3, 6, 20, 3, 17, 1, 12, 16, 20, 21, 10, 20, 15, 15, 6, 10, 3, 11, 19, 11, 26, 19, 26, 16, 6, 1, 19, 10, 16, 11, 1, 1, 19, 16, 1, 1, 1, 17, 5, 3, 21, 1, 3, 22, 22, 5, 16, 19, 1, 21, 3, 10, 10, 6, 10, 10, 16, 7, 1, 14, 7, 20, 7, 1, 10, 1, 23, 23, 6, 7, 16, 15, 21, 1, 16, 23, 6, 20, 12, 3, 5, 25, 7]);
----------
D = 30;
S = array1d(1..5, [10, 11, 12, 13, 15]);
objective = 91;
yCoor = array1d(1..85, [1, 11, 4, 6, 21, 8, 17, 1, 12, 16, 21, 21, 10, 21, 17, 16, 4, 12, 4, 11, 21, 11, 27, 19, 26, 16, 6, 1, 20, 10, 17, 11, 1, 1, 19, 17, 1, 1, 1, 17, 5, 4, 22, 1, 4, 23, 23, 5, 17, 19, 1, 22, 4, 10, 11, 6, 11, 10, 17, 7, 1, 14, 7, 20, 7, 1, 11, 1, 23, 23, 6, 7, 17, 16, 22, 1, 17, 23, 6, 17, 12, 3, 6, 26, 8]);
----------
