mznc2018_probs/concert-hall-cap/concert-cap.mznc2018.06.dzn
assign = array1d(1..40, [1, 2, 3, 4, 6, 7, 7, 5, 8, 9, 0, 0, 0, 0, 0, 0, 0, 0, 0, 0, 0, 0, 0, 0, 0, 0, 0, 0, 0, 0, 0, 0, 0, 0, 0, 0, 0, 0, 0, 0]);
objective = 12107;
----------
assign = array1d(1..40, [1, 2, 3, 4, 6, 7, 7, 5, 8, 9, 0, 0, 0, 0, 0, 0, 0, 0, 0, 0, 0, 0, 0, 0, 0, 0, 0, 0, 0, 0, 0, 0, 0, 0, 0, 0, 0, 0, 0, 5]);
objective = 12399;
----------
assign = array1d(1..40, [1, 2, 3, 4, 6, 7, 7, 5, 8, 9, 0, 0, 0, 0, 0, 0, 0, 0, 0, 0, 0, 0, 0, 0, 0, 0, 0, 0, 0, 0, 0, 0, 0, 0, 0, 0, 0, 0, 5, 0]);
objective = 14726;
----------
assign = array1d(1..40, [1, 2, 3, 4, 6, 7, 7, 5, 8, 9, 0, 0, 0, 0, 0, 0, 0, 0, 0, 0, 0, 0, 0, 0, 0, 0, 0, 0, 0, 0, 0, 0, 0, 0, 0, 0, 0, 0, 5, 8]);
objective = 15018;
----------
assign = array1d(1..40, [1, 2, 3, 4, 6, 7, 7, 5, 8, 9, 0, 0, 0, 0, 0, 0, 0, 0, 0, 0, 0, 0, 0, 0, 0, 0, 0, 0, 0, 0, 0, 0, 0, 0, 0, 0, 0, 5, 8, 0]);
objective = 17345;
----------
assign = array1d(1..40, [1, 2, 3, 4, 6, 7, 7, 5, 8, 9, 0, 0, 0, 0, 0, 0, 0, 0, 0, 0, 0, 0, 0, 0, 0, 0, 0, 0, 0, 0, 0, 0, 0, 0, 0, 0, 0, 5, 8, 9]);
objective = 17637;
----------
assign = array1d(1..40, [1, 2, 3, 4, 6, 7, 7, 5, 8, 9, 0, 0, 0, 0, 0, 0, 0, 0, 0, 0, 0, 0, 0, 0, 0, 0, 0, 0, 0, 0, 0, 0, 0, 0, 0, 0, 8, 5, 9, 0]);
objective = 19964;
----------
assign = array1d(1..40, [1, 2, 3, 4, 6, 7, 7, 5, 8, 9, 0, 0, 0, 0, 0, 0, 0, 0, 0, 0, 0, 0, 0, 0, 0, 0, 0, 0, 0, 0, 0, 0, 0, 0, 0, 0, 8, 5, 9, 10]);
objective = 20256;
----------
assign = array1d(1..40, [1, 2, 3, 4, 6, 7, 7, 5, 8, 9, 0, 0, 0, 0, 0, 0, 0, 0, 0, 0, 0, 0, 0, 0, 0, 0, 0, 0, 0, 0, 0, 0, 0, 0, 0, 8, 10, 5, 9, 0]);
objective = 22583;
----------
assign = array1d(1..40, [1, 2, 3, 4, 6, 7, 7, 5, 8, 9, 0, 0, 0, 0, 0, 0, 0, 0, 0, 0, 0, 0, 0, 0, 0, 0, 0, 0, 5, 0, 0, 0, 0, 0, 0, 8, 10, 5, 9, 0]);
objective = 22903;
----------
assign = array1d(1..40, [1, 2, 3, 4, 6, 7, 7, 5, 8, 9, 0, 0, 0, 0, 0, 0, 0, 0, 0, 0, 0, 0, 0, 0, 0, 0, 0, 5, 8, 0, 0, 0, 0, 0, 0, 8, 10, 5, 9, 0]);
objective = 23223;
----------
assign = array1d(1..40, [1, 2, 3, 4, 6, 7, 7, 5, 8, 9, 0, 0, 0, 0, 0, 0, 0, 0, 0, 1, 0, 0, 0, 0, 0, 0, 0, 0, 0, 0, 0, 0, 0, 0, 0, 8, 10, 5, 9, 0]);
objective = 24429;
----------
assign = array1d(1..40, [1, 2, 3, 4, 6, 7, 7, 5, 8, 9, 0, 0, 0, 0, 0, 0, 0, 0, 0, 1, 0, 0, 0, 0, 0, 0, 0, 0, 5, 0, 0, 0, 0, 0, 0, 8, 10, 5, 9, 0]);
objective = 24749;
----------
assign = array1d(1..40, [1, 2, 3, 4, 6, 7, 7, 5, 8, 9, 0, 0, 0, 0, 0, 0, 0, 0, 0, 1, 0, 0, 0, 0, 0, 0, 0, 5, 8, 0, 0, 0, 0, 0, 0, 8, 10, 5, 9, 0]);
objective = 25069;
----------
assign = array1d(1..40, [1, 2, 3, 4, 6, 7, 7, 5, 8, 9, 0, 0, 0, 0, 0, 0, 0, 0, 1, 2, 0, 0, 0, 0, 0, 0, 0, 0, 0, 0, 0, 0, 0, 0, 0, 8, 10, 5, 9, 0]);
objective = 26275;
----------
assign = array1d(1..40, [1, 2, 3, 4, 6, 7, 7, 5, 8, 9, 0, 0, 0, 0, 0, 0, 0, 0, 1, 2, 0, 0, 0, 0, 0, 0, 0, 0, 5, 0, 0, 0, 0, 0, 0, 8, 10, 5, 9, 0]);
objective = 26595;
----------
assign = array1d(1..40, [1, 2, 3, 4, 6, 7, 7, 5, 8, 9, 0, 0, 0, 0, 0, 0, 0, 0, 1, 2, 0, 0, 0, 0, 0, 0, 0, 5, 8, 0, 0, 0, 0, 0, 0, 8, 10, 5, 9, 0]);
objective = 26915;
----------
assign = array1d(1..40, [1, 2, 3, 4, 6, 7, 7, 5, 8, 9, 0, 0, 0, 0, 0, 0, 0, 1, 2, 3, 0, 0, 0, 0, 0, 0, 0, 0, 0, 0, 0, 0, 0, 0, 0, 8, 10, 5, 9, 0]);
objective = 28121;
----------
assign = array1d(1..40, [1, 2, 3, 4, 6, 7, 7, 5, 8, 9, 0, 0, 0, 0, 0, 0, 0, 1, 2, 3, 0, 0, 0, 0, 0, 0, 0, 0, 5, 0, 0, 0, 0, 0, 0, 8, 10, 5, 9, 0]);
objective = 28441;
----------
assign = array1d(1..40, [1, 2, 3, 4, 6, 7, 7, 5, 8, 9, 0, 0, 0, 0, 0, 0, 0, 1, 2, 3, 0, 0, 0, 0, 0, 0, 0, 5, 8, 0, 0, 0, 0, 0, 0, 8, 10, 5, 9, 0]);
objective = 28761;
----------
assign = array1d(1..40, [1, 2, 3, 4, 6, 7, 7, 5, 8, 9, 0, 0, 0, 0, 0, 0, 1, 2, 3, 7, 0, 0, 0, 0, 0, 0, 0, 0, 0, 0, 0, 0, 0, 0, 0, 8, 10, 5, 9, 0]);
objective = 29967;
----------
assign = array1d(1..40, [1, 2, 3, 4, 6, 7, 7, 5, 8, 9, 0, 0, 0, 0, 0, 0, 1, 2, 3, 7, 0, 0, 0, 0, 0, 0, 0, 0, 5, 0, 0, 0, 0, 0, 0, 8, 10, 5, 9, 0]);
objective = 30287;
----------
assign = array1d(1..40, [1, 2, 3, 4, 6, 7, 7, 5, 8, 9, 0, 0, 0, 0, 0, 0, 1, 2, 3, 7, 0, 0, 0, 0, 0, 0, 0, 5, 8, 0, 0, 0, 0, 0, 0, 8, 10, 5, 9, 0]);
objective = 30607;
----------
assign = array1d(1..40, [1, 2, 3, 4, 6, 7, 7, 5, 8, 9, 0, 0, 0, 10, 0, 0, 1, 2, 3, 7, 0, 0, 0, 0, 0, 0, 0, 5, 8, 0, 0, 0, 0, 0, 0, 8, 10, 5, 9, 0]);
objective = 30812;
----------
