mznc2018_probs/mapping/full2x2_mp3.dzn
commFlow = array2d(1..14, 1..12, [0, 0, 0, 0, 0, 0, 0, 0, 0, 0, 0, 0, 0, 0, 0, 0, 0, 0, 0, 0, 0, 0, 0, 0, 0, 0, 0, 0, 0, 0, 0, 0, 0, 0, 0, 0, 0, 0, 0, 0, 0, 0, 0, 0, 0, 0, 0, 0, 0, 0, 0, 0, 0, 0, 0, 0, 0, 0, 0, 0, 30, 12, 30, 0, 0, 0, 0, 12, 0, 0, 30, 0, 0, 0, 0, 0, 0, 0, 0, 0, 0, 0, 0, 0, 0, 0, 0, 0, 0, 0, 0, 0, 0, 0, 0, 0, 0, 0, 0, 0, 0, 0, 0, 0, 0, 0, 0, 0, 0, 0, 0, 0, 0, 0, 0, 0, 0, 0, 0, 0, 0, 0, 0, 0, 0, 0, 0, 0, 0, 0, 0, 0, 0, 0, 0, 0, 0, 0, 0, 0, 0, 0, 0, 0, 0, 0, 0, 0, 0, 0, 0, 0, 0, 0, 0, 0, 0, 12, 0, 12, 30, 30, 0, 0, 0, 0, 0, 30]);
comm_full = array1d(1..12, [30, 24, 30, 12, 30, 30, 0, 12, 0, 0, 30, 30]);
communication_cost = 228;
cpu_loads = array1d(1..4, [130, 994, 933, 0]);
flow_processor = array1d(1..28, [1, 1, 1, 1, 2, 1, 2, 2, 2, 2, 2, 2, 2, 2, 1, 1, 1, 1, 2, 2, 2, 2, 2, 2, 2, 2, 2, 3]);
inFlow = array2d(1..14, 1..4, [36, 0, 0, 0, 72, 0, 0, 0, 72, 0, 0, 0, 72, 0, 0, 0, 0, 72, 0, 0, 72, 0, 0, 0, 0, 72, 0, 0, 0, 72, 0, 0, 0, 72, 0, 0, 0, 72, 0, 0, 0, 72, 0, 0, 0, 72, 0, 0, 0, 72, 0, 0, 0, 72, 0, 0]);
objective = 1222;
outFlow = array2d(1..14, 1..4, [36, 0, 0, 0, 72, 0, 0, 0, 72, 0, 0, 0, 72, 0, 0, 0, 0, 72, 0, 0, 0, 72, 0, 0, 0, 72, 0, 0, 0, 72, 0, 0, 0, 72, 0, 0, 0, 72, 0, 0, 0, 72, 0, 0, 0, 72, 0, 0, 0, 72, 0, 0, 0, 0, 72, 0]);
----------
commFlow = array2d(1..14, 1..12, [0, 0, 0, 0, 0, 0, 0, 0, 0, 0, 0, 0, 0, 0, 0, 0, 0, 0, 0, 0, 0, 0, 0, 0, 0, 0, 0, 0, 0, 0, 0, 0, 0, 0, 0, 0, 0, 0, 0, 0, 0, 0, 0, 0, 0, 0, 0, 0, 0, 0, 0, 0, 0, 0, 0, 0, 0, 0, 0, 0, 30, 12, 30, 0, 0, 0, 0, 12, 0, 0, 30, 0, 0, 0, 0, 0, 0, 0, 0, 0, 0, 0, 0, 0, 0, 0, 0, 0, 0, 0, 0, 0, 0, 0, 0, 0, 0, 0, 0, 0, 0, 0, 0, 0, 0, 0, 0, 0, 0, 0, 0, 0, 0, 0, 0, 0, 0, 0, 0, 0, 0, 0, 0, 0, 0, 0, 0, 0, 0, 0, 0, 0, 0, 12, 0, 12, 30, 30, 0, 0, 0, 0, 0, 30, 0, 0, 0, 0, 0, 0, 0, 0, 0, 0, 0, 0, 0, 0, 0, 0, 0, 0, 0, 0, 0, 0, 0, 0]);
comm_full = array1d(1..12, [30, 24, 30, 12, 30, 30, 0, 12, 0, 0, 30, 30]);
communication_cost = 228;
cpu_loads = array1d(1..4, [130, 991, 936, 0]);
flow_processor = array1d(1..28, [1, 1, 1, 1, 2, 1, 2, 2, 2, 2, 2, 2, 2, 3, 1, 1, 1, 1, 2, 2, 2, 2, 2, 2, 2, 3, 2, 3]);
inFlow = array2d(1..14, 1..4, [36, 0, 0, 0, 72, 0, 0, 0, 72, 0, 0, 0, 72, 0, 0, 0, 0, 72, 0, 0, 72, 0, 0, 0, 0, 72, 0, 0, 0, 72, 0, 0, 0, 72, 0, 0, 0, 72, 0, 0, 0, 72, 0, 0, 0, 72, 0, 0, 0, 72, 0, 0, 0, 0, 72, 0]);
objective = 1219;
outFlow = array2d(1..14, 1..4, [36, 0, 0, 0, 72, 0, 0, 0, 72, 0, 0, 0, 72, 0, 0, 0, 0, 72, 0, 0, 0, 72, 0, 0, 0, 72, 0, 0, 0, 72, 0, 0, 0, 72, 0, 0, 0, 72, 0, 0, 0, 72, 0, 0, 0, 0, 72, 0, 0, 72, 0, 0, 0, 0, 72, 0]);
----------
commFlow = array2d(1..14, 1..12, [0, 0, 0, 0, 0, 0, 0, 0, 0, 0, 0, 0, 0, 0, 0, 0, 0, 0, 0, 0, 0, 0, 0, 0, 0, 0, 0, 0, 0, 0, 0, 0, 0, 0, 0, 0, 0, 0, 0, 0, 0, 0, 0, 0, 0, 0, 0, 0, 0, 0, 0, 0, 0, 0, 0, 0, 0, 0, 0, 0, 30, 12, 30, 0, 0, 0, 0, 12, 0, 0, 30, 0, 0, 0, 0, 0, 0, 0, 0, 0, 0, 0, 0, 0, 0, 0, 0, 0, 0, 0, 0, 0, 0, 0, 0, 0, 0, 0, 0, 0, 0, 0, 0, 0, 0, 0, 0, 0, 0, 12, 0, 12, 30, 30, 0, 0, 0, 0, 0, 30, 0, 0, 0, 0, 0, 0, 0, 0, 0, 0, 0, 0, 0, 0, 0, 0, 0, 0, 0, 0, 0, 0, 0, 0, 0, 0, 0, 0, 0, 0, 0, 0, 0, 0, 0, 0, 0, 0, 0, 0, 0, 0, 0, 0, 0, 0, 0, 0]);
comm_full = array1d(1..12, [30, 24, 30, 12, 30, 30, 0, 12, 0, 0, 30, 30]);
communication_cost = 228;
cpu_loads = array1d(1..4, [130, 987, 940, 0]);
flow_processor = array1d(1..28, [1, 1, 1, 1, 2, 1, 2, 2, 2, 2, 2, 3, 2, 3, 1, 1, 1, 1, 2, 2, 2, 2, 2, 3, 2, 3, 2, 3]);
inFlow = array2d(1..14, 1..4, [36, 0, 0, 0, 72, 0, 0, 0, 72, 0, 0, 0, 72, 0, 0, 0, 0, 72, 0, 0, 72, 0, 0, 0, 0, 72, 0, 0, 0, 72, 0, 0, 0, 72, 0, 0, 0, 72, 0, 0, 0, 72, 0, 0, 0, 0, 72, 0, 0, 72, 0, 0, 0, 0, 72, 0]);
objective = 1215;
outFlow = array2d(1..14, 1..4, [36, 0, 0, 0, 72, 0, 0, 0, 72, 0, 0, 0, 72, 0, 0, 0, 0, 72, 0, 0, 0, 72, 0, 0, 0, 72, 0, 0, 0, 72, 0, 0, 0, 72, 0, 0, 0, 0, 72, 0, 0, 72, 0, 0, 0, 0, 72, 0, 0, 72, 0, 0, 0, 0, 72, 0]);
----------
commFlow = array2d(1..14, 1..12, [0, 0, 0, 0, 0, 0, 0, 0, 0, 0, 0, 0, 0, 0, 0, 0, 0, 0, 0, 0, 0, 0, 0, 0, 0, 0, 0, 0, 0, 0, 0, 0, 0, 0, 0, 0, 0, 0, 0, 0, 0, 0, 0, 0, 0, 0, 0, 0, 0, 0, 0, 0, 0, 0, 0, 0, 0, 0, 0, 0, 30, 12, 30, 0, 0, 0, 0, 12, 0, 0, 30, 0, 0, 0, 0, 0, 0, 0, 0, 0, 0, 0, 0, 0, 0, 12, 0, 12, 30, 30, 0, 0, 0, 0, 0, 30, 0, 0, 0, 0, 0, 0, 0, 0, 0, 0, 0, 0, 0, 0, 0, 0, 0, 0, 0, 0, 0, 0, 0, 0, 0, 0, 0, 0, 0, 0, 0, 0, 0, 0, 0, 0, 0, 0, 0, 0, 0, 0, 0, 0, 0, 0, 0, 0, 0, 0, 0, 0, 0, 0, 0, 0, 0, 0, 0, 0, 0, 0, 0, 0, 0, 0, 0, 0, 0, 0, 0, 0]);
comm_full = array1d(1..12, [30, 24, 30, 12, 30, 30, 0, 12, 0, 0, 30, 30]);
communication_cost = 228;
cpu_loads = array1d(1..4, [130, 986, 941, 0]);
flow_processor = array1d(1..28, [1, 1, 1, 1, 2, 1, 2, 2, 2, 3, 2, 3, 2, 3, 1, 1, 1, 1, 2, 2, 2, 3, 2, 3, 2, 3, 2, 3]);
inFlow = array2d(1..14, 1..4, [36, 0, 0, 0, 72, 0, 0, 0, 72, 0, 0, 0, 72, 0, 0, 0, 0, 72, 0, 0, 72, 0, 0, 0, 0, 72, 0, 0, 0, 72, 0, 0, 0, 72, 0, 0, 0, 0, 72, 0, 0, 72, 0, 0, 0, 0, 72, 0, 0, 72, 0, 0, 0, 0, 72, 0]);
objective = 1100;
outFlow = array2d(1..14, 1..4, [36, 0, 0, 0, 72, 0, 0, 0, 72, 0, 0, 0, 72, 0, 0, 0, 0, 72, 0, 0, 0, 72, 0, 0, 0, 72, 0, 0, 0, 0, 72, 0, 0, 72, 0, 0, 0, 0, 72, 0, 0, 72, 0, 0, 0, 0, 72, 0, 0, 72, 0, 0, 0, 0, 72, 0]);
----------
==========
