mznc2019_probs/fox-geese-corn/fgc_06_07_08_00.dzn
corn = array1d(1..15, [0, 0, 0, 0, 0, 0, 0, 0, 0, 0, 0, 0, 0, 0, 0]);
fox = array1d(1..15, [0, 0, 0, 0, 0, 0, 0, 0, 0, 0, 0, 0, 0, 0, 0]);
geese = array1d(1..15, [0, 0, 0, 0, 0, 0, 0, 0, 0, 0, 0, 0, 0, 0, 0]);
objective = 0;
trips = 0;
----------
corn = array1d(1..15, [0, 0, 0, 0, 0, 0, 0, 0, 0, 0, 0, 0, 0, 0, 0]);
fox = array1d(1..15, [4, 0, 0, 0, 0, 0, 0, 0, 0, 0, 0, 0, 0, 0, 0]);
geese = array1d(1..15, [0, 0, 0, 0, 0, 0, 0, 0, 0, 0, 0, 0, 0, 0, 0]);
objective = 32;
trips = 1;
----------
corn = array1d(1..15, [0, 0, 0, 0, 0, 0, 0, 0, 0, 0, 0, 0, 0, 0, 0]);
fox = array1d(1..15, [3, 0, 0, 0, 0, 0, 0, 0, 0, 0, 0, 0, 0, 0, 0]);
geese = array1d(1..15, [1, 0, 0, 0, 0, 0, 0, 0, 0, 0, 0, 0, 0, 0, 0]);
objective = 36;
trips = 1;
----------
corn = array1d(1..15, [0, 0, 0, 0, 0, 0, 0, 0, 0, 0, 0, 0, 0, 0, 0]);
fox = array1d(1..15, [2, 0, 0, 0, 0, 0, 0, 0, 0, 0, 0, 0, 0, 0, 0]);
geese = array1d(1..15, [2, 0, 0, 0, 0, 0, 0, 0, 0, 0, 0, 0, 0, 0, 0]);
objective = 40;
trips = 1;
----------
corn = array1d(1..15, [0, 0, 0, 0, 0, 0, 0, 0, 0, 0, 0, 0, 0, 0, 0]);
fox = array1d(1..15, [1, 0, 0, 0, 0, 0, 0, 0, 0, 0, 0, 0, 0, 0, 0]);
geese = array1d(1..15, [3, 0, 0, 0, 0, 0, 0, 0, 0, 0, 0, 0, 0, 0, 0]);
objective = 44;
trips = 1;
----------
corn = array1d(1..15, [0, 0, 0, 0, 0, 0, 0, 0, 0, 0, 0, 0, 0, 0, 0]);
fox = array1d(1..15, [0, 0, 0, 0, 0, 0, 0, 0, 0, 0, 0, 0, 0, 0, 0]);
geese = array1d(1..15, [4, 0, 0, 0, 0, 0, 0, 0, 0, 0, 0, 0, 0, 0, 0]);
objective = 48;
trips = 1;
----------
corn = array1d(1..15, [0, 0, 0, 0, 0, 0, 0, 0, 0, 0, 0, 0, 0, 0, 0]);
fox = array1d(1..15, [4, 3, 1, 0, 0, 0, 0, 0, 0, 0, 0, 0, 0, 0, 0]);
geese = array1d(1..15, [0, 0, 3, 0, 0, 0, 0, 0, 0, 0, 0, 0, 0, 0, 0]);
objective = 52;
trips = 3;
----------
corn = array1d(1..15, [0, 0, 0, 0, 0, 0, 0, 0, 0, 0, 0, 0, 0, 0, 0]);
fox = array1d(1..15, [4, 3, 0, 0, 0, 0, 0, 0, 0, 0, 0, 0, 0, 0, 0]);
geese = array1d(1..15, [0, 0, 4, 0, 0, 0, 0, 0, 0, 0, 0, 0, 0, 0, 0]);
objective = 56;
trips = 3;
----------
corn = array1d(1..15, [0, 0, 0, 0, 0, 0, 0, 0, 0, 0, 0, 0, 0, 0, 0]);
fox = array1d(1..15, [4, 2, 1, 0, 0, 0, 0, 0, 0, 0, 0, 0, 0, 0, 0]);
geese = array1d(1..15, [0, 0, 3, 0, 0, 0, 0, 0, 0, 0, 0, 0, 0, 0, 0]);
objective = 60;
trips = 3;
----------
corn = array1d(1..15, [0, 0, 0, 0, 0, 0, 0, 0, 0, 0, 0, 0, 0, 0, 0]);
fox = array1d(1..15, [4, 2, 0, 0, 0, 0, 0, 0, 0, 0, 0, 0, 0, 0, 0]);
geese = array1d(1..15, [0, 0, 4, 0, 0, 0, 0, 0, 0, 0, 0, 0, 0, 0, 0]);
objective = 64;
trips = 3;
----------
corn = array1d(1..15, [0, 0, 0, 0, 0, 0, 0, 0, 0, 0, 0, 0, 0, 0, 0]);
fox = array1d(1..15, [4, 1, 1, 0, 0, 0, 0, 0, 0, 0, 0, 0, 0, 0, 0]);
geese = array1d(1..15, [0, 0, 3, 0, 0, 0, 0, 0, 0, 0, 0, 0, 0, 0, 0]);
objective = 68;
trips = 3;
----------
corn = array1d(1..15, [0, 0, 0, 0, 0, 0, 0, 0, 0, 0, 0, 0, 0, 0, 0]);
fox = array1d(1..15, [4, 1, 0, 0, 0, 0, 0, 0, 0, 0, 0, 0, 0, 0, 0]);
geese = array1d(1..15, [0, 0, 4, 0, 0, 0, 0, 0, 0, 0, 0, 0, 0, 0, 0]);
objective = 72;
trips = 3;
----------
corn = array1d(1..15, [0, 0, 0, 0, 0, 0, 0, 0, 0, 0, 0, 0, 0, 0, 0]);
fox = array1d(1..15, [4, 0, 1, 0, 0, 0, 0, 0, 0, 0, 0, 0, 0, 0, 0]);
geese = array1d(1..15, [0, 0, 3, 0, 0, 0, 0, 0, 0, 0, 0, 0, 0, 0, 0]);
objective = 76;
trips = 3;
----------
corn = array1d(1..15, [0, 0, 0, 0, 0, 0, 0, 0, 0, 0, 0, 0, 0, 0, 0]);
fox = array1d(1..15, [4, 0, 0, 0, 0, 0, 0, 0, 0, 0, 0, 0, 0, 0, 0]);
geese = array1d(1..15, [0, 0, 4, 0, 0, 0, 0, 0, 0, 0, 0, 0, 0, 0, 0]);
objective = 80;
trips = 3;
----------
corn = array1d(1..15, [0, 0, 0, 0, 0, 0, 0, 0, 0, 0, 0, 0, 0, 0, 0]);
fox = array1d(1..15, [1, 1, 0, 0, 0, 0, 0, 0, 0, 0, 0, 0, 0, 0, 0]);
geese = array1d(1..15, [3, 0, 4, 0, 0, 0, 0, 0, 0, 0, 0, 0, 0, 0, 0]);
objective = 84;
trips = 3;
----------
corn = array1d(1..15, [0, 0, 0, 0, 0, 0, 0, 0, 0, 0, 0, 0, 0, 0, 0]);
fox = array1d(1..15, [0, 0, 2, 0, 0, 0, 0, 0, 0, 0, 0, 0, 0, 0, 0]);
geese = array1d(1..15, [4, 0, 2, 0, 0, 0, 0, 0, 0, 0, 0, 0, 0, 0, 0]);
objective = 88;
trips = 3;
----------
corn = array1d(1..15, [0, 0, 0, 0, 0, 0, 0, 0, 0, 0, 0, 0, 0, 0, 0]);
fox = array1d(1..15, [0, 0, 1, 0, 0, 0, 0, 0, 0, 0, 0, 0, 0, 0, 0]);
geese = array1d(1..15, [4, 0, 3, 0, 0, 0, 0, 0, 0, 0, 0, 0, 0, 0, 0]);
objective = 92;
trips = 3;
----------
corn = array1d(1..15, [0, 0, 1, 0, 0, 0, 0, 0, 0, 0, 0, 0, 0, 0, 0]);
fox = array1d(1..15, [0, 0, 0, 0, 0, 0, 0, 0, 0, 0, 0, 0, 0, 0, 0]);
geese = array1d(1..15, [4, 0, 3, 0, 0, 0, 0, 0, 0, 0, 0, 0, 0, 0, 0]);
objective = 93;
trips = 3;
----------
corn = array1d(1..15, [0, 0, 0, 0, 0, 0, 0, 0, 0, 0, 0, 0, 0, 0, 0]);
fox = array1d(1..15, [4, 2, 4, 0, 0, 0, 0, 0, 0, 0, 0, 0, 0, 0, 0]);
geese = array1d(1..15, [0, 0, 0, 0, 4, 0, 0, 0, 0, 0, 0, 0, 0, 0, 0]);
objective = 96;
trips = 5;
----------
corn = array1d(1..15, [0, 0, 0, 0, 0, 0, 0, 0, 0, 0, 0, 0, 0, 0, 0]);
fox = array1d(1..15, [4, 1, 3, 0, 0, 0, 0, 0, 0, 0, 0, 0, 0, 0, 0]);
geese = array1d(1..15, [0, 0, 1, 0, 4, 0, 0, 0, 0, 0, 0, 0, 0, 0, 0]);
objective = 100;
trips = 5;
----------
corn = array1d(1..15, [0, 0, 0, 0, 1, 0, 0, 0, 0, 0, 0, 0, 0, 0, 0]);
fox = array1d(1..15, [4, 0, 2, 1, 0, 0, 0, 0, 0, 0, 0, 0, 0, 0, 0]);
geese = array1d(1..15, [0, 0, 2, 0, 3, 0, 0, 0, 0, 0, 0, 0, 0, 0, 0]);
objective = 101;
trips = 5;
----------
corn = array1d(1..15, [0, 0, 0, 0, 1, 0, 0, 0, 0, 0, 0, 0, 0, 0, 0]);
fox = array1d(1..15, [4, 0, 2, 0, 0, 0, 0, 0, 0, 0, 0, 0, 0, 0, 0]);
geese = array1d(1..15, [0, 0, 2, 0, 3, 0, 0, 0, 0, 0, 0, 0, 0, 0, 0]);
objective = 109;
trips = 5;
----------
corn = array1d(1..15, [0, 0, 0, 0, 2, 0, 0, 0, 0, 0, 0, 0, 0, 0, 0]);
fox = array1d(1..15, [1, 1, 0, 0, 1, 0, 0, 0, 0, 0, 0, 0, 0, 0, 0]);
geese = array1d(1..15, [3, 1, 4, 0, 1, 0, 0, 0, 0, 0, 0, 0, 0, 0, 0]);
objective = 110;
trips = 5;
----------
corn = array1d(1..15, [0, 0, 0, 0, 3, 0, 0, 0, 0, 0, 0, 0, 0, 0, 0]);
fox = array1d(1..15, [1, 1, 0, 0, 0, 0, 0, 0, 0, 0, 0, 0, 0, 0, 0]);
geese = array1d(1..15, [3, 1, 4, 0, 1, 0, 0, 0, 0, 0, 0, 0, 0, 0, 0]);
objective = 111;
trips = 5;
----------
corn = array1d(1..15, [0, 0, 0, 0, 0, 0, 0, 0, 0, 0, 0, 0, 0, 0, 0]);
fox = array1d(1..15, [1, 1, 0, 0, 4, 0, 0, 0, 0, 0, 0, 0, 0, 0, 0]);
geese = array1d(1..15, [3, 0, 4, 0, 0, 0, 0, 0, 0, 0, 0, 0, 0, 0, 0]);
objective = 116;
trips = 5;
----------
corn = array1d(1..15, [0, 0, 0, 0, 1, 0, 0, 0, 0, 0, 0, 0, 0, 0, 0]);
fox = array1d(1..15, [1, 1, 0, 0, 3, 0, 0, 0, 0, 0, 0, 0, 0, 0, 0]);
geese = array1d(1..15, [3, 0, 4, 0, 0, 0, 0, 0, 0, 0, 0, 0, 0, 0, 0]);
objective = 117;
trips = 5;
----------
corn = array1d(1..15, [0, 0, 0, 0, 2, 0, 0, 0, 0, 0, 0, 0, 0, 0, 0]);
fox = array1d(1..15, [1, 1, 0, 0, 2, 0, 0, 0, 0, 0, 0, 0, 0, 0, 0]);
geese = array1d(1..15, [3, 0, 4, 0, 0, 0, 0, 0, 0, 0, 0, 0, 0, 0, 0]);
objective = 118;
trips = 5;
----------
corn = array1d(1..15, [0, 0, 0, 0, 3, 0, 0, 0, 0, 0, 0, 0, 0, 0, 0]);
fox = array1d(1..15, [1, 1, 0, 0, 1, 0, 0, 0, 0, 0, 0, 0, 0, 0, 0]);
geese = array1d(1..15, [3, 0, 4, 0, 0, 0, 0, 0, 0, 0, 0, 0, 0, 0, 0]);
objective = 119;
trips = 5;
----------
corn = array1d(1..15, [0, 0, 0, 0, 4, 0, 0, 0, 0, 0, 0, 0, 0, 0, 0]);
fox = array1d(1..15, [1, 1, 0, 0, 0, 0, 0, 0, 0, 0, 0, 0, 0, 0, 0]);
geese = array1d(1..15, [3, 0, 4, 0, 0, 0, 0, 0, 0, 0, 0, 0, 0, 0, 0]);
objective = 120;
trips = 5;
----------
corn = array1d(1..15, [0, 0, 0, 0, 3, 0, 0, 0, 0, 0, 0, 0, 0, 0, 0]);
fox = array1d(1..15, [4, 2, 4, 0, 0, 0, 0, 0, 0, 0, 0, 0, 0, 0, 0]);
geese = array1d(1..15, [0, 0, 0, 0, 1, 0, 4, 0, 0, 0, 0, 0, 0, 0, 0]);
objective = 127;
trips = 7;
----------
corn = array1d(1..15, [0, 0, 0, 0, 4, 0, 0, 0, 0, 0, 0, 0, 0, 0, 0]);
fox = array1d(1..15, [4, 1, 3, 0, 0, 0, 0, 0, 0, 0, 0, 0, 0, 0, 0]);
geese = array1d(1..15, [0, 0, 1, 0, 0, 0, 4, 0, 0, 0, 0, 0, 0, 0, 0]);
objective = 128;
trips = 7;
----------
corn = array1d(1..15, [0, 0, 0, 0, 2, 0, 4, 0, 0, 0, 0, 0, 0, 0, 0]);
fox = array1d(1..15, [4, 0, 1, 0, 1, 0, 0, 0, 0, 0, 0, 0, 0, 0, 0]);
geese = array1d(1..15, [0, 0, 3, 0, 1, 0, 0, 0, 0, 0, 0, 0, 0, 0, 0]);
objective = 134;
trips = 7;
----------
corn = array1d(1..15, [0, 0, 0, 0, 3, 0, 2, 0, 0, 0, 0, 0, 0, 0, 0]);
fox = array1d(1..15, [1, 1, 0, 0, 1, 0, 2, 0, 0, 0, 0, 0, 0, 0, 0]);
geese = array1d(1..15, [3, 0, 4, 0, 0, 0, 0, 0, 0, 0, 0, 0, 0, 0, 0]);
objective = 141;
trips = 7;
----------
corn = array1d(1..15, [0, 0, 0, 0, 3, 0, 3, 0, 0, 0, 0, 0, 0, 0, 0]);
fox = array1d(1..15, [1, 1, 0, 0, 1, 0, 1, 0, 0, 0, 0, 0, 0, 0, 0]);
geese = array1d(1..15, [3, 0, 4, 0, 0, 0, 0, 0, 0, 0, 0, 0, 0, 0, 0]);
objective = 142;
trips = 7;
----------
corn = array1d(1..15, [0, 0, 0, 0, 0, 0, 3, 0, 4, 0, 0, 0, 0, 0, 0]);
fox = array1d(1..15, [4, 3, 4, 0, 1, 0, 0, 0, 0, 0, 0, 0, 0, 0, 0]);
geese = array1d(1..15, [0, 0, 0, 0, 3, 0, 1, 0, 0, 0, 0, 0, 0, 0, 0]);
objective = 143;
trips = 9;
----------
corn = array1d(1..15, [0, 0, 0, 0, 1, 0, 4, 0, 3, 0, 0, 0, 0, 0, 0]);
fox = array1d(1..15, [4, 1, 2, 0, 1, 0, 0, 0, 0, 0, 0, 0, 0, 0, 0]);
geese = array1d(1..15, [0, 0, 2, 0, 2, 0, 0, 1, 1, 0, 0, 0, 0, 0, 0]);
objective = 144;
trips = 9;
----------
corn = array1d(1..15, [0, 0, 0, 0, 2, 0, 4, 0, 2, 0, 0, 0, 0, 0, 0]);
fox = array1d(1..15, [1, 1, 0, 0, 1, 0, 0, 0, 1, 0, 0, 0, 0, 0, 0]);
geese = array1d(1..15, [3, 2, 4, 0, 1, 0, 0, 0, 1, 0, 0, 0, 0, 0, 0]);
objective = 148;
trips = 9;
----------
==========
