mznc2017_probs/groupsplitter/u15g3pref2.dzn
objective = 79;
user_act_map1 = array1d(1..15, [283, 283, 283, 283, 283, 283, 283, 283, 283, 283, 283, 48, 48, 4, 4]);
user_act_map2 = array1d(1..15, [6793, 6793, 6793, 6793, 6793, 6793, 6793, 6793, 6793, 6793, 6793, 20, 20, 1375, 1375]);
user_duration_map1 = array1d(1..15, [27, 27, 27, 27, 27, 27, 27, 27, 27, 27, 27, 20, 20, 22, 22]);
user_duration_map2 = array1d(1..15, [18, 18, 18, 18, 18, 18, 18, 18, 18, 18, 18, 18, 18, 18, 18]);
user_end_map1 = array1d(1..15, [143, 143, 143, 143, 143, 143, 143, 143, 143, 143, 143, 161, 161, 247, 247]);
user_end_map2 = array1d(1..15, [288, 288, 288, 288, 288, 288, 288, 288, 288, 288, 288, 264, 264, 273, 273]);
user_group_map1 = array1d(1..15, [1, 1, 1, 1, 1, 1, 1, 1, 1, 1, 1, 2, 2, 3, 3]);
user_group_map2 = array1d(1..15, [1, 1, 1, 1, 1, 1, 1, 1, 1, 1, 1, 2, 2, 3, 3]);
user_start_time_map1 = array1d(1..15, [116, 116, 116, 116, 116, 116, 116, 116, 116, 116, 116, 141, 141, 225, 225]);
user_start_time_map2 = array1d(1..15, [148, 148, 148, 148, 148, 148, 148, 148, 148, 148, 148, 165, 165, 253, 253]);
user_weight_map1 = array1d(1..15, [0, 0, 0, 0, 0, 0, 0, 0, 0, 0, -1, -2, 0, 0, 0]);
user_weight_map2 = array1d(1..15, [0, 0, 0, 0, 0, 0, 0, -1, 0, 0, 0, 0, 0, -2, 0]);
----------
objective = 81;
user_act_map1 = array1d(1..15, [283, 283, 283, 283, 283, 283, 283, 283, 283, 283, 283, 48, 48, 146, 146]);
user_act_map2 = array1d(1..15, [6793, 6793, 6793, 6793, 6793, 6793, 6793, 6793, 6793, 6793, 6793, 20, 20, 13448, 13448]);
user_duration_map1 = array1d(1..15, [27, 27, 27, 27, 27, 27, 27, 27, 27, 27, 27, 20, 20, 23, 23]);
user_duration_map2 = array1d(1..15, [18, 18, 18, 18, 18, 18, 18, 18, 18, 18, 18, 18, 18, 18, 18]);
user_end_map1 = array1d(1..15, [143, 143, 143, 143, 143, 143, 143, 143, 143, 143, 143, 161, 161, 221, 221]);
user_end_map2 = array1d(1..15, [288, 288, 288, 288, 288, 288, 288, 288, 288, 288, 288, 264, 264, 288, 288]);
user_group_map1 = array1d(1..15, [1, 1, 1, 1, 1, 1, 1, 1, 1, 1, 1, 2, 2, 3, 3]);
user_group_map2 = array1d(1..15, [1, 1, 1, 1, 1, 1, 1, 1, 1, 1, 1, 2, 2, 3, 3]);
user_start_time_map1 = array1d(1..15, [116, 116, 116, 116, 116, 116, 116, 116, 116, 116, 116, 141, 141, 198, 198]);
user_start_time_map2 = array1d(1..15, [148, 148, 148, 148, 148, 148, 148, 148, 148, 148, 148, 165, 165, 227, 227]);
user_weight_map1 = array1d(1..15, [0, 0, 0, 0, 0, 0, 0, 0, 0, 0, -1, -2, 0, 0, 0]);
user_weight_map2 = array1d(1..15, [0, 0, 0, 0, 0, 0, 0, -1, 0, 0, 0, 0, 0, -2, 0]);
----------
objective = 99;
user_act_map1 = array1d(1..15, [283, 283, 283, 283, 283, 283, 283, 283, 283, 283, 283, 48, 48, 3, 3]);
user_act_map2 = array1d(1..15, [6793, 6793, 6793, 6793, 6793, 6793, 6793, 6793, 6793, 6793, 6793, 20, 20, 1, 1]);
user_duration_map1 = array1d(1..15, [27, 27, 27, 27, 27, 27, 27, 27, 27, 27, 27, 20, 20, 20, 20]);
user_duration_map2 = array1d(1..15, [18, 18, 18, 18, 18, 18, 18, 18, 18, 18, 18, 18, 18, 18, 18]);
user_end_map1 = array1d(1..15, [143, 143, 143, 143, 143, 143, 143, 143, 143, 143, 143, 161, 161, 224, 224]);
user_end_map2 = array1d(1..15, [288, 288, 288, 288, 288, 288, 288, 288, 288, 288, 288, 264, 264, 276, 276]);
user_group_map1 = array1d(1..15, [1, 1, 1, 1, 1, 1, 1, 1, 1, 1, 1, 2, 2, 3, 3]);
user_group_map2 = array1d(1..15, [1, 1, 1, 1, 1, 1, 1, 1, 1, 1, 1, 2, 2, 3, 3]);
user_start_time_map1 = array1d(1..15, [116, 116, 116, 116, 116, 116, 116, 116, 116, 116, 116, 141, 141, 204, 204]);
user_start_time_map2 = array1d(1..15, [148, 148, 148, 148, 148, 148, 148, 148, 148, 148, 148, 165, 165, 230, 230]);
user_weight_map1 = array1d(1..15, [0, 0, 0, 0, 0, 0, 0, 0, 0, 0, -1, -2, 0, 0, 0]);
user_weight_map2 = array1d(1..15, [0, 0, 0, 0, 0, 0, 0, -1, 0, 0, 0, 0, 0, 0, 0]);
----------
objective = 101;
user_act_map1 = array1d(1..15, [283, 283, 283, 283, 283, 283, 283, 283, 283, 283, 283, 48, 48, 146, 146]);
user_act_map2 = array1d(1..15, [6793, 6793, 6793, 6793, 6793, 6793, 6793, 6793, 6793, 6793, 6793, 20, 20, 1, 1]);
user_duration_map1 = array1d(1..15, [27, 27, 27, 27, 27, 27, 27, 27, 27, 27, 27, 20, 20, 23, 23]);
user_duration_map2 = array1d(1..15, [18, 18, 18, 18, 18, 18, 18, 18, 18, 18, 18, 18, 18, 18, 18]);
user_end_map1 = array1d(1..15, [143, 143, 143, 143, 143, 143, 143, 143, 143, 143, 143, 161, 161, 221, 221]);
user_end_map2 = array1d(1..15, [288, 288, 288, 288, 288, 288, 288, 288, 288, 288, 288, 264, 264, 276, 276]);
user_group_map1 = array1d(1..15, [1, 1, 1, 1, 1, 1, 1, 1, 1, 1, 1, 2, 2, 3, 3]);
user_group_map2 = array1d(1..15, [1, 1, 1, 1, 1, 1, 1, 1, 1, 1, 1, 2, 2, 3, 3]);
user_start_time_map1 = array1d(1..15, [116, 116, 116, 116, 116, 116, 116, 116, 116, 116, 116, 141, 141, 198, 198]);
user_start_time_map2 = array1d(1..15, [148, 148, 148, 148, 148, 148, 148, 148, 148, 148, 148, 165, 165, 227, 227]);
user_weight_map1 = array1d(1..15, [0, 0, 0, 0, 0, 0, 0, 0, 0, 0, -1, -2, 0, 0, 0]);
user_weight_map2 = array1d(1..15, [0, 0, 0, 0, 0, 0, 0, -1, 0, 0, 0, 0, 0, 0, 0]);
----------
objective = 106;
user_act_map1 = array1d(1..15, [283, 283, 283, 283, 283, 283, 283, 283, 283, 283, 283, 48, 48, 3, 3]);
user_act_map2 = array1d(1..15, [6793, 6793, 6793, 6793, 6793, 6793, 6793, 6793, 6793, 6793, 6793, 20, 20, 4758, 4758]);
user_duration_map1 = array1d(1..15, [27, 27, 27, 27, 27, 27, 27, 27, 27, 27, 27, 20, 20, 20, 20]);
user_duration_map2 = array1d(1..15, [18, 18, 18, 18, 18, 18, 18, 18, 18, 18, 18, 18, 18, 18, 18]);
user_end_map1 = array1d(1..15, [143, 143, 143, 143, 143, 143, 143, 143, 143, 143, 143, 161, 161, 224, 224]);
user_end_map2 = array1d(1..15, [288, 288, 288, 288, 288, 288, 288, 288, 288, 288, 288, 264, 264, 264, 264]);
user_group_map1 = array1d(1..15, [1, 1, 1, 1, 1, 1, 1, 1, 1, 1, 1, 2, 2, 3, 3]);
user_group_map2 = array1d(1..15, [1, 1, 1, 1, 1, 1, 1, 1, 1, 1, 1, 2, 2, 3, 3]);
user_start_time_map1 = array1d(1..15, [116, 116, 116, 116, 116, 116, 116, 116, 116, 116, 116, 141, 141, 204, 204]);
user_start_time_map2 = array1d(1..15, [148, 148, 148, 148, 148, 148, 148, 148, 148, 148, 148, 165, 165, 230, 230]);
user_weight_map1 = array1d(1..15, [0, 0, 0, 0, 0, 0, 0, 0, 0, 0, -1, -2, 0, 0, 0]);
user_weight_map2 = array1d(1..15, [0, 0, 0, 0, 0, 0, 0, -1, 0, 0, 0, 0, 0, 1, 0]);
----------
objective = 108;
user_act_map1 = array1d(1..15, [283, 283, 283, 283, 283, 283, 283, 283, 283, 283, 283, 48, 48, 14, 14]);
user_act_map2 = array1d(1..15, [6793, 6793, 6793, 6793, 6793, 6793, 6793, 6793, 6793, 6793, 6793, 20, 20, 1810, 1810]);
user_duration_map1 = array1d(1..15, [27, 27, 27, 27, 27, 27, 27, 27, 27, 27, 27, 20, 20, 28, 28]);
user_duration_map2 = array1d(1..15, [18, 18, 18, 18, 18, 18, 18, 18, 18, 18, 18, 18, 18, 18, 18]);
user_end_map1 = array1d(1..15, [143, 143, 143, 143, 143, 143, 143, 143, 143, 143, 143, 161, 161, 196, 196]);
user_end_map2 = array1d(1..15, [288, 288, 288, 288, 288, 288, 288, 288, 288, 288, 288, 264, 264, 228, 228]);
user_group_map1 = array1d(1..15, [1, 1, 1, 1, 1, 1, 1, 1, 1, 1, 1, 2, 2, 3, 3]);
user_group_map2 = array1d(1..15, [1, 1, 1, 1, 1, 1, 1, 1, 1, 1, 1, 2, 2, 3, 3]);
user_start_time_map1 = array1d(1..15, [116, 116, 116, 116, 116, 116, 116, 116, 116, 116, 116, 141, 141, 168, 168]);
user_start_time_map2 = array1d(1..15, [148, 148, 148, 148, 148, 148, 148, 148, 148, 148, 148, 165, 165, 201, 201]);
user_weight_map1 = array1d(1..15, [0, 0, 0, 0, 0, 0, 0, 0, 0, 0, -1, -2, 0, 0, 0]);
user_weight_map2 = array1d(1..15, [0, 0, 0, 0, 0, 0, 0, -1, 0, 0, 0, 0, 0, 1, 0]);
----------
objective = 110;
user_act_map1 = array1d(1..15, [283, 283, 283, 283, 283, 283, 283, 283, 283, 283, 283, 48, 48, 346, 346]);
user_act_map2 = array1d(1..15, [6793, 6793, 6793, 6793, 6793, 6793, 6793, 6793, 6793, 6793, 6793, 20, 20, 1810, 1810]);
user_duration_map1 = array1d(1..15, [27, 27, 27, 27, 27, 27, 27, 27, 27, 27, 27, 20, 20, 18, 18]);
user_duration_map2 = array1d(1..15, [18, 18, 18, 18, 18, 18, 18, 18, 18, 18, 18, 18, 18, 18, 18]);
user_end_map1 = array1d(1..15, [143, 143, 143, 143, 143, 143, 143, 143, 143, 143, 143, 161, 161, 192, 192]);
user_end_map2 = array1d(1..15, [288, 288, 288, 288, 288, 288, 288, 288, 288, 288, 288, 264, 264, 228, 228]);
user_group_map1 = array1d(1..15, [1, 1, 1, 1, 1, 1, 1, 1, 1, 1, 1, 2, 2, 3, 3]);
user_group_map2 = array1d(1..15, [1, 1, 1, 1, 1, 1, 1, 1, 1, 1, 1, 2, 2, 3, 3]);
user_start_time_map1 = array1d(1..15, [116, 116, 116, 116, 116, 116, 116, 116, 116, 116, 116, 141, 141, 174, 174]);
user_start_time_map2 = array1d(1..15, [148, 148, 148, 148, 148, 148, 148, 148, 148, 148, 148, 165, 165, 195, 195]);
user_weight_map1 = array1d(1..15, [0, 0, 0, 0, 0, 0, 0, 0, 0, 0, -1, -2, 0, 0, 0]);
user_weight_map2 = array1d(1..15, [0, 0, 0, 0, 0, 0, 0, -1, 0, 0, 0, 0, 0, 1, 0]);
----------
objective = 115;
user_act_map1 = array1d(1..15, [283, 283, 283, 283, 283, 283, 283, 283, 283, 283, 283, 48, 48, 3, 3]);
user_act_map2 = array1d(1..15, [6793, 6793, 6793, 6793, 6793, 6793, 6793, 6793, 6793, 6793, 6793, 20, 20, 1347, 1347]);
user_duration_map1 = array1d(1..15, [27, 27, 27, 27, 27, 27, 27, 27, 27, 27, 27, 20, 20, 20, 20]);
user_duration_map2 = array1d(1..15, [18, 18, 18, 18, 18, 18, 18, 18, 18, 18, 18, 18, 18, 18, 18]);
user_end_map1 = array1d(1..15, [143, 143, 143, 143, 143, 143, 143, 143, 143, 143, 143, 161, 161, 224, 224]);
user_end_map2 = array1d(1..15, [288, 288, 288, 288, 288, 288, 288, 288, 288, 288, 288, 264, 264, 282, 282]);
user_group_map1 = array1d(1..15, [1, 1, 1, 1, 1, 1, 1, 1, 1, 1, 1, 2, 2, 3, 3]);
user_group_map2 = array1d(1..15, [1, 1, 1, 1, 1, 1, 1, 1, 1, 1, 1, 2, 2, 3, 3]);
user_start_time_map1 = array1d(1..15, [116, 116, 116, 116, 116, 116, 116, 116, 116, 116, 116, 141, 141, 204, 204]);
user_start_time_map2 = array1d(1..15, [148, 148, 148, 148, 148, 148, 148, 148, 148, 148, 148, 165, 165, 228, 228]);
user_weight_map1 = array1d(1..15, [0, 0, 0, 0, 0, 0, 0, 0, 0, 0, -1, -2, 0, 0, 0]);
user_weight_map2 = array1d(1..15, [0, 0, 0, 0, 0, 0, 0, -1, 0, 0, 0, 0, 0, 2, 0]);
----------
objective = 117;
user_act_map1 = array1d(1..15, [283, 283, 283, 283, 283, 283, 283, 283, 283, 283, 283, 48, 48, 146, 146]);
user_act_map2 = array1d(1..15, [6793, 6793, 6793, 6793, 6793, 6793, 6793, 6793, 6793, 6793, 6793, 20, 20, 1347, 1347]);
user_duration_map1 = array1d(1..15, [27, 27, 27, 27, 27, 27, 27, 27, 27, 27, 27, 20, 20, 23, 23]);
user_duration_map2 = array1d(1..15, [18, 18, 18, 18, 18, 18, 18, 18, 18, 18, 18, 18, 18, 18, 18]);
user_end_map1 = array1d(1..15, [143, 143, 143, 143, 143, 143, 143, 143, 143, 143, 143, 161, 161, 221, 221]);
user_end_map2 = array1d(1..15, [288, 288, 288, 288, 288, 288, 288, 288, 288, 288, 288, 264, 264, 282, 282]);
user_group_map1 = array1d(1..15, [1, 1, 1, 1, 1, 1, 1, 1, 1, 1, 1, 2, 2, 3, 3]);
user_group_map2 = array1d(1..15, [1, 1, 1, 1, 1, 1, 1, 1, 1, 1, 1, 2, 2, 3, 3]);
user_start_time_map1 = array1d(1..15, [116, 116, 116, 116, 116, 116, 116, 116, 116, 116, 116, 141, 141, 198, 198]);
user_start_time_map2 = array1d(1..15, [148, 148, 148, 148, 148, 148, 148, 148, 148, 148, 148, 165, 165, 227, 227]);
user_weight_map1 = array1d(1..15, [0, 0, 0, 0, 0, 0, 0, 0, 0, 0, -1, -2, 0, 0, 0]);
user_weight_map2 = array1d(1..15, [0, 0, 0, 0, 0, 0, 0, -1, 0, 0, 0, 0, 0, 2, 0]);
----------
objective = 119;
user_act_map1 = array1d(1..15, [283, 283, 283, 283, 283, 283, 283, 283, 283, 283, 283, 48, 48, 346, 346]);
user_act_map2 = array1d(1..15, [6793, 6793, 6793, 6793, 6793, 6793, 6793, 6793, 6793, 6793, 6793, 598, 598, 1810, 1810]);
user_duration_map1 = array1d(1..15, [27, 27, 27, 27, 27, 27, 27, 27, 27, 27, 27, 20, 20, 18, 18]);
user_duration_map2 = array1d(1..15, [18, 18, 18, 18, 18, 18, 18, 18, 18, 18, 18, 18, 18, 18, 18]);
user_end_map1 = array1d(1..15, [143, 143, 143, 143, 143, 143, 143, 143, 143, 143, 143, 161, 161, 192, 192]);
user_end_map2 = array1d(1..15, [288, 288, 288, 288, 288, 288, 288, 288, 288, 288, 288, 252, 252, 228, 228]);
user_group_map1 = array1d(1..15, [1, 1, 1, 1, 1, 1, 1, 1, 1, 1, 1, 2, 2, 3, 3]);
user_group_map2 = array1d(1..15, [1, 1, 1, 1, 1, 1, 1, 1, 1, 1, 1, 2, 2, 3, 3]);
user_start_time_map1 = array1d(1..15, [116, 116, 116, 116, 116, 116, 116, 116, 116, 116, 116, 141, 141, 174, 174]);
user_start_time_map2 = array1d(1..15, [148, 148, 148, 148, 148, 148, 148, 148, 148, 148, 148, 166, 166, 195, 195]);
user_weight_map1 = array1d(1..15, [0, 0, 0, 0, 0, 0, 0, 0, 0, 0, -1, -2, 0, 0, 0]);
user_weight_map2 = array1d(1..15, [0, 0, 0, 0, 0, 0, 0, -1, 0, 0, 0, 0, 1, 1, 0]);
----------
objective = 124;
user_act_map1 = array1d(1..15, [283, 283, 283, 283, 283, 283, 283, 283, 283, 283, 283, 48, 48, 3, 3]);
user_act_map2 = array1d(1..15, [6793, 6793, 6793, 6793, 6793, 6793, 6793, 6793, 6793, 6793, 6793, 598, 598, 1347, 1347]);
user_duration_map1 = array1d(1..15, [27, 27, 27, 27, 27, 27, 27, 27, 27, 27, 27, 20, 20, 20, 20]);
user_duration_map2 = array1d(1..15, [18, 18, 18, 18, 18, 18, 18, 18, 18, 18, 18, 18, 18, 18, 18]);
user_end_map1 = array1d(1..15, [143, 143, 143, 143, 143, 143, 143, 143, 143, 143, 143, 161, 161, 224, 224]);
user_end_map2 = array1d(1..15, [288, 288, 288, 288, 288, 288, 288, 288, 288, 288, 288, 252, 252, 282, 282]);
user_group_map1 = array1d(1..15, [1, 1, 1, 1, 1, 1, 1, 1, 1, 1, 1, 2, 2, 3, 3]);
user_group_map2 = array1d(1..15, [1, 1, 1, 1, 1, 1, 1, 1, 1, 1, 1, 2, 2, 3, 3]);
user_start_time_map1 = array1d(1..15, [116, 116, 116, 116, 116, 116, 116, 116, 116, 116, 116, 141, 141, 204, 204]);
user_start_time_map2 = array1d(1..15, [148, 148, 148, 148, 148, 148, 148, 148, 148, 148, 148, 166, 166, 228, 228]);
user_weight_map1 = array1d(1..15, [0, 0, 0, 0, 0, 0, 0, 0, 0, 0, -1, -2, 0, 0, 0]);
user_weight_map2 = array1d(1..15, [0, 0, 0, 0, 0, 0, 0, -1, 0, 0, 0, 0, 1, 2, 0]);
----------
objective = 126;
user_act_map1 = array1d(1..15, [283, 283, 283, 283, 283, 283, 283, 283, 283, 283, 283, 48, 48, 146, 146]);
user_act_map2 = array1d(1..15, [6793, 6793, 6793, 6793, 6793, 6793, 6793, 6793, 6793, 6793, 6793, 598, 598, 1347, 1347]);
user_duration_map1 = array1d(1..15, [27, 27, 27, 27, 27, 27, 27, 27, 27, 27, 27, 20, 20, 23, 23]);
user_duration_map2 = array1d(1..15, [18, 18, 18, 18, 18, 18, 18, 18, 18, 18, 18, 18, 18, 18, 18]);
user_end_map1 = array1d(1..15, [143, 143, 143, 143, 143, 143, 143, 143, 143, 143, 143, 161, 161, 221, 221]);
user_end_map2 = array1d(1..15, [288, 288, 288, 288, 288, 288, 288, 288, 288, 288, 288, 252, 252, 282, 282]);
user_group_map1 = array1d(1..15, [1, 1, 1, 1, 1, 1, 1, 1, 1, 1, 1, 2, 2, 3, 3]);
user_group_map2 = array1d(1..15, [1, 1, 1, 1, 1, 1, 1, 1, 1, 1, 1, 2, 2, 3, 3]);
user_start_time_map1 = array1d(1..15, [116, 116, 116, 116, 116, 116, 116, 116, 116, 116, 116, 141, 141, 198, 198]);
user_start_time_map2 = array1d(1..15, [148, 148, 148, 148, 148, 148, 148, 148, 148, 148, 148, 166, 166, 227, 227]);
user_weight_map1 = array1d(1..15, [0, 0, 0, 0, 0, 0, 0, 0, 0, 0, -1, -2, 0, 0, 0]);
user_weight_map2 = array1d(1..15, [0, 0, 0, 0, 0, 0, 0, -1, 0, 0, 0, 0, 1, 2, 0]);
----------
objective = 128;
user_act_map1 = array1d(1..15, [415, 415, 415, 415, 415, 415, 415, 415, 415, 415, 415, 48, 48, 146, 146]);
user_act_map2 = array1d(1..15, [1076, 1076, 1076, 1076, 1076, 1076, 1076, 1076, 1076, 1076, 1076, 20, 20, 1, 1]);
user_duration_map1 = array1d(1..15, [27, 27, 27, 27, 27, 27, 27, 27, 27, 27, 27, 20, 20, 23, 23]);
user_duration_map2 = array1d(1..15, [18, 18, 18, 18, 18, 18, 18, 18, 18, 18, 18, 18, 18, 18, 18]);
user_end_map1 = array1d(1..15, [147, 147, 147, 147, 147, 147, 147, 147, 147, 147, 147, 161, 161, 221, 221]);
user_end_map2 = array1d(1..15, [174, 174, 174, 174, 174, 174, 174, 174, 174, 174, 174, 264, 264, 276, 276]);
user_group_map1 = array1d(1..15, [1, 1, 1, 1, 1, 1, 1, 1, 1, 1, 1, 2, 2, 3, 3]);
user_group_map2 = array1d(1..15, [1, 1, 1, 1, 1, 1, 1, 1, 1, 1, 1, 2, 2, 3, 3]);
user_start_time_map1 = array1d(1..15, [120, 120, 120, 120, 120, 120, 120, 120, 120, 120, 120, 141, 141, 198, 198]);
user_start_time_map2 = array1d(1..15, [153, 153, 153, 153, 153, 153, 153, 153, 153, 153, 153, 165, 165, 227, 227]);
user_weight_map1 = array1d(1..15, [0, 0, 0, 0, 0, 0, 0, 0, 0, 0, -1, -2, 0, 0, 0]);
user_weight_map2 = array1d(1..15, [0, 0, 0, 0, 0, 0, 0, 0, 0, 2, 0, 0, 0, 0, 0]);
----------
objective = 130;
user_act_map1 = array1d(1..15, [283, 283, 283, 283, 283, 283, 283, 283, 283, 283, 283, 48, 48, 346, 346]);
user_act_map2 = array1d(1..15, [5, 5, 5, 5, 5, 5, 5, 5, 5, 5, 5, 20, 20, 1810, 1810]);
user_duration_map1 = array1d(1..15, [27, 27, 27, 27, 27, 27, 27, 27, 27, 27, 27, 20, 20, 18, 18]);
user_duration_map2 = array1d(1..15, [18, 18, 18, 18, 18, 18, 18, 18, 18, 18, 18, 18, 18, 18, 18]);
user_end_map1 = array1d(1..15, [143, 143, 143, 143, 143, 143, 143, 143, 143, 143, 143, 161, 161, 192, 192]);
user_end_map2 = array1d(1..15, [168, 168, 168, 168, 168, 168, 168, 168, 168, 168, 168, 264, 264, 228, 228]);
user_group_map1 = array1d(1..15, [1, 1, 1, 1, 1, 1, 1, 1, 1, 1, 1, 2, 2, 3, 3]);
user_group_map2 = array1d(1..15, [1, 1, 1, 1, 1, 1, 1, 1, 1, 1, 1, 2, 2, 3, 3]);
user_start_time_map1 = array1d(1..15, [116, 116, 116, 116, 116, 116, 116, 116, 116, 116, 116, 141, 141, 174, 174]);
user_start_time_map2 = array1d(1..15, [148, 148, 148, 148, 148, 148, 148, 148, 148, 148, 148, 165, 165, 195, 195]);
user_weight_map1 = array1d(1..15, [0, 0, 0, 0, 0, 0, 0, 0, 0, 0, -1, -2, 0, 0, 0]);
user_weight_map2 = array1d(1..15, [0, 0, 0, 0, 0, 0, 0, 0, 0, 0, 0, 0, 0, 1, 0]);
----------
objective = 133;
user_act_map1 = array1d(1..15, [415, 415, 415, 415, 415, 415, 415, 415, 415, 415, 415, 48, 48, 3, 3]);
user_act_map2 = array1d(1..15, [1076, 1076, 1076, 1076, 1076, 1076, 1076, 1076, 1076, 1076, 1076, 20, 20, 4758, 4758]);
user_duration_map1 = array1d(1..15, [27, 27, 27, 27, 27, 27, 27, 27, 27, 27, 27, 20, 20, 20, 20]);
user_duration_map2 = array1d(1..15, [18, 18, 18, 18, 18, 18, 18, 18, 18, 18, 18, 18, 18, 18, 18]);
user_end_map1 = array1d(1..15, [147, 147, 147, 147, 147, 147, 147, 147, 147, 147, 147, 161, 161, 224, 224]);
user_end_map2 = array1d(1..15, [174, 174, 174, 174, 174, 174, 174, 174, 174, 174, 174, 264, 264, 264, 264]);
user_group_map1 = array1d(1..15, [1, 1, 1, 1, 1, 1, 1, 1, 1, 1, 1, 2, 2, 3, 3]);
user_group_map2 = array1d(1..15, [1, 1, 1, 1, 1, 1, 1, 1, 1, 1, 1, 2, 2, 3, 3]);
user_start_time_map1 = array1d(1..15, [120, 120, 120, 120, 120, 120, 120, 120, 120, 120, 120, 141, 141, 204, 204]);
user_start_time_map2 = array1d(1..15, [153, 153, 153, 153, 153, 153, 153, 153, 153, 153, 153, 165, 165, 230, 230]);
user_weight_map1 = array1d(1..15, [0, 0, 0, 0, 0, 0, 0, 0, 0, 0, -1, -2, 0, 0, 0]);
user_weight_map2 = array1d(1..15, [0, 0, 0, 0, 0, 0, 0, 0, 0, 2, 0, 0, 0, 1, 0]);
----------
objective = 135;
user_act_map1 = array1d(1..15, [415, 415, 415, 415, 415, 415, 415, 415, 415, 415, 415, 48, 48, 14, 14]);
user_act_map2 = array1d(1..15, [1076, 1076, 1076, 1076, 1076, 1076, 1076, 1076, 1076, 1076, 1076, 20, 20, 1810, 1810]);
user_duration_map1 = array1d(1..15, [27, 27, 27, 27, 27, 27, 27, 27, 27, 27, 27, 20, 20, 28, 28]);
user_duration_map2 = array1d(1..15, [18, 18, 18, 18, 18, 18, 18, 18, 18, 18, 18, 18, 18, 18, 18]);
user_end_map1 = array1d(1..15, [147, 147, 147, 147, 147, 147, 147, 147, 147, 147, 147, 161, 161, 196, 196]);
user_end_map2 = array1d(1..15, [174, 174, 174, 174, 174, 174, 174, 174, 174, 174, 174, 264, 264, 228, 228]);
user_group_map1 = array1d(1..15, [1, 1, 1, 1, 1, 1, 1, 1, 1, 1, 1, 2, 2, 3, 3]);
user_group_map2 = array1d(1..15, [1, 1, 1, 1, 1, 1, 1, 1, 1, 1, 1, 2, 2, 3, 3]);
user_start_time_map1 = array1d(1..15, [120, 120, 120, 120, 120, 120, 120, 120, 120, 120, 120, 141, 141, 168, 168]);
user_start_time_map2 = array1d(1..15, [153, 153, 153, 153, 153, 153, 153, 153, 153, 153, 153, 165, 165, 201, 201]);
user_weight_map1 = array1d(1..15, [0, 0, 0, 0, 0, 0, 0, 0, 0, 0, -1, -2, 0, 0, 0]);
user_weight_map2 = array1d(1..15, [0, 0, 0, 0, 0, 0, 0, 0, 0, 2, 0, 0, 0, 1, 0]);
----------
objective = 137;
user_act_map1 = array1d(1..15, [415, 415, 415, 415, 415, 415, 415, 415, 415, 415, 415, 48, 48, 346, 346]);
user_act_map2 = array1d(1..15, [1076, 1076, 1076, 1076, 1076, 1076, 1076, 1076, 1076, 1076, 1076, 20, 20, 1810, 1810]);
user_duration_map1 = array1d(1..15, [27, 27, 27, 27, 27, 27, 27, 27, 27, 27, 27, 20, 20, 18, 18]);
user_duration_map2 = array1d(1..15, [18, 18, 18, 18, 18, 18, 18, 18, 18, 18, 18, 18, 18, 18, 18]);
user_end_map1 = array1d(1..15, [147, 147, 147, 147, 147, 147, 147, 147, 147, 147, 147, 161, 161, 192, 192]);
user_end_map2 = array1d(1..15, [174, 174, 174, 174, 174, 174, 174, 174, 174, 174, 174, 264, 264, 228, 228]);
user_group_map1 = array1d(1..15, [1, 1, 1, 1, 1, 1, 1, 1, 1, 1, 1, 2, 2, 3, 3]);
user_group_map2 = array1d(1..15, [1, 1, 1, 1, 1, 1, 1, 1, 1, 1, 1, 2, 2, 3, 3]);
user_start_time_map1 = array1d(1..15, [120, 120, 120, 120, 120, 120, 120, 120, 120, 120, 120, 141, 141, 174, 174]);
user_start_time_map2 = array1d(1..15, [153, 153, 153, 153, 153, 153, 153, 153, 153, 153, 153, 165, 165, 195, 195]);
user_weight_map1 = array1d(1..15, [0, 0, 0, 0, 0, 0, 0, 0, 0, 0, -1, -2, 0, 0, 0]);
user_weight_map2 = array1d(1..15, [0, 0, 0, 0, 0, 0, 0, 0, 0, 2, 0, 0, 0, 1, 0]);
----------
objective = 142;
user_act_map1 = array1d(1..15, [415, 415, 415, 415, 415, 415, 415, 415, 415, 415, 415, 48, 48, 3, 3]);
user_act_map2 = array1d(1..15, [1076, 1076, 1076, 1076, 1076, 1076, 1076, 1076, 1076, 1076, 1076, 20, 20, 1347, 1347]);
user_duration_map1 = array1d(1..15, [27, 27, 27, 27, 27, 27, 27, 27, 27, 27, 27, 20, 20, 20, 20]);
user_duration_map2 = array1d(1..15, [18, 18, 18, 18, 18, 18, 18, 18, 18, 18, 18, 18, 18, 18, 18]);
user_end_map1 = array1d(1..15, [147, 147, 147, 147, 147, 147, 147, 147, 147, 147, 147, 161, 161, 224, 224]);
user_end_map2 = array1d(1..15, [174, 174, 174, 174, 174, 174, 174, 174, 174, 174, 174, 264, 264, 282, 282]);
user_group_map1 = array1d(1..15, [1, 1, 1, 1, 1, 1, 1, 1, 1, 1, 1, 2, 2, 3, 3]);
user_group_map2 = array1d(1..15, [1, 1, 1, 1, 1, 1, 1, 1, 1, 1, 1, 2, 2, 3, 3]);
user_start_time_map1 = array1d(1..15, [120, 120, 120, 120, 120, 120, 120, 120, 120, 120, 120, 141, 141, 204, 204]);
user_start_time_map2 = array1d(1..15, [153, 153, 153, 153, 153, 153, 153, 153, 153, 153, 153, 165, 165, 228, 228]);
user_weight_map1 = array1d(1..15, [0, 0, 0, 0, 0, 0, 0, 0, 0, 0, -1, -2, 0, 0, 0]);
user_weight_map2 = array1d(1..15, [0, 0, 0, 0, 0, 0, 0, 0, 0, 2, 0, 0, 0, 2, 0]);
----------
objective = 144;
user_act_map1 = array1d(1..15, [415, 415, 415, 415, 415, 415, 415, 415, 415, 415, 415, 48, 48, 146, 146]);
user_act_map2 = array1d(1..15, [1076, 1076, 1076, 1076, 1076, 1076, 1076, 1076, 1076, 1076, 1076, 20, 20, 1347, 1347]);
user_duration_map1 = array1d(1..15, [27, 27, 27, 27, 27, 27, 27, 27, 27, 27, 27, 20, 20, 23, 23]);
user_duration_map2 = array1d(1..15, [18, 18, 18, 18, 18, 18, 18, 18, 18, 18, 18, 18, 18, 18, 18]);
user_end_map1 = array1d(1..15, [147, 147, 147, 147, 147, 147, 147, 147, 147, 147, 147, 161, 161, 221, 221]);
user_end_map2 = array1d(1..15, [174, 174, 174, 174, 174, 174, 174, 174, 174, 174, 174, 264, 264, 282, 282]);
user_group_map1 = array1d(1..15, [1, 1, 1, 1, 1, 1, 1, 1, 1, 1, 1, 2, 2, 3, 3]);
user_group_map2 = array1d(1..15, [1, 1, 1, 1, 1, 1, 1, 1, 1, 1, 1, 2, 2, 3, 3]);
user_start_time_map1 = array1d(1..15, [120, 120, 120, 120, 120, 120, 120, 120, 120, 120, 120, 141, 141, 198, 198]);
user_start_time_map2 = array1d(1..15, [153, 153, 153, 153, 153, 153, 153, 153, 153, 153, 153, 165, 165, 227, 227]);
user_weight_map1 = array1d(1..15, [0, 0, 0, 0, 0, 0, 0, 0, 0, 0, -1, -2, 0, 0, 0]);
user_weight_map2 = array1d(1..15, [0, 0, 0, 0, 0, 0, 0, 0, 0, 2, 0, 0, 0, 2, 0]);
----------
objective = 146;
user_act_map1 = array1d(1..15, [415, 415, 415, 415, 415, 415, 415, 415, 415, 415, 415, 48, 48, 14, 14]);
user_act_map2 = array1d(1..15, [49, 49, 49, 49, 49, 49, 49, 49, 49, 49, 49, 20, 20, 1810, 1810]);
user_duration_map1 = array1d(1..15, [27, 27, 27, 27, 27, 27, 27, 27, 27, 27, 27, 20, 20, 28, 28]);
user_duration_map2 = array1d(1..15, [18, 18, 18, 18, 18, 18, 18, 18, 18, 18, 18, 18, 18, 18, 18]);
user_end_map1 = array1d(1..15, [147, 147, 147, 147, 147, 147, 147, 147, 147, 147, 147, 161, 161, 196, 196]);
user_end_map2 = array1d(1..15, [180, 180, 180, 180, 180, 180, 180, 180, 180, 180, 180, 264, 264, 228, 228]);
user_group_map1 = array1d(1..15, [1, 1, 1, 1, 1, 1, 1, 1, 1, 1, 1, 2, 2, 3, 3]);
user_group_map2 = array1d(1..15, [1, 1, 1, 1, 1, 1, 1, 1, 1, 1, 1, 2, 2, 3, 3]);
user_start_time_map1 = array1d(1..15, [120, 120, 120, 120, 120, 120, 120, 120, 120, 120, 120, 141, 141, 168, 168]);
user_start_time_map2 = array1d(1..15, [150, 150, 150, 150, 150, 150, 150, 150, 150, 150, 150, 165, 165, 201, 201]);
user_weight_map1 = array1d(1..15, [0, 0, 0, 0, 0, 0, 0, 0, 0, 0, -1, -2, 0, 0, 0]);
user_weight_map2 = array1d(1..15, [0, 0, 0, 0, 0, 0, 0, 0, 0, 0, 2, 0, 0, 1, 0]);
----------
objective = 148;
user_act_map1 = array1d(1..15, [415, 415, 415, 415, 415, 415, 415, 415, 415, 415, 415, 48, 48, 346, 346]);
user_act_map2 = array1d(1..15, [49, 49, 49, 49, 49, 49, 49, 49, 49, 49, 49, 20, 20, 1810, 1810]);
user_duration_map1 = array1d(1..15, [27, 27, 27, 27, 27, 27, 27, 27, 27, 27, 27, 20, 20, 18, 18]);
user_duration_map2 = array1d(1..15, [18, 18, 18, 18, 18, 18, 18, 18, 18, 18, 18, 18, 18, 18, 18]);
user_end_map1 = array1d(1..15, [147, 147, 147, 147, 147, 147, 147, 147, 147, 147, 147, 161, 161, 192, 192]);
user_end_map2 = array1d(1..15, [180, 180, 180, 180, 180, 180, 180, 180, 180, 180, 180, 264, 264, 228, 228]);
user_group_map1 = array1d(1..15, [1, 1, 1, 1, 1, 1, 1, 1, 1, 1, 1, 2, 2, 3, 3]);
user_group_map2 = array1d(1..15, [1, 1, 1, 1, 1, 1, 1, 1, 1, 1, 1, 2, 2, 3, 3]);
user_start_time_map1 = array1d(1..15, [120, 120, 120, 120, 120, 120, 120, 120, 120, 120, 120, 141, 141, 174, 174]);
user_start_time_map2 = array1d(1..15, [150, 150, 150, 150, 150, 150, 150, 150, 150, 150, 150, 165, 165, 195, 195]);
user_weight_map1 = array1d(1..15, [0, 0, 0, 0, 0, 0, 0, 0, 0, 0, -1, -2, 0, 0, 0]);
user_weight_map2 = array1d(1..15, [0, 0, 0, 0, 0, 0, 0, 0, 0, 0, 2, 0, 0, 1, 0]);
----------
objective = 153;
user_act_map1 = array1d(1..15, [415, 415, 415, 415, 415, 415, 415, 415, 415, 415, 415, 48, 48, 3, 3]);
user_act_map2 = array1d(1..15, [49, 49, 49, 49, 49, 49, 49, 49, 49, 49, 49, 20, 20, 1347, 1347]);
user_duration_map1 = array1d(1..15, [27, 27, 27, 27, 27, 27, 27, 27, 27, 27, 27, 20, 20, 20, 20]);
user_duration_map2 = array1d(1..15, [18, 18, 18, 18, 18, 18, 18, 18, 18, 18, 18, 18, 18, 18, 18]);
user_end_map1 = array1d(1..15, [147, 147, 147, 147, 147, 147, 147, 147, 147, 147, 147, 161, 161, 224, 224]);
user_end_map2 = array1d(1..15, [180, 180, 180, 180, 180, 180, 180, 180, 180, 180, 180, 264, 264, 282, 282]);
user_group_map1 = array1d(1..15, [1, 1, 1, 1, 1, 1, 1, 1, 1, 1, 1, 2, 2, 3, 3]);
user_group_map2 = array1d(1..15, [1, 1, 1, 1, 1, 1, 1, 1, 1, 1, 1, 2, 2, 3, 3]);
user_start_time_map1 = array1d(1..15, [120, 120, 120, 120, 120, 120, 120, 120, 120, 120, 120, 141, 141, 204, 204]);
user_start_time_map2 = array1d(1..15, [150, 150, 150, 150, 150, 150, 150, 150, 150, 150, 150, 165, 165, 228, 228]);
user_weight_map1 = array1d(1..15, [0, 0, 0, 0, 0, 0, 0, 0, 0, 0, -1, -2, 0, 0, 0]);
user_weight_map2 = array1d(1..15, [0, 0, 0, 0, 0, 0, 0, 0, 0, 0, 2, 0, 0, 2, 0]);
----------
objective = 155;
user_act_map1 = array1d(1..15, [415, 415, 415, 415, 415, 415, 415, 415, 415, 415, 415, 48, 48, 146, 146]);
user_act_map2 = array1d(1..15, [49, 49, 49, 49, 49, 49, 49, 49, 49, 49, 49, 20, 20, 1347, 1347]);
user_duration_map1 = array1d(1..15, [27, 27, 27, 27, 27, 27, 27, 27, 27, 27, 27, 20, 20, 23, 23]);
user_duration_map2 = array1d(1..15, [18, 18, 18, 18, 18, 18, 18, 18, 18, 18, 18, 18, 18, 18, 18]);
user_end_map1 = array1d(1..15, [147, 147, 147, 147, 147, 147, 147, 147, 147, 147, 147, 161, 161, 221, 221]);
user_end_map2 = array1d(1..15, [180, 180, 180, 180, 180, 180, 180, 180, 180, 180, 180, 264, 264, 282, 282]);
user_group_map1 = array1d(1..15, [1, 1, 1, 1, 1, 1, 1, 1, 1, 1, 1, 2, 2, 3, 3]);
user_group_map2 = array1d(1..15, [1, 1, 1, 1, 1, 1, 1, 1, 1, 1, 1, 2, 2, 3, 3]);
user_start_time_map1 = array1d(1..15, [120, 120, 120, 120, 120, 120, 120, 120, 120, 120, 120, 141, 141, 198, 198]);
user_start_time_map2 = array1d(1..15, [150, 150, 150, 150, 150, 150, 150, 150, 150, 150, 150, 165, 165, 227, 227]);
user_weight_map1 = array1d(1..15, [0, 0, 0, 0, 0, 0, 0, 0, 0, 0, -1, -2, 0, 0, 0]);
user_weight_map2 = array1d(1..15, [0, 0, 0, 0, 0, 0, 0, 0, 0, 0, 2, 0, 0, 2, 0]);
----------
objective = 157;
user_act_map1 = array1d(1..15, [415, 415, 415, 415, 415, 415, 415, 415, 415, 415, 415, 48, 48, 346, 346]);
user_act_map2 = array1d(1..15, [49, 49, 49, 49, 49, 49, 49, 49, 49, 49, 49, 598, 598, 1810, 1810]);
user_duration_map1 = array1d(1..15, [27, 27, 27, 27, 27, 27, 27, 27, 27, 27, 27, 20, 20, 18, 18]);
user_duration_map2 = array1d(1..15, [18, 18, 18, 18, 18, 18, 18, 18, 18, 18, 18, 18, 18, 18, 18]);
user_end_map1 = array1d(1..15, [147, 147, 147, 147, 147, 147, 147, 147, 147, 147, 147, 161, 161, 192, 192]);
user_end_map2 = array1d(1..15, [180, 180, 180, 180, 180, 180, 180, 180, 180, 180, 180, 252, 252, 228, 228]);
user_group_map1 = array1d(1..15, [1, 1, 1, 1, 1, 1, 1, 1, 1, 1, 1, 2, 2, 3, 3]);
user_group_map2 = array1d(1..15, [1, 1, 1, 1, 1, 1, 1, 1, 1, 1, 1, 2, 2, 3, 3]);
user_start_time_map1 = array1d(1..15, [120, 120, 120, 120, 120, 120, 120, 120, 120, 120, 120, 141, 141, 174, 174]);
user_start_time_map2 = array1d(1..15, [150, 150, 150, 150, 150, 150, 150, 150, 150, 150, 150, 166, 166, 195, 195]);
user_weight_map1 = array1d(1..15, [0, 0, 0, 0, 0, 0, 0, 0, 0, 0, -1, -2, 0, 0, 0]);
user_weight_map2 = array1d(1..15, [0, 0, 0, 0, 0, 0, 0, 0, 0, 0, 2, 0, 1, 1, 0]);
----------
objective = 162;
user_act_map1 = array1d(1..15, [415, 415, 415, 415, 415, 415, 415, 415, 415, 415, 415, 48, 48, 3, 3]);
user_act_map2 = array1d(1..15, [49, 49, 49, 49, 49, 49, 49, 49, 49, 49, 49, 598, 598, 1347, 1347]);
user_duration_map1 = array1d(1..15, [27, 27, 27, 27, 27, 27, 27, 27, 27, 27, 27, 20, 20, 20, 20]);
user_duration_map2 = array1d(1..15, [18, 18, 18, 18, 18, 18, 18, 18, 18, 18, 18, 18, 18, 18, 18]);
user_end_map1 = array1d(1..15, [147, 147, 147, 147, 147, 147, 147, 147, 147, 147, 147, 161, 161, 224, 224]);
user_end_map2 = array1d(1..15, [180, 180, 180, 180, 180, 180, 180, 180, 180, 180, 180, 252, 252, 282, 282]);
user_group_map1 = array1d(1..15, [1, 1, 1, 1, 1, 1, 1, 1, 1, 1, 1, 2, 2, 3, 3]);
user_group_map2 = array1d(1..15, [1, 1, 1, 1, 1, 1, 1, 1, 1, 1, 1, 2, 2, 3, 3]);
user_start_time_map1 = array1d(1..15, [120, 120, 120, 120, 120, 120, 120, 120, 120, 120, 120, 141, 141, 204, 204]);
user_start_time_map2 = array1d(1..15, [150, 150, 150, 150, 150, 150, 150, 150, 150, 150, 150, 166, 166, 228, 228]);
user_weight_map1 = array1d(1..15, [0, 0, 0, 0, 0, 0, 0, 0, 0, 0, -1, -2, 0, 0, 0]);
user_weight_map2 = array1d(1..15, [0, 0, 0, 0, 0, 0, 0, 0, 0, 0, 2, 0, 1, 2, 0]);
----------
objective = 164;
user_act_map1 = array1d(1..15, [415, 415, 415, 415, 415, 415, 415, 415, 415, 415, 415, 48, 48, 146, 146]);
user_act_map2 = array1d(1..15, [49, 49, 49, 49, 49, 49, 49, 49, 49, 49, 49, 598, 598, 1347, 1347]);
user_duration_map1 = array1d(1..15, [27, 27, 27, 27, 27, 27, 27, 27, 27, 27, 27, 20, 20, 23, 23]);
user_duration_map2 = array1d(1..15, [18, 18, 18, 18, 18, 18, 18, 18, 18, 18, 18, 18, 18, 18, 18]);
user_end_map1 = array1d(1..15, [147, 147, 147, 147, 147, 147, 147, 147, 147, 147, 147, 161, 161, 221, 221]);
user_end_map2 = array1d(1..15, [180, 180, 180, 180, 180, 180, 180, 180, 180, 180, 180, 252, 252, 282, 282]);
user_group_map1 = array1d(1..15, [1, 1, 1, 1, 1, 1, 1, 1, 1, 1, 1, 2, 2, 3, 3]);
user_group_map2 = array1d(1..15, [1, 1, 1, 1, 1, 1, 1, 1, 1, 1, 1, 2, 2, 3, 3]);
user_start_time_map1 = array1d(1..15, [120, 120, 120, 120, 120, 120, 120, 120, 120, 120, 120, 141, 141, 198, 198]);
user_start_time_map2 = array1d(1..15, [150, 150, 150, 150, 150, 150, 150, 150, 150, 150, 150, 166, 166, 227, 227]);
user_weight_map1 = array1d(1..15, [0, 0, 0, 0, 0, 0, 0, 0, 0, 0, -1, -2, 0, 0, 0]);
user_weight_map2 = array1d(1..15, [0, 0, 0, 0, 0, 0, 0, 0, 0, 0, 2, 0, 1, 2, 0]);
----------
objective = 166;
user_act_map1 = array1d(1..15, [415, 415, 415, 415, 415, 415, 415, 415, 415, 415, 415, 146, 146, 14, 14]);
user_act_map2 = array1d(1..15, [49, 49, 49, 49, 49, 49, 49, 49, 49, 49, 49, 1, 1, 1810, 1810]);
user_duration_map1 = array1d(1..15, [27, 27, 27, 27, 27, 27, 27, 27, 27, 27, 27, 23, 23, 28, 28]);
user_duration_map2 = array1d(1..15, [18, 18, 18, 18, 18, 18, 18, 18, 18, 18, 18, 18, 18, 18, 18]);
user_end_map1 = array1d(1..15, [147, 147, 147, 147, 147, 147, 147, 147, 147, 147, 147, 221, 221, 196, 196]);
user_end_map2 = array1d(1..15, [180, 180, 180, 180, 180, 180, 180, 180, 180, 180, 180, 276, 276, 228, 228]);
user_group_map1 = array1d(1..15, [1, 1, 1, 1, 1, 1, 1, 1, 1, 1, 1, 2, 2, 3, 3]);
user_group_map2 = array1d(1..15, [1, 1, 1, 1, 1, 1, 1, 1, 1, 1, 1, 2, 2, 3, 3]);
user_start_time_map1 = array1d(1..15, [120, 120, 120, 120, 120, 120, 120, 120, 120, 120, 120, 198, 198, 168, 168]);
user_start_time_map2 = array1d(1..15, [150, 150, 150, 150, 150, 150, 150, 150, 150, 150, 150, 227, 227, 201, 201]);
user_weight_map1 = array1d(1..15, [0, 0, 0, 0, 0, 0, 0, 0, 0, 0, -1, 0, 0, 0, 0]);
user_weight_map2 = array1d(1..15, [0, 0, 0, 0, 0, 0, 0, 0, 0, 0, 2, 0, 0, 1, 0]);
----------
objective = 168;
user_act_map1 = array1d(1..15, [415, 415, 415, 415, 415, 415, 415, 415, 415, 415, 415, 146, 146, 346, 346]);
user_act_map2 = array1d(1..15, [49, 49, 49, 49, 49, 49, 49, 49, 49, 49, 49, 1, 1, 1810, 1810]);
user_duration_map1 = array1d(1..15, [27, 27, 27, 27, 27, 27, 27, 27, 27, 27, 27, 23, 23, 18, 18]);
user_duration_map2 = array1d(1..15, [18, 18, 18, 18, 18, 18, 18, 18, 18, 18, 18, 18, 18, 18, 18]);
user_end_map1 = array1d(1..15, [147, 147, 147, 147, 147, 147, 147, 147, 147, 147, 147, 221, 221, 192, 192]);
user_end_map2 = array1d(1..15, [180, 180, 180, 180, 180, 180, 180, 180, 180, 180, 180, 276, 276, 228, 228]);
user_group_map1 = array1d(1..15, [1, 1, 1, 1, 1, 1, 1, 1, 1, 1, 1, 2, 2, 3, 3]);
user_group_map2 = array1d(1..15, [1, 1, 1, 1, 1, 1, 1, 1, 1, 1, 1, 2, 2, 3, 3]);
user_start_time_map1 = array1d(1..15, [120, 120, 120, 120, 120, 120, 120, 120, 120, 120, 120, 198, 198, 174, 174]);
user_start_time_map2 = array1d(1..15, [150, 150, 150, 150, 150, 150, 150, 150, 150, 150, 150, 227, 227, 195, 195]);
user_weight_map1 = array1d(1..15, [0, 0, 0, 0, 0, 0, 0, 0, 0, 0, -1, 0, 0, 0, 0]);
user_weight_map2 = array1d(1..15, [0, 0, 0, 0, 0, 0, 0, 0, 0, 0, 2, 0, 0, 1, 0]);
----------
objective = 171;
user_act_map1 = array1d(1..15, [415, 415, 415, 415, 415, 415, 415, 415, 415, 415, 415, 1, 1, 3, 3]);
user_act_map2 = array1d(1..15, [49, 49, 49, 49, 49, 49, 49, 49, 49, 49, 49, 51, 51, 1347, 1347]);
user_duration_map1 = array1d(1..15, [27, 27, 27, 27, 27, 27, 27, 27, 27, 27, 27, 27, 27, 20, 20]);
user_duration_map2 = array1d(1..15, [18, 18, 18, 18, 18, 18, 18, 18, 18, 18, 18, 18, 18, 18, 18]);
user_end_map1 = array1d(1..15, [147, 147, 147, 147, 147, 147, 147, 147, 147, 147, 147, 195, 195, 224, 224]);
user_end_map2 = array1d(1..15, [180, 180, 180, 180, 180, 180, 180, 180, 180, 180, 180, 276, 276, 282, 282]);
user_group_map1 = array1d(1..15, [1, 1, 1, 1, 1, 1, 1, 1, 1, 1, 1, 2, 2, 3, 3]);
user_group_map2 = array1d(1..15, [1, 1, 1, 1, 1, 1, 1, 1, 1, 1, 1, 2, 2, 3, 3]);
user_start_time_map1 = array1d(1..15, [120, 120, 120, 120, 120, 120, 120, 120, 120, 120, 120, 168, 168, 204, 204]);
user_start_time_map2 = array1d(1..15, [150, 150, 150, 150, 150, 150, 150, 150, 150, 150, 150, 199, 199, 228, 228]);
user_weight_map1 = array1d(1..15, [0, 0, 0, 0, 0, 0, 0, 0, 0, 0, -1, 0, 0, 0, 0]);
user_weight_map2 = array1d(1..15, [0, 0, 0, 0, 0, 0, 0, 0, 0, 0, 2, 0, 0, 2, 0]);
----------
objective = 173;
user_act_map1 = array1d(1..15, [415, 415, 415, 415, 415, 415, 415, 415, 415, 415, 415, 146, 146, 3, 3]);
user_act_map2 = array1d(1..15, [49, 49, 49, 49, 49, 49, 49, 49, 49, 49, 49, 1, 1, 1347, 1347]);
user_duration_map1 = array1d(1..15, [27, 27, 27, 27, 27, 27, 27, 27, 27, 27, 27, 23, 23, 20, 20]);
user_duration_map2 = array1d(1..15, [18, 18, 18, 18, 18, 18, 18, 18, 18, 18, 18, 18, 18, 18, 18]);
user_end_map1 = array1d(1..15, [147, 147, 147, 147, 147, 147, 147, 147, 147, 147, 147, 221, 221, 224, 224]);
user_end_map2 = array1d(1..15, [180, 180, 180, 180, 180, 180, 180, 180, 180, 180, 180, 276, 276, 282, 282]);
user_group_map1 = array1d(1..15, [1, 1, 1, 1, 1, 1, 1, 1, 1, 1, 1, 2, 2, 3, 3]);
user_group_map2 = array1d(1..15, [1, 1, 1, 1, 1, 1, 1, 1, 1, 1, 1, 2, 2, 3, 3]);
user_start_time_map1 = array1d(1..15, [120, 120, 120, 120, 120, 120, 120, 120, 120, 120, 120, 198, 198, 204, 204]);
user_start_time_map2 = array1d(1..15, [150, 150, 150, 150, 150, 150, 150, 150, 150, 150, 150, 227, 227, 228, 228]);
user_weight_map1 = array1d(1..15, [0, 0, 0, 0, 0, 0, 0, 0, 0, 0, -1, 0, 0, 0, 0]);
user_weight_map2 = array1d(1..15, [0, 0, 0, 0, 0, 0, 0, 0, 0, 0, 2, 0, 0, 2, 0]);
----------
objective = 175;
user_act_map1 = array1d(1..15, [415, 415, 415, 415, 415, 415, 415, 415, 415, 415, 415, 146, 146, 146, 146]);
user_act_map2 = array1d(1..15, [49, 49, 49, 49, 49, 49, 49, 49, 49, 49, 49, 1, 1, 1347, 1347]);
user_duration_map1 = array1d(1..15, [27, 27, 27, 27, 27, 27, 27, 27, 27, 27, 27, 23, 23, 23, 23]);
user_duration_map2 = array1d(1..15, [18, 18, 18, 18, 18, 18, 18, 18, 18, 18, 18, 18, 18, 18, 18]);
user_end_map1 = array1d(1..15, [147, 147, 147, 147, 147, 147, 147, 147, 147, 147, 147, 221, 221, 221, 221]);
user_end_map2 = array1d(1..15, [180, 180, 180, 180, 180, 180, 180, 180, 180, 180, 180, 276, 276, 282, 282]);
user_group_map1 = array1d(1..15, [1, 1, 1, 1, 1, 1, 1, 1, 1, 1, 1, 2, 2, 3, 3]);
user_group_map2 = array1d(1..15, [1, 1, 1, 1, 1, 1, 1, 1, 1, 1, 1, 2, 2, 3, 3]);
user_start_time_map1 = array1d(1..15, [120, 120, 120, 120, 120, 120, 120, 120, 120, 120, 120, 198, 198, 198, 198]);
user_start_time_map2 = array1d(1..15, [150, 150, 150, 150, 150, 150, 150, 150, 150, 150, 150, 227, 227, 227, 227]);
user_weight_map1 = array1d(1..15, [0, 0, 0, 0, 0, 0, 0, 0, 0, 0, -1, 0, 0, 0, 0]);
user_weight_map2 = array1d(1..15, [0, 0, 0, 0, 0, 0, 0, 0, 0, 0, 2, 0, 0, 2, 0]);
----------
objective = 177;
user_act_map1 = array1d(1..15, [415, 415, 415, 415, 415, 415, 415, 415, 415, 415, 415, 146, 146, 346, 346]);
user_act_map2 = array1d(1..15, [49, 49, 49, 49, 49, 49, 49, 49, 49, 49, 49, 598, 598, 1810, 1810]);
user_duration_map1 = array1d(1..15, [27, 27, 27, 27, 27, 27, 27, 27, 27, 27, 27, 23, 23, 18, 18]);
user_duration_map2 = array1d(1..15, [18, 18, 18, 18, 18, 18, 18, 18, 18, 18, 18, 18, 18, 18, 18]);
user_end_map1 = array1d(1..15, [147, 147, 147, 147, 147, 147, 147, 147, 147, 147, 147, 221, 221, 192, 192]);
user_end_map2 = array1d(1..15, [180, 180, 180, 180, 180, 180, 180, 180, 180, 180, 180, 252, 252, 228, 228]);
user_group_map1 = array1d(1..15, [1, 1, 1, 1, 1, 1, 1, 1, 1, 1, 1, 2, 2, 3, 3]);
user_group_map2 = array1d(1..15, [1, 1, 1, 1, 1, 1, 1, 1, 1, 1, 1, 2, 2, 3, 3]);
user_start_time_map1 = array1d(1..15, [120, 120, 120, 120, 120, 120, 120, 120, 120, 120, 120, 198, 198, 174, 174]);
user_start_time_map2 = array1d(1..15, [150, 150, 150, 150, 150, 150, 150, 150, 150, 150, 150, 224, 224, 195, 195]);
user_weight_map1 = array1d(1..15, [0, 0, 0, 0, 0, 0, 0, 0, 0, 0, -1, 0, 0, 0, 0]);
user_weight_map2 = array1d(1..15, [0, 0, 0, 0, 0, 0, 0, 0, 0, 0, 2, 0, 1, 1, 0]);
----------
objective = 180;
user_act_map1 = array1d(1..15, [415, 415, 415, 415, 415, 415, 415, 415, 415, 415, 415, 8, 8, 3, 3]);
user_act_map2 = array1d(1..15, [49, 49, 49, 49, 49, 49, 49, 49, 49, 49, 49, 598, 598, 1347, 1347]);
user_duration_map1 = array1d(1..15, [27, 27, 27, 27, 27, 27, 27, 27, 27, 27, 27, 26, 26, 20, 20]);
user_duration_map2 = array1d(1..15, [18, 18, 18, 18, 18, 18, 18, 18, 18, 18, 18, 18, 18, 18, 18]);
user_end_map1 = array1d(1..15, [147, 147, 147, 147, 147, 147, 147, 147, 147, 147, 147, 196, 196, 224, 224]);
user_end_map2 = array1d(1..15, [180, 180, 180, 180, 180, 180, 180, 180, 180, 180, 180, 252, 252, 282, 282]);
user_group_map1 = array1d(1..15, [1, 1, 1, 1, 1, 1, 1, 1, 1, 1, 1, 2, 2, 3, 3]);
user_group_map2 = array1d(1..15, [1, 1, 1, 1, 1, 1, 1, 1, 1, 1, 1, 2, 2, 3, 3]);
user_start_time_map1 = array1d(1..15, [120, 120, 120, 120, 120, 120, 120, 120, 120, 120, 120, 170, 170, 204, 204]);
user_start_time_map2 = array1d(1..15, [150, 150, 150, 150, 150, 150, 150, 150, 150, 150, 150, 202, 202, 228, 228]);
user_weight_map1 = array1d(1..15, [0, 0, 0, 0, 0, 0, 0, 0, 0, 0, -1, 0, 0, 0, 0]);
user_weight_map2 = array1d(1..15, [0, 0, 0, 0, 0, 0, 0, 0, 0, 0, 2, 0, 1, 2, 0]);
----------
objective = 182;
user_act_map1 = array1d(1..15, [415, 415, 415, 415, 415, 415, 415, 415, 415, 415, 415, 8, 8, 146, 146]);
user_act_map2 = array1d(1..15, [49, 49, 49, 49, 49, 49, 49, 49, 49, 49, 49, 598, 598, 1347, 1347]);
user_duration_map1 = array1d(1..15, [27, 27, 27, 27, 27, 27, 27, 27, 27, 27, 27, 26, 26, 23, 23]);
user_duration_map2 = array1d(1..15, [18, 18, 18, 18, 18, 18, 18, 18, 18, 18, 18, 18, 18, 18, 18]);
user_end_map1 = array1d(1..15, [147, 147, 147, 147, 147, 147, 147, 147, 147, 147, 147, 196, 196, 221, 221]);
user_end_map2 = array1d(1..15, [180, 180, 180, 180, 180, 180, 180, 180, 180, 180, 180, 252, 252, 282, 282]);
user_group_map1 = array1d(1..15, [1, 1, 1, 1, 1, 1, 1, 1, 1, 1, 1, 2, 2, 3, 3]);
user_group_map2 = array1d(1..15, [1, 1, 1, 1, 1, 1, 1, 1, 1, 1, 1, 2, 2, 3, 3]);
user_start_time_map1 = array1d(1..15, [120, 120, 120, 120, 120, 120, 120, 120, 120, 120, 120, 170, 170, 198, 198]);
user_start_time_map2 = array1d(1..15, [150, 150, 150, 150, 150, 150, 150, 150, 150, 150, 150, 202, 202, 227, 227]);
user_weight_map1 = array1d(1..15, [0, 0, 0, 0, 0, 0, 0, 0, 0, 0, -1, 0, 0, 0, 0]);
user_weight_map2 = array1d(1..15, [0, 0, 0, 0, 0, 0, 0, 0, 0, 0, 2, 0, 1, 2, 0]);
----------
objective = 184;
user_act_map1 = array1d(1..15, [415, 415, 415, 415, 415, 415, 415, 415, 415, 415, 415, 146, 146, 146, 146]);
user_act_map2 = array1d(1..15, [49, 49, 49, 49, 49, 49, 49, 49, 49, 49, 49, 598, 598, 1347, 1347]);
user_duration_map1 = array1d(1..15, [27, 27, 27, 27, 27, 27, 27, 27, 27, 27, 27, 23, 23, 23, 23]);
user_duration_map2 = array1d(1..15, [18, 18, 18, 18, 18, 18, 18, 18, 18, 18, 18, 18, 18, 18, 18]);
user_end_map1 = array1d(1..15, [147, 147, 147, 147, 147, 147, 147, 147, 147, 147, 147, 221, 221, 221, 221]);
user_end_map2 = array1d(1..15, [180, 180, 180, 180, 180, 180, 180, 180, 180, 180, 180, 252, 252, 282, 282]);
user_group_map1 = array1d(1..15, [1, 1, 1, 1, 1, 1, 1, 1, 1, 1, 1, 2, 2, 3, 3]);
user_group_map2 = array1d(1..15, [1, 1, 1, 1, 1, 1, 1, 1, 1, 1, 1, 2, 2, 3, 3]);
user_start_time_map1 = array1d(1..15, [120, 120, 120, 120, 120, 120, 120, 120, 120, 120, 120, 198, 198, 198, 198]);
user_start_time_map2 = array1d(1..15, [150, 150, 150, 150, 150, 150, 150, 150, 150, 150, 150, 224, 224, 227, 227]);
user_weight_map1 = array1d(1..15, [0, 0, 0, 0, 0, 0, 0, 0, 0, 0, -1, 0, 0, 0, 0]);
user_weight_map2 = array1d(1..15, [0, 0, 0, 0, 0, 0, 0, 0, 0, 0, 2, 0, 1, 2, 0]);
----------
objective = 189;
user_act_map1 = array1d(1..15, [415, 415, 415, 415, 415, 415, 415, 415, 415, 415, 415, 14, 14, 3, 3]);
user_act_map2 = array1d(1..15, [49, 49, 49, 49, 49, 49, 49, 49, 49, 49, 49, 598, 598, 1347, 1347]);
user_duration_map1 = array1d(1..15, [27, 27, 27, 27, 27, 27, 27, 27, 27, 27, 27, 28, 28, 20, 20]);
user_duration_map2 = array1d(1..15, [18, 18, 18, 18, 18, 18, 18, 18, 18, 18, 18, 18, 18, 18, 18]);
user_end_map1 = array1d(1..15, [147, 147, 147, 147, 147, 147, 147, 147, 147, 147, 147, 196, 196, 224, 224]);
user_end_map2 = array1d(1..15, [180, 180, 180, 180, 180, 180, 180, 180, 180, 180, 180, 252, 252, 282, 282]);
user_group_map1 = array1d(1..15, [1, 1, 1, 1, 1, 1, 1, 1, 1, 1, 1, 2, 2, 3, 3]);
user_group_map2 = array1d(1..15, [1, 1, 1, 1, 1, 1, 1, 1, 1, 1, 1, 2, 2, 3, 3]);
user_start_time_map1 = array1d(1..15, [120, 120, 120, 120, 120, 120, 120, 120, 120, 120, 120, 168, 168, 204, 204]);
user_start_time_map2 = array1d(1..15, [150, 150, 150, 150, 150, 150, 150, 150, 150, 150, 150, 202, 202, 228, 228]);
user_weight_map1 = array1d(1..15, [0, 0, 0, 0, 0, 0, 0, 0, 0, 0, -1, 1, 0, 0, 0]);
user_weight_map2 = array1d(1..15, [0, 0, 0, 0, 0, 0, 0, 0, 0, 0, 2, 0, 1, 2, 0]);
----------
objective = 191;
user_act_map1 = array1d(1..15, [415, 415, 415, 415, 415, 415, 415, 415, 415, 415, 415, 14, 14, 146, 146]);
user_act_map2 = array1d(1..15, [49, 49, 49, 49, 49, 49, 49, 49, 49, 49, 49, 598, 598, 1347, 1347]);
user_duration_map1 = array1d(1..15, [27, 27, 27, 27, 27, 27, 27, 27, 27, 27, 27, 28, 28, 23, 23]);
user_duration_map2 = array1d(1..15, [18, 18, 18, 18, 18, 18, 18, 18, 18, 18, 18, 18, 18, 18, 18]);
user_end_map1 = array1d(1..15, [147, 147, 147, 147, 147, 147, 147, 147, 147, 147, 147, 196, 196, 221, 221]);
user_end_map2 = array1d(1..15, [180, 180, 180, 180, 180, 180, 180, 180, 180, 180, 180, 252, 252, 282, 282]);
user_group_map1 = array1d(1..15, [1, 1, 1, 1, 1, 1, 1, 1, 1, 1, 1, 2, 2, 3, 3]);
user_group_map2 = array1d(1..15, [1, 1, 1, 1, 1, 1, 1, 1, 1, 1, 1, 2, 2, 3, 3]);
user_start_time_map1 = array1d(1..15, [120, 120, 120, 120, 120, 120, 120, 120, 120, 120, 120, 168, 168, 198, 198]);
user_start_time_map2 = array1d(1..15, [150, 150, 150, 150, 150, 150, 150, 150, 150, 150, 150, 202, 202, 227, 227]);
user_weight_map1 = array1d(1..15, [0, 0, 0, 0, 0, 0, 0, 0, 0, 0, -1, 1, 0, 0, 0]);
user_weight_map2 = array1d(1..15, [0, 0, 0, 0, 0, 0, 0, 0, 0, 0, 2, 0, 1, 2, 0]);
----------
objective = 193;
user_act_map1 = array1d(1..15, [415, 415, 415, 415, 415, 415, 415, 415, 415, 415, 415, 146, 146, 283, 283]);
user_act_map2 = array1d(1..15, [49, 49, 49, 49, 49, 49, 49, 49, 49, 49, 49, 598, 598, 1347, 1347]);
user_duration_map1 = array1d(1..15, [27, 27, 27, 27, 27, 27, 27, 27, 27, 27, 27, 23, 23, 27, 27]);
user_duration_map2 = array1d(1..15, [18, 18, 18, 18, 18, 18, 18, 18, 18, 18, 18, 18, 18, 18, 18]);
user_end_map1 = array1d(1..15, [147, 147, 147, 147, 147, 147, 147, 147, 147, 147, 147, 221, 221, 143, 143]);
user_end_map2 = array1d(1..15, [180, 180, 180, 180, 180, 180, 180, 180, 180, 180, 180, 252, 252, 282, 282]);
user_group_map1 = array1d(1..15, [1, 1, 1, 1, 1, 1, 1, 1, 1, 1, 1, 2, 2, 3, 3]);
user_group_map2 = array1d(1..15, [1, 1, 1, 1, 1, 1, 1, 1, 1, 1, 1, 2, 2, 3, 3]);
user_start_time_map1 = array1d(1..15, [120, 120, 120, 120, 120, 120, 120, 120, 120, 120, 120, 198, 198, 116, 116]);
user_start_time_map2 = array1d(1..15, [150, 150, 150, 150, 150, 150, 150, 150, 150, 150, 150, 224, 224, 148, 148]);
user_weight_map1 = array1d(1..15, [0, 0, 0, 0, 0, 0, 0, 0, 0, 0, -1, 0, 0, 0, 1]);
user_weight_map2 = array1d(1..15, [0, 0, 0, 0, 0, 0, 0, 0, 0, 0, 2, 0, 1, 2, 0]);
----------
objective = 196;
user_act_map1 = array1d(1..15, [415, 415, 415, 415, 415, 415, 415, 415, 415, 415, 415, 14, 14, 184, 184]);
user_act_map2 = array1d(1..15, [49, 49, 49, 49, 49, 49, 49, 49, 49, 49, 49, 598, 598, 1347, 1347]);
user_duration_map1 = array1d(1..15, [27, 27, 27, 27, 27, 27, 27, 27, 27, 27, 27, 28, 28, 24, 24]);
user_duration_map2 = array1d(1..15, [18, 18, 18, 18, 18, 18, 18, 18, 18, 18, 18, 18, 18, 18, 18]);
user_end_map1 = array1d(1..15, [147, 147, 147, 147, 147, 147, 147, 147, 147, 147, 147, 196, 196, 156, 156]);
user_end_map2 = array1d(1..15, [180, 180, 180, 180, 180, 180, 180, 180, 180, 180, 180, 252, 252, 282, 282]);
user_group_map1 = array1d(1..15, [1, 1, 1, 1, 1, 1, 1, 1, 1, 1, 1, 2, 2, 3, 3]);
user_group_map2 = array1d(1..15, [1, 1, 1, 1, 1, 1, 1, 1, 1, 1, 1, 2, 2, 3, 3]);
user_start_time_map1 = array1d(1..15, [120, 120, 120, 120, 120, 120, 120, 120, 120, 120, 120, 168, 168, 132, 132]);
user_start_time_map2 = array1d(1..15, [150, 150, 150, 150, 150, 150, 150, 150, 150, 150, 150, 202, 202, 161, 161]);
user_weight_map1 = array1d(1..15, [0, 0, 0, 0, 0, 0, 0, 0, 0, 0, -1, 1, 0, 0, 1]);
user_weight_map2 = array1d(1..15, [0, 0, 0, 0, 0, 0, 0, 0, 0, 0, 2, 0, 1, 2, 0]);
----------
objective = 200;
user_act_map1 = array1d(1..15, [415, 415, 415, 415, 415, 415, 415, 415, 415, 415, 415, 14, 14, 283, 283]);
user_act_map2 = array1d(1..15, [49, 49, 49, 49, 49, 49, 49, 49, 49, 49, 49, 598, 598, 1347, 1347]);
user_duration_map1 = array1d(1..15, [27, 27, 27, 27, 27, 27, 27, 27, 27, 27, 27, 28, 28, 27, 27]);
user_duration_map2 = array1d(1..15, [18, 18, 18, 18, 18, 18, 18, 18, 18, 18, 18, 18, 18, 18, 18]);
user_end_map1 = array1d(1..15, [147, 147, 147, 147, 147, 147, 147, 147, 147, 147, 147, 196, 196, 143, 143]);
user_end_map2 = array1d(1..15, [180, 180, 180, 180, 180, 180, 180, 180, 180, 180, 180, 252, 252, 282, 282]);
user_group_map1 = array1d(1..15, [1, 1, 1, 1, 1, 1, 1, 1, 1, 1, 1, 2, 2, 3, 3]);
user_group_map2 = array1d(1..15, [1, 1, 1, 1, 1, 1, 1, 1, 1, 1, 1, 2, 2, 3, 3]);
user_start_time_map1 = array1d(1..15, [120, 120, 120, 120, 120, 120, 120, 120, 120, 120, 120, 168, 168, 116, 116]);
user_start_time_map2 = array1d(1..15, [150, 150, 150, 150, 150, 150, 150, 150, 150, 150, 150, 202, 202, 148, 148]);
user_weight_map1 = array1d(1..15, [0, 0, 0, 0, 0, 0, 0, 0, 0, 0, -1, 1, 0, 0, 1]);
user_weight_map2 = array1d(1..15, [0, 0, 0, 0, 0, 0, 0, 0, 0, 0, 2, 0, 1, 2, 0]);
----------
objective = 207;
user_act_map1 = array1d(1..15, [415, 415, 415, 415, 415, 415, 415, 415, 415, 415, 415, 14, 14, 1, 1]);
user_act_map2 = array1d(1..15, [49, 49, 49, 49, 49, 49, 49, 49, 49, 49, 49, 598, 598, 1347, 1347]);
user_duration_map1 = array1d(1..15, [27, 27, 27, 27, 27, 27, 27, 27, 27, 27, 27, 28, 28, 27, 27]);
user_duration_map2 = array1d(1..15, [18, 18, 18, 18, 18, 18, 18, 18, 18, 18, 18, 18, 18, 18, 18]);
user_end_map1 = array1d(1..15, [147, 147, 147, 147, 147, 147, 147, 147, 147, 147, 147, 196, 196, 195, 195]);
user_end_map2 = array1d(1..15, [180, 180, 180, 180, 180, 180, 180, 180, 180, 180, 180, 252, 252, 282, 282]);
user_group_map1 = array1d(1..15, [1, 1, 1, 1, 1, 1, 1, 1, 1, 1, 1, 2, 2, 3, 3]);
user_group_map2 = array1d(1..15, [1, 1, 1, 1, 1, 1, 1, 1, 1, 1, 1, 2, 2, 3, 3]);
user_start_time_map1 = array1d(1..15, [120, 120, 120, 120, 120, 120, 120, 120, 120, 120, 120, 168, 168, 168, 168]);
user_start_time_map2 = array1d(1..15, [150, 150, 150, 150, 150, 150, 150, 150, 150, 150, 150, 202, 202, 199, 199]);
user_weight_map1 = array1d(1..15, [0, 0, 0, 0, 0, 0, 0, 0, 0, 0, -1, 1, 0, 0, 2]);
user_weight_map2 = array1d(1..15, [0, 0, 0, 0, 0, 0, 0, 0, 0, 0, 2, 0, 1, 2, 0]);
----------
objective = 209;
user_act_map1 = array1d(1..15, [415, 415, 415, 415, 415, 415, 415, 415, 415, 415, 415, 415, 415, 1, 1]);
user_act_map2 = array1d(1..15, [49, 49, 49, 49, 49, 49, 49, 49, 49, 49, 49, 598, 598, 1347, 1347]);
user_duration_map1 = array1d(1..15, [27, 27, 27, 27, 27, 27, 27, 27, 27, 27, 27, 27, 27, 27, 27]);
user_duration_map2 = array1d(1..15, [18, 18, 18, 18, 18, 18, 18, 18, 18, 18, 18, 18, 18, 18, 18]);
user_end_map1 = array1d(1..15, [147, 147, 147, 147, 147, 147, 147, 147, 147, 147, 147, 147, 147, 195, 195]);
user_end_map2 = array1d(1..15, [180, 180, 180, 180, 180, 180, 180, 180, 180, 180, 180, 252, 252, 282, 282]);
user_group_map1 = array1d(1..15, [1, 1, 1, 1, 1, 1, 1, 1, 1, 1, 1, 2, 2, 3, 3]);
user_group_map2 = array1d(1..15, [1, 1, 1, 1, 1, 1, 1, 1, 1, 1, 1, 2, 2, 3, 3]);
user_start_time_map1 = array1d(1..15, [120, 120, 120, 120, 120, 120, 120, 120, 120, 120, 120, 120, 120, 168, 168]);
user_start_time_map2 = array1d(1..15, [150, 150, 150, 150, 150, 150, 150, 150, 150, 150, 150, 150, 150, 199, 199]);
user_weight_map1 = array1d(1..15, [0, 0, 0, 0, 0, 0, 0, 0, 0, 0, -1, 0, 1, 0, 2]);
user_weight_map2 = array1d(1..15, [0, 0, 0, 0, 0, 0, 0, 0, 0, 0, 2, 0, 1, 2, 0]);
----------
objective = 216;
user_act_map1 = array1d(1..15, [415, 415, 415, 415, 415, 415, 415, 415, 415, 415, 415, 96, 96, 1, 1]);
user_act_map2 = array1d(1..15, [49, 49, 49, 49, 49, 49, 49, 49, 49, 49, 49, 598, 598, 1347, 1347]);
user_duration_map1 = array1d(1..15, [27, 27, 27, 27, 27, 27, 27, 27, 27, 27, 27, 35, 35, 27, 27]);
user_duration_map2 = array1d(1..15, [18, 18, 18, 18, 18, 18, 18, 18, 18, 18, 18, 18, 18, 18, 18]);
user_end_map1 = array1d(1..15, [147, 147, 147, 147, 147, 147, 147, 147, 147, 147, 147, 197, 197, 195, 195]);
user_end_map2 = array1d(1..15, [180, 180, 180, 180, 180, 180, 180, 180, 180, 180, 180, 252, 252, 282, 282]);
user_group_map1 = array1d(1..15, [1, 1, 1, 1, 1, 1, 1, 1, 1, 1, 1, 2, 2, 3, 3]);
user_group_map2 = array1d(1..15, [1, 1, 1, 1, 1, 1, 1, 1, 1, 1, 1, 2, 2, 3, 3]);
user_start_time_map1 = array1d(1..15, [120, 120, 120, 120, 120, 120, 120, 120, 120, 120, 120, 162, 162, 168, 168]);
user_start_time_map2 = array1d(1..15, [150, 150, 150, 150, 150, 150, 150, 150, 150, 150, 150, 203, 203, 199, 199]);
user_weight_map1 = array1d(1..15, [0, 0, 0, 0, 0, 0, 0, 0, 0, 0, -1, 1, 1, 0, 2]);
user_weight_map2 = array1d(1..15, [0, 0, 0, 0, 0, 0, 0, 0, 0, 0, 2, 0, 1, 2, 0]);
----------
objective = 218;
user_act_map1 = array1d(1..15, [415, 415, 415, 415, 415, 415, 415, 415, 415, 415, 415, 19, 19, 283, 283]);
user_act_map2 = array1d(1..15, [49, 49, 49, 49, 49, 49, 49, 49, 49, 49, 49, 598, 598, 1347, 1347]);
user_duration_map1 = array1d(1..15, [27, 27, 27, 27, 27, 27, 27, 27, 27, 27, 27, 27, 27, 27, 27]);
user_duration_map2 = array1d(1..15, [18, 18, 18, 18, 18, 18, 18, 18, 18, 18, 18, 18, 18, 18, 18]);
user_end_map1 = array1d(1..15, [147, 147, 147, 147, 147, 147, 147, 147, 147, 147, 147, 149, 149, 143, 143]);
user_end_map2 = array1d(1..15, [180, 180, 180, 180, 180, 180, 180, 180, 180, 180, 180, 252, 252, 282, 282]);
user_group_map1 = array1d(1..15, [1, 1, 1, 1, 1, 1, 1, 1, 1, 1, 1, 2, 2, 3, 3]);
user_group_map2 = array1d(1..15, [1, 1, 1, 1, 1, 1, 1, 1, 1, 1, 1, 2, 2, 3, 3]);
user_start_time_map1 = array1d(1..15, [120, 120, 120, 120, 120, 120, 120, 120, 120, 120, 120, 122, 122, 116, 116]);
user_start_time_map2 = array1d(1..15, [150, 150, 150, 150, 150, 150, 150, 150, 150, 150, 150, 155, 155, 148, 148]);
user_weight_map1 = array1d(1..15, [0, 0, 0, 0, 0, 0, 0, 0, 0, 0, -1, 1, 2, 0, 1]);
user_weight_map2 = array1d(1..15, [0, 0, 0, 0, 0, 0, 0, 0, 0, 0, 2, 0, 1, 2, 0]);
----------
objective = 225;
user_act_map1 = array1d(1..15, [415, 415, 415, 415, 415, 415, 415, 415, 415, 415, 415, 19, 19, 1, 1]);
user_act_map2 = array1d(1..15, [49, 49, 49, 49, 49, 49, 49, 49, 49, 49, 49, 598, 598, 1347, 1347]);
user_duration_map1 = array1d(1..15, [27, 27, 27, 27, 27, 27, 27, 27, 27, 27, 27, 27, 27, 27, 27]);
user_duration_map2 = array1d(1..15, [18, 18, 18, 18, 18, 18, 18, 18, 18, 18, 18, 18, 18, 18, 18]);
user_end_map1 = array1d(1..15, [147, 147, 147, 147, 147, 147, 147, 147, 147, 147, 147, 149, 149, 195, 195]);
user_end_map2 = array1d(1..15, [180, 180, 180, 180, 180, 180, 180, 180, 180, 180, 180, 252, 252, 282, 282]);
user_group_map1 = array1d(1..15, [1, 1, 1, 1, 1, 1, 1, 1, 1, 1, 1, 2, 2, 3, 3]);
user_group_map2 = array1d(1..15, [1, 1, 1, 1, 1, 1, 1, 1, 1, 1, 1, 2, 2, 3, 3]);
user_start_time_map1 = array1d(1..15, [120, 120, 120, 120, 120, 120, 120, 120, 120, 120, 120, 122, 122, 168, 168]);
user_start_time_map2 = array1d(1..15, [150, 150, 150, 150, 150, 150, 150, 150, 150, 150, 150, 155, 155, 199, 199]);
user_weight_map1 = array1d(1..15, [0, 0, 0, 0, 0, 0, 0, 0, 0, 0, -1, 1, 2, 0, 2]);
user_weight_map2 = array1d(1..15, [0, 0, 0, 0, 0, 0, 0, 0, 0, 0, 2, 0, 1, 2, 0]);
----------
objective = 232;
user_act_map1 = array1d(1..15, [24, 24, 24, 24, 24, 24, 24, 24, 24, 24, 24, 14, 14, 1, 1]);
user_act_map2 = array1d(1..15, [49, 49, 49, 49, 49, 49, 49, 49, 49, 49, 49, 598, 598, 1347, 1347]);
user_duration_map1 = array1d(1..15, [20, 20, 20, 20, 20, 20, 20, 20, 20, 20, 20, 28, 28, 27, 27]);
user_duration_map2 = array1d(1..15, [18, 18, 18, 18, 18, 18, 18, 18, 18, 18, 18, 18, 18, 18, 18]);
user_end_map1 = array1d(1..15, [141, 141, 141, 141, 141, 141, 141, 141, 141, 141, 141, 196, 196, 195, 195]);
user_end_map2 = array1d(1..15, [180, 180, 180, 180, 180, 180, 180, 180, 180, 180, 180, 252, 252, 282, 282]);
user_group_map1 = array1d(1..15, [1, 1, 1, 1, 1, 1, 1, 1, 1, 1, 1, 2, 2, 3, 3]);
user_group_map2 = array1d(1..15, [1, 1, 1, 1, 1, 1, 1, 1, 1, 1, 1, 2, 2, 3, 3]);
user_start_time_map1 = array1d(1..15, [121, 121, 121, 121, 121, 121, 121, 121, 121, 121, 121, 168, 168, 168, 168]);
user_start_time_map2 = array1d(1..15, [145, 145, 145, 145, 145, 145, 145, 145, 145, 145, 145, 202, 202, 199, 199]);
user_weight_map1 = array1d(1..15, [0, 1, 0, 2, 0, 0, 0, 0, 0, 0, 0, 1, 0, 0, 2]);
user_weight_map2 = array1d(1..15, [0, 0, 0, 0, 0, 0, 0, 0, 0, 0, 2, 0, 1, 2, 0]);
----------
objective = 234;
user_act_map1 = array1d(1..15, [24, 24, 24, 24, 24, 24, 24, 24, 24, 24, 24, 415, 415, 1, 1]);
user_act_map2 = array1d(1..15, [49, 49, 49, 49, 49, 49, 49, 49, 49, 49, 49, 598, 598, 1347, 1347]);
user_duration_map1 = array1d(1..15, [20, 20, 20, 20, 20, 20, 20, 20, 20, 20, 20, 27, 27, 27, 27]);
user_duration_map2 = array1d(1..15, [18, 18, 18, 18, 18, 18, 18, 18, 18, 18, 18, 18, 18, 18, 18]);
user_end_map1 = array1d(1..15, [141, 141, 141, 141, 141, 141, 141, 141, 141, 141, 141, 147, 147, 195, 195]);
user_end_map2 = array1d(1..15, [180, 180, 180, 180, 180, 180, 180, 180, 180, 180, 180, 252, 252, 282, 282]);
user_group_map1 = array1d(1..15, [1, 1, 1, 1, 1, 1, 1, 1, 1, 1, 1, 2, 2, 3, 3]);
user_group_map2 = array1d(1..15, [1, 1, 1, 1, 1, 1, 1, 1, 1, 1, 1, 2, 2, 3, 3]);
user_start_time_map1 = array1d(1..15, [121, 121, 121, 121, 121, 121, 121, 121, 121, 121, 121, 120, 120, 168, 168]);
user_start_time_map2 = array1d(1..15, [145, 145, 145, 145, 145, 145, 145, 145, 145, 145, 145, 150, 150, 199, 199]);
user_weight_map1 = array1d(1..15, [0, 1, 0, 2, 0, 0, 0, 0, 0, 0, 0, 0, 1, 0, 2]);
user_weight_map2 = array1d(1..15, [0, 0, 0, 0, 0, 0, 0, 0, 0, 0, 2, 0, 1, 2, 0]);
----------
objective = 241;
user_act_map1 = array1d(1..15, [24, 24, 24, 24, 24, 24, 24, 24, 24, 24, 24, 96, 96, 1, 1]);
user_act_map2 = array1d(1..15, [49, 49, 49, 49, 49, 49, 49, 49, 49, 49, 49, 598, 598, 1347, 1347]);
user_duration_map1 = array1d(1..15, [20, 20, 20, 20, 20, 20, 20, 20, 20, 20, 20, 35, 35, 27, 27]);
user_duration_map2 = array1d(1..15, [18, 18, 18, 18, 18, 18, 18, 18, 18, 18, 18, 18, 18, 18, 18]);
user_end_map1 = array1d(1..15, [141, 141, 141, 141, 141, 141, 141, 141, 141, 141, 141, 197, 197, 195, 195]);
user_end_map2 = array1d(1..15, [180, 180, 180, 180, 180, 180, 180, 180, 180, 180, 180, 252, 252, 282, 282]);
user_group_map1 = array1d(1..15, [1, 1, 1, 1, 1, 1, 1, 1, 1, 1, 1, 2, 2, 3, 3]);
user_group_map2 = array1d(1..15, [1, 1, 1, 1, 1, 1, 1, 1, 1, 1, 1, 2, 2, 3, 3]);
user_start_time_map1 = array1d(1..15, [121, 121, 121, 121, 121, 121, 121, 121, 121, 121, 121, 162, 162, 168, 168]);
user_start_time_map2 = array1d(1..15, [145, 145, 145, 145, 145, 145, 145, 145, 145, 145, 145, 203, 203, 199, 199]);
user_weight_map1 = array1d(1..15, [0, 1, 0, 2, 0, 0, 0, 0, 0, 0, 0, 1, 1, 0, 2]);
user_weight_map2 = array1d(1..15, [0, 0, 0, 0, 0, 0, 0, 0, 0, 0, 2, 0, 1, 2, 0]);
----------
objective = 243;
user_act_map1 = array1d(1..15, [24, 24, 24, 24, 24, 24, 24, 24, 24, 24, 24, 19, 19, 283, 283]);
user_act_map2 = array1d(1..15, [49, 49, 49, 49, 49, 49, 49, 49, 49, 49, 49, 598, 598, 1347, 1347]);
user_duration_map1 = array1d(1..15, [20, 20, 20, 20, 20, 20, 20, 20, 20, 20, 20, 27, 27, 27, 27]);
user_duration_map2 = array1d(1..15, [18, 18, 18, 18, 18, 18, 18, 18, 18, 18, 18, 18, 18, 18, 18]);
user_end_map1 = array1d(1..15, [141, 141, 141, 141, 141, 141, 141, 141, 141, 141, 141, 149, 149, 143, 143]);
user_end_map2 = array1d(1..15, [180, 180, 180, 180, 180, 180, 180, 180, 180, 180, 180, 252, 252, 282, 282]);
user_group_map1 = array1d(1..15, [1, 1, 1, 1, 1, 1, 1, 1, 1, 1, 1, 2, 2, 3, 3]);
user_group_map2 = array1d(1..15, [1, 1, 1, 1, 1, 1, 1, 1, 1, 1, 1, 2, 2, 3, 3]);
user_start_time_map1 = array1d(1..15, [121, 121, 121, 121, 121, 121, 121, 121, 121, 121, 121, 122, 122, 116, 116]);
user_start_time_map2 = array1d(1..15, [145, 145, 145, 145, 145, 145, 145, 145, 145, 145, 145, 155, 155, 148, 148]);
user_weight_map1 = array1d(1..15, [0, 1, 0, 2, 0, 0, 0, 0, 0, 0, 0, 1, 2, 0, 1]);
user_weight_map2 = array1d(1..15, [0, 0, 0, 0, 0, 0, 0, 0, 0, 0, 2, 0, 1, 2, 0]);
----------
objective = 250;
user_act_map1 = array1d(1..15, [24, 24, 24, 24, 24, 24, 24, 24, 24, 24, 24, 19, 19, 1, 1]);
user_act_map2 = array1d(1..15, [49, 49, 49, 49, 49, 49, 49, 49, 49, 49, 49, 598, 598, 1347, 1347]);
user_duration_map1 = array1d(1..15, [20, 20, 20, 20, 20, 20, 20, 20, 20, 20, 20, 27, 27, 27, 27]);
user_duration_map2 = array1d(1..15, [18, 18, 18, 18, 18, 18, 18, 18, 18, 18, 18, 18, 18, 18, 18]);
user_end_map1 = array1d(1..15, [141, 141, 141, 141, 141, 141, 141, 141, 141, 141, 141, 149, 149, 195, 195]);
user_end_map2 = array1d(1..15, [180, 180, 180, 180, 180, 180, 180, 180, 180, 180, 180, 252, 252, 282, 282]);
user_group_map1 = array1d(1..15, [1, 1, 1, 1, 1, 1, 1, 1, 1, 1, 1, 2, 2, 3, 3]);
user_group_map2 = array1d(1..15, [1, 1, 1, 1, 1, 1, 1, 1, 1, 1, 1, 2, 2, 3, 3]);
user_start_time_map1 = array1d(1..15, [121, 121, 121, 121, 121, 121, 121, 121, 121, 121, 121, 122, 122, 168, 168]);
user_start_time_map2 = array1d(1..15, [145, 145, 145, 145, 145, 145, 145, 145, 145, 145, 145, 155, 155, 199, 199]);
user_weight_map1 = array1d(1..15, [0, 1, 0, 2, 0, 0, 0, 0, 0, 0, 0, 1, 2, 0, 2]);
user_weight_map2 = array1d(1..15, [0, 0, 0, 0, 0, 0, 0, 0, 0, 0, 2, 0, 1, 2, 0]);
----------
objective = 252;
user_act_map1 = array1d(1..15, [439, 439, 439, 439, 439, 439, 439, 439, 439, 439, 439, 415, 415, 1, 1]);
user_act_map2 = array1d(1..15, [49, 49, 49, 49, 49, 49, 49, 49, 49, 49, 49, 598, 598, 1347, 1347]);
user_duration_map1 = array1d(1..15, [18, 18, 18, 18, 18, 18, 18, 18, 18, 18, 18, 27, 27, 27, 27]);
user_duration_map2 = array1d(1..15, [18, 18, 18, 18, 18, 18, 18, 18, 18, 18, 18, 18, 18, 18, 18]);
user_end_map1 = array1d(1..15, [144, 144, 144, 144, 144, 144, 144, 144, 144, 144, 144, 147, 147, 195, 195]);
user_end_map2 = array1d(1..15, [180, 180, 180, 180, 180, 180, 180, 180, 180, 180, 180, 252, 252, 282, 282]);
user_group_map1 = array1d(1..15, [1, 1, 1, 1, 1, 1, 1, 1, 1, 1, 1, 2, 2, 3, 3]);
user_group_map2 = array1d(1..15, [1, 1, 1, 1, 1, 1, 1, 1, 1, 1, 1, 2, 2, 3, 3]);
user_start_time_map1 = array1d(1..15, [126, 126, 126, 126, 126, 126, 126, 126, 126, 126, 126, 120, 120, 168, 168]);
user_start_time_map2 = array1d(1..15, [147, 147, 147, 147, 147, 147, 147, 147, 147, 147, 147, 150, 150, 199, 199]);
user_weight_map1 = array1d(1..15, [0, 0, 0, 1, 0, 0, 0, 2, 2, 0, 0, 0, 1, 0, 2]);
user_weight_map2 = array1d(1..15, [0, 0, 0, 0, 0, 0, 0, 0, 0, 0, 2, 0, 1, 2, 0]);
----------
objective = 259;
user_act_map1 = array1d(1..15, [439, 439, 439, 439, 439, 439, 439, 439, 439, 439, 439, 96, 96, 1, 1]);
user_act_map2 = array1d(1..15, [49, 49, 49, 49, 49, 49, 49, 49, 49, 49, 49, 598, 598, 1347, 1347]);
user_duration_map1 = array1d(1..15, [18, 18, 18, 18, 18, 18, 18, 18, 18, 18, 18, 35, 35, 27, 27]);
user_duration_map2 = array1d(1..15, [18, 18, 18, 18, 18, 18, 18, 18, 18, 18, 18, 18, 18, 18, 18]);
user_end_map1 = array1d(1..15, [144, 144, 144, 144, 144, 144, 144, 144, 144, 144, 144, 197, 197, 195, 195]);
user_end_map2 = array1d(1..15, [180, 180, 180, 180, 180, 180, 180, 180, 180, 180, 180, 252, 252, 282, 282]);
user_group_map1 = array1d(1..15, [1, 1, 1, 1, 1, 1, 1, 1, 1, 1, 1, 2, 2, 3, 3]);
user_group_map2 = array1d(1..15, [1, 1, 1, 1, 1, 1, 1, 1, 1, 1, 1, 2, 2, 3, 3]);
user_start_time_map1 = array1d(1..15, [126, 126, 126, 126, 126, 126, 126, 126, 126, 126, 126, 162, 162, 168, 168]);
user_start_time_map2 = array1d(1..15, [147, 147, 147, 147, 147, 147, 147, 147, 147, 147, 147, 203, 203, 199, 199]);
user_weight_map1 = array1d(1..15, [0, 0, 0, 1, 0, 0, 0, 2, 2, 0, 0, 1, 1, 0, 2]);
user_weight_map2 = array1d(1..15, [0, 0, 0, 0, 0, 0, 0, 0, 0, 0, 2, 0, 1, 2, 0]);
----------
objective = 261;
user_act_map1 = array1d(1..15, [439, 439, 439, 439, 439, 439, 439, 439, 439, 439, 439, 19, 19, 283, 283]);
user_act_map2 = array1d(1..15, [49, 49, 49, 49, 49, 49, 49, 49, 49, 49, 49, 598, 598, 1347, 1347]);
user_duration_map1 = array1d(1..15, [18, 18, 18, 18, 18, 18, 18, 18, 18, 18, 18, 27, 27, 27, 27]);
user_duration_map2 = array1d(1..15, [18, 18, 18, 18, 18, 18, 18, 18, 18, 18, 18, 18, 18, 18, 18]);
user_end_map1 = array1d(1..15, [144, 144, 144, 144, 144, 144, 144, 144, 144, 144, 144, 149, 149, 143, 143]);
user_end_map2 = array1d(1..15, [180, 180, 180, 180, 180, 180, 180, 180, 180, 180, 180, 252, 252, 282, 282]);
user_group_map1 = array1d(1..15, [1, 1, 1, 1, 1, 1, 1, 1, 1, 1, 1, 2, 2, 3, 3]);
user_group_map2 = array1d(1..15, [1, 1, 1, 1, 1, 1, 1, 1, 1, 1, 1, 2, 2, 3, 3]);
user_start_time_map1 = array1d(1..15, [126, 126, 126, 126, 126, 126, 126, 126, 126, 126, 126, 122, 122, 116, 116]);
user_start_time_map2 = array1d(1..15, [147, 147, 147, 147, 147, 147, 147, 147, 147, 147, 147, 155, 155, 148, 148]);
user_weight_map1 = array1d(1..15, [0, 0, 0, 1, 0, 0, 0, 2, 2, 0, 0, 1, 2, 0, 1]);
user_weight_map2 = array1d(1..15, [0, 0, 0, 0, 0, 0, 0, 0, 0, 0, 2, 0, 1, 2, 0]);
----------
objective = 268;
user_act_map1 = array1d(1..15, [439, 439, 439, 439, 439, 439, 439, 439, 439, 439, 439, 19, 19, 1, 1]);
user_act_map2 = array1d(1..15, [49, 49, 49, 49, 49, 49, 49, 49, 49, 49, 49, 598, 598, 1347, 1347]);
user_duration_map1 = array1d(1..15, [18, 18, 18, 18, 18, 18, 18, 18, 18, 18, 18, 27, 27, 27, 27]);
user_duration_map2 = array1d(1..15, [18, 18, 18, 18, 18, 18, 18, 18, 18, 18, 18, 18, 18, 18, 18]);
user_end_map1 = array1d(1..15, [144, 144, 144, 144, 144, 144, 144, 144, 144, 144, 144, 149, 149, 195, 195]);
user_end_map2 = array1d(1..15, [180, 180, 180, 180, 180, 180, 180, 180, 180, 180, 180, 252, 252, 282, 282]);
user_group_map1 = array1d(1..15, [1, 1, 1, 1, 1, 1, 1, 1, 1, 1, 1, 2, 2, 3, 3]);
user_group_map2 = array1d(1..15, [1, 1, 1, 1, 1, 1, 1, 1, 1, 1, 1, 2, 2, 3, 3]);
user_start_time_map1 = array1d(1..15, [126, 126, 126, 126, 126, 126, 126, 126, 126, 126, 126, 122, 122, 168, 168]);
user_start_time_map2 = array1d(1..15, [147, 147, 147, 147, 147, 147, 147, 147, 147, 147, 147, 155, 155, 199, 199]);
user_weight_map1 = array1d(1..15, [0, 0, 0, 1, 0, 0, 0, 2, 2, 0, 0, 1, 2, 0, 2]);
user_weight_map2 = array1d(1..15, [0, 0, 0, 0, 0, 0, 0, 0, 0, 0, 2, 0, 1, 2, 0]);
----------
