mznc2018_probs/oocsp_racks/oocsp_racks_030_mii8_cc.dzn
Configuration_configtype = array1d(1..30, [1, 0, 0, 0, 0, 0, 0, 0, 0, 0, 0, 0, 0, 0, 0, 0, 0, 0, 0, 0, 0, 0, 0, 0, 0, 0, 0, 0, 0, 0]);
Element_configuration = array1d(1..30, [0, 1, 1, 1, 1, 0, 0, 0, 0, 0, 0, 0, 0, 0, 0, 0, 0, 0, 0, 0, 0, 0, 0, 0, 0, 0, 0, 0, 0, 0]);
Frame_rack = array1d(1..30, [0, 0, 0, 0, 0, 20, 20, 20, 20, 0, 0, 0, 0, 0, 0, 0, 0, 0, 0, 0, 0, 0, 0, 0, 0, 0, 0, 0, 0, 0]);
Module_element = array1d(1..30, [0, 0, 0, 0, 0, 0, 0, 0, 0, 2, 2, 3, 3, 4, 4, 5, 5, 0, 0, 0, 0, 0, 0, 0, 0, 0, 0, 0, 0, 0]);
Module_frame = array1d(1..30, [0, 0, 0, 0, 0, 0, 0, 0, 0, 6, 6, 6, 6, 7, 7, 7, 7, 6, 7, 0, 0, 0, 0, 0, 0, 0, 0, 0, 0, 0]);
Rack_configuration = array1d(1..30, [0, 0, 0, 0, 0, 0, 0, 0, 0, 0, 0, 0, 0, 0, 0, 0, 0, 0, 0, 1, 0, 0, 0, 0, 0, 0, 0, 0, 0, 0]);
nrofobjects = array1d(1..17, [1, 4, 0, 4, 0, 0, 4, 10, 0, 8, 0, 0, 2, 1, 0, 1, 10]);
start = array1d(1..17, [1, 2, 2, 2, 6, 6, 6, 10, 10, 10, 18, 18, 18, 20, 20, 20, 21]);
----------
