mznc2017_probs/rcpsp-wet/j30_1_3-wet.dzn
objective = 412;
s = array1d(1..32, [0, 0, 0, 0, 10, 1, 1, 5, 5, 17, 13, 5, 16, 10, 6, 28, 21, 10, 13, 1, 20, 27, 13, 23, 38, 42, 27, 36, 36, 43, 45, 52]);
----------
objective = 409;
s = array1d(1..32, [0, 0, 0, 0, 10, 1, 1, 5, 5, 17, 13, 5, 16, 10, 6, 28, 21, 10, 14, 1, 20, 27, 13, 23, 38, 42, 27, 36, 36, 43, 45, 52]);
----------
objective = 406;
s = array1d(1..32, [0, 0, 0, 0, 10, 1, 1, 5, 5, 17, 13, 5, 16, 10, 6, 28, 21, 10, 15, 1, 20, 27, 13, 23, 38, 42, 27, 36, 36, 43, 45, 52]);
----------
objective = 403;
s = array1d(1..32, [0, 0, 0, 0, 10, 1, 1, 5, 5, 17, 13, 5, 16, 10, 6, 28, 21, 10, 16, 1, 20, 27, 13, 23, 38, 42, 27, 36, 36, 43, 45, 52]);
----------
objective = 400;
s = array1d(1..32, [0, 0, 0, 0, 10, 1, 1, 5, 5, 17, 13, 5, 16, 10, 6, 28, 21, 10, 17, 1, 20, 27, 13, 23, 38, 42, 27, 36, 36, 43, 45, 52]);
----------
objective = 397;
s = array1d(1..32, [0, 0, 0, 0, 10, 1, 1, 5, 5, 17, 13, 5, 16, 10, 6, 28, 21, 10, 18, 1, 20, 27, 13, 23, 38, 42, 27, 36, 36, 43, 45, 52]);
----------
objective = 394;
s = array1d(1..32, [0, 0, 0, 0, 10, 1, 1, 5, 5, 17, 13, 5, 17, 10, 6, 28, 21, 10, 18, 1, 20, 27, 13, 23, 38, 42, 27, 36, 36, 43, 45, 52]);
----------
objective = 391;
s = array1d(1..32, [0, 0, 0, 0, 10, 1, 1, 5, 5, 17, 13, 5, 18, 10, 6, 28, 21, 10, 18, 1, 20, 27, 13, 23, 38, 42, 27, 36, 36, 43, 45, 52]);
----------
objective = 388;
s = array1d(1..32, [0, 0, 0, 0, 10, 1, 1, 5, 5, 17, 13, 5, 19, 10, 6, 28, 21, 10, 18, 1, 20, 27, 13, 23, 38, 42, 27, 36, 36, 43, 45, 52]);
----------
objective = 385;
s = array1d(1..32, [0, 0, 0, 0, 10, 1, 1, 5, 5, 17, 13, 5, 20, 10, 6, 28, 21, 10, 18, 1, 20, 27, 13, 23, 38, 42, 27, 36, 36, 43, 45, 52]);
----------
objective = 382;
s = array1d(1..32, [0, 0, 0, 0, 10, 1, 1, 5, 5, 17, 13, 5, 21, 10, 6, 28, 21, 10, 18, 1, 20, 27, 13, 23, 38, 42, 27, 36, 36, 43, 45, 52]);
----------
objective = 380;
s = array1d(1..32, [0, 1, 0, 0, 10, 1, 1, 5, 5, 17, 13, 5, 21, 10, 6, 28, 21, 10, 18, 1, 20, 27, 13, 23, 38, 42, 27, 36, 36, 43, 45, 52]);
----------
objective = 378;
s = array1d(1..32, [0, 2, 0, 0, 10, 1, 1, 5, 5, 17, 13, 5, 21, 10, 6, 28, 21, 10, 18, 1, 20, 27, 13, 23, 38, 42, 27, 36, 36, 43, 45, 52]);
----------
objective = 376;
s = array1d(1..32, [0, 1, 0, 0, 10, 1, 1, 5, 5, 17, 13, 5, 21, 10, 6, 28, 21, 10, 18, 2, 20, 27, 13, 23, 38, 42, 27, 36, 36, 43, 45, 52]);
----------
objective = 375;
s = array1d(1..32, [0, 1, 0, 0, 10, 1, 1, 5, 5, 17, 13, 5, 20, 10, 6, 28, 21, 10, 18, 3, 20, 27, 13, 23, 38, 42, 27, 36, 36, 43, 45, 52]);
----------
objective = 374;
s = array1d(1..32, [0, 2, 0, 0, 10, 1, 1, 5, 5, 17, 13, 5, 21, 10, 6, 28, 21, 10, 18, 2, 20, 27, 13, 23, 38, 42, 27, 36, 36, 43, 45, 52]);
----------
objective = 372;
s = array1d(1..32, [0, 1, 0, 0, 10, 1, 1, 5, 5, 17, 13, 5, 21, 10, 6, 28, 21, 10, 18, 3, 20, 27, 13, 23, 38, 42, 27, 36, 36, 43, 45, 52]);
----------
objective = 370;
s = array1d(1..32, [0, 2, 0, 0, 10, 1, 1, 5, 5, 17, 13, 5, 21, 10, 6, 28, 21, 10, 18, 3, 20, 27, 13, 23, 38, 42, 27, 36, 36, 43, 45, 52]);
----------
objective = 368;
s = array1d(1..32, [0, 1, 0, 0, 10, 1, 1, 5, 5, 17, 13, 5, 21, 10, 6, 28, 21, 10, 18, 3, 20, 27, 14, 23, 38, 42, 27, 36, 36, 43, 45, 52]);
----------
objective = 366;
s = array1d(1..32, [0, 2, 0, 0, 10, 1, 1, 5, 5, 17, 13, 5, 21, 10, 6, 28, 21, 10, 18, 3, 20, 27, 14, 23, 38, 42, 27, 36, 36, 43, 45, 52]);
----------
objective = 364;
s = array1d(1..32, [0, 1, 0, 0, 10, 1, 1, 5, 5, 17, 13, 5, 21, 10, 6, 28, 21, 10, 18, 3, 20, 27, 15, 23, 38, 42, 27, 36, 36, 43, 45, 52]);
----------
objective = 362;
s = array1d(1..32, [0, 2, 0, 0, 10, 1, 1, 5, 5, 17, 13, 5, 21, 10, 6, 28, 21, 10, 18, 3, 20, 27, 15, 23, 38, 42, 27, 36, 36, 43, 45, 52]);
----------
objective = 360;
s = array1d(1..32, [0, 1, 0, 0, 10, 1, 1, 5, 5, 17, 13, 5, 21, 10, 6, 28, 21, 10, 18, 3, 20, 27, 16, 23, 38, 42, 27, 36, 36, 43, 45, 52]);
----------
objective = 358;
s = array1d(1..32, [0, 2, 0, 0, 10, 1, 1, 5, 5, 17, 13, 5, 21, 10, 6, 28, 21, 10, 18, 3, 20, 27, 16, 23, 38, 42, 27, 36, 36, 43, 45, 52]);
----------
objective = 356;
s = array1d(1..32, [0, 1, 0, 0, 10, 1, 1, 5, 5, 17, 13, 5, 21, 10, 6, 28, 21, 10, 18, 3, 20, 27, 17, 23, 38, 42, 27, 36, 36, 43, 45, 52]);
----------
objective = 354;
s = array1d(1..32, [0, 2, 0, 0, 10, 1, 1, 5, 5, 17, 13, 5, 21, 10, 6, 28, 21, 10, 18, 3, 20, 27, 17, 23, 38, 42, 27, 36, 36, 43, 45, 52]);
----------
objective = 353;
s = array1d(1..32, [0, 2, 0, 0, 10, 1, 1, 5, 5, 17, 13, 5, 21, 10, 7, 28, 21, 10, 18, 2, 20, 27, 18, 23, 38, 42, 27, 36, 36, 43, 45, 52]);
----------
objective = 352;
s = array1d(1..32, [0, 1, 0, 0, 10, 1, 1, 5, 5, 17, 13, 5, 21, 10, 6, 28, 21, 10, 18, 3, 20, 27, 18, 23, 38, 42, 27, 36, 36, 43, 45, 52]);
----------
objective = 350;
s = array1d(1..32, [0, 2, 0, 0, 10, 1, 1, 5, 5, 17, 13, 5, 21, 10, 6, 28, 21, 10, 18, 3, 20, 27, 18, 23, 38, 42, 27, 36, 36, 43, 45, 52]);
----------
objective = 349;
s = array1d(1..32, [0, 2, 0, 0, 10, 1, 1, 5, 5, 17, 13, 5, 21, 10, 7, 28, 21, 10, 18, 3, 20, 27, 18, 23, 38, 42, 27, 36, 36, 43, 45, 52]);
----------
objective = 348;
s = array1d(1..32, [0, 2, 0, 0, 10, 1, 1, 5, 5, 17, 13, 6, 21, 10, 7, 28, 21, 10, 18, 3, 20, 27, 18, 23, 38, 42, 27, 36, 36, 43, 45, 52]);
----------
objective = 347;
s = array1d(1..32, [0, 1, 0, 0, 10, 1, 1, 5, 5, 17, 13, 5, 21, 10, 6, 28, 21, 10, 18, 3, 20, 27, 18, 23, 38, 42, 27, 36, 37, 43, 45, 52]);
----------
objective = 345;
s = array1d(1..32, [0, 2, 0, 0, 10, 1, 1, 5, 5, 17, 13, 5, 21, 10, 6, 28, 21, 10, 18, 3, 20, 27, 18, 23, 38, 42, 27, 36, 37, 43, 45, 52]);
----------
objective = 344;
s = array1d(1..32, [0, 2, 0, 0, 10, 1, 1, 5, 5, 17, 13, 5, 21, 10, 6, 28, 21, 10, 18, 2, 20, 27, 18, 23, 38, 42, 27, 36, 38, 43, 45, 52]);
----------
objective = 342;
s = array1d(1..32, [0, 1, 0, 0, 10, 1, 1, 5, 5, 17, 13, 5, 21, 10, 6, 28, 21, 10, 18, 3, 20, 27, 18, 23, 38, 42, 27, 36, 38, 43, 45, 52]);
----------
objective = 340;
s = array1d(1..32, [0, 2, 0, 0, 10, 1, 1, 5, 5, 17, 13, 5, 21, 10, 6, 28, 21, 10, 18, 3, 20, 27, 18, 23, 38, 42, 27, 36, 38, 43, 45, 52]);
----------
objective = 339;
s = array1d(1..32, [0, 2, 0, 0, 10, 1, 1, 5, 5, 17, 13, 5, 21, 10, 6, 28, 21, 10, 18, 2, 20, 27, 18, 23, 38, 42, 27, 36, 39, 43, 45, 52]);
----------
objective = 337;
s = array1d(1..32, [0, 1, 0, 0, 10, 1, 1, 5, 5, 17, 13, 5, 21, 10, 6, 28, 21, 10, 18, 3, 20, 27, 18, 23, 38, 42, 27, 36, 39, 43, 45, 52]);
----------
objective = 335;
s = array1d(1..32, [0, 2, 0, 0, 10, 1, 1, 5, 5, 17, 13, 5, 21, 10, 6, 28, 21, 10, 18, 3, 20, 27, 18, 23, 38, 42, 27, 36, 39, 43, 45, 52]);
----------
objective = 334;
s = array1d(1..32, [0, 2, 0, 0, 10, 1, 1, 5, 5, 17, 13, 5, 21, 10, 6, 28, 21, 10, 18, 2, 20, 27, 18, 23, 38, 42, 27, 36, 40, 43, 45, 52]);
----------
objective = 332;
s = array1d(1..32, [0, 1, 0, 0, 10, 1, 1, 5, 5, 17, 13, 5, 21, 10, 6, 28, 21, 10, 18, 3, 20, 27, 18, 23, 38, 42, 27, 36, 40, 43, 45, 52]);
----------
objective = 330;
s = array1d(1..32, [0, 2, 0, 0, 10, 1, 1, 5, 5, 17, 13, 5, 21, 10, 6, 28, 21, 10, 18, 3, 20, 27, 18, 23, 38, 42, 27, 36, 40, 43, 45, 52]);
----------
objective = 329;
s = array1d(1..32, [0, 2, 0, 0, 10, 1, 1, 5, 5, 17, 13, 5, 21, 10, 6, 28, 21, 10, 18, 2, 20, 27, 18, 23, 38, 42, 27, 36, 41, 43, 45, 52]);
----------
objective = 327;
s = array1d(1..32, [0, 1, 0, 0, 10, 1, 1, 5, 5, 17, 13, 5, 21, 10, 6, 28, 21, 10, 18, 3, 20, 27, 18, 23, 38, 42, 27, 36, 41, 43, 45, 52]);
----------
objective = 325;
s = array1d(1..32, [0, 2, 0, 0, 10, 1, 1, 5, 5, 17, 13, 5, 21, 10, 6, 28, 21, 10, 18, 3, 20, 27, 18, 23, 38, 42, 27, 36, 41, 43, 45, 52]);
----------
objective = 324;
s = array1d(1..32, [0, 2, 0, 0, 10, 1, 1, 5, 5, 17, 13, 5, 21, 10, 6, 28, 21, 10, 18, 2, 20, 27, 18, 23, 38, 42, 27, 36, 42, 43, 45, 52]);
----------
objective = 322;
s = array1d(1..32, [0, 1, 0, 0, 10, 1, 1, 5, 5, 17, 13, 5, 21, 10, 6, 28, 21, 10, 18, 3, 20, 27, 18, 23, 38, 42, 27, 36, 42, 43, 45, 52]);
----------
objective = 320;
s = array1d(1..32, [0, 2, 0, 0, 10, 1, 1, 5, 5, 17, 13, 5, 21, 10, 6, 28, 21, 10, 18, 3, 20, 27, 18, 23, 38, 42, 27, 36, 42, 43, 45, 52]);
----------
objective = 319;
s = array1d(1..32, [0, 2, 0, 0, 10, 1, 1, 5, 5, 17, 13, 5, 21, 10, 6, 28, 21, 10, 18, 2, 20, 27, 18, 23, 38, 42, 27, 36, 43, 43, 45, 52]);
----------
objective = 317;
s = array1d(1..32, [0, 1, 0, 0, 10, 1, 1, 5, 5, 17, 13, 5, 21, 10, 6, 28, 21, 10, 18, 3, 20, 27, 18, 23, 38, 42, 27, 36, 43, 43, 45, 52]);
----------
objective = 315;
s = array1d(1..32, [0, 2, 0, 0, 10, 1, 1, 5, 5, 17, 13, 5, 21, 10, 6, 28, 21, 10, 18, 3, 20, 27, 18, 23, 38, 42, 27, 36, 43, 43, 45, 52]);
----------
objective = 314;
s = array1d(1..32, [0, 2, 0, 0, 10, 1, 1, 5, 5, 17, 13, 5, 21, 10, 6, 28, 21, 10, 18, 2, 20, 27, 18, 23, 38, 42, 27, 36, 44, 43, 45, 52]);
----------
objective = 312;
s = array1d(1..32, [0, 1, 0, 0, 10, 1, 1, 5, 5, 17, 13, 5, 21, 10, 6, 28, 21, 10, 18, 3, 20, 27, 18, 23, 38, 42, 27, 36, 44, 43, 45, 52]);
----------
objective = 310;
s = array1d(1..32, [0, 2, 0, 0, 10, 1, 1, 5, 5, 17, 13, 5, 21, 10, 6, 28, 21, 10, 18, 3, 20, 27, 18, 23, 38, 42, 27, 36, 44, 43, 45, 52]);
----------
objective = 309;
s = array1d(1..32, [0, 2, 0, 0, 10, 1, 1, 5, 5, 17, 13, 5, 21, 10, 6, 28, 21, 10, 18, 2, 20, 27, 18, 23, 38, 42, 27, 36, 45, 43, 45, 52]);
----------
objective = 307;
s = array1d(1..32, [0, 1, 0, 0, 10, 1, 1, 5, 5, 17, 13, 5, 21, 10, 6, 28, 21, 10, 18, 3, 20, 27, 18, 23, 38, 42, 27, 36, 45, 43, 45, 52]);
----------
objective = 305;
s = array1d(1..32, [0, 2, 0, 0, 10, 1, 1, 5, 5, 17, 13, 5, 21, 10, 6, 28, 21, 10, 18, 3, 20, 27, 18, 23, 38, 42, 27, 36, 45, 43, 45, 52]);
----------
objective = 304;
s = array1d(1..32, [0, 2, 0, 0, 10, 1, 1, 5, 5, 17, 13, 5, 21, 10, 6, 28, 21, 10, 18, 2, 20, 27, 18, 23, 38, 42, 27, 36, 46, 43, 45, 52]);
----------
objective = 302;
s = array1d(1..32, [0, 1, 0, 0, 10, 1, 1, 5, 5, 17, 13, 5, 21, 10, 6, 28, 21, 10, 18, 3, 20, 27, 18, 23, 38, 42, 27, 36, 46, 43, 45, 52]);
----------
objective = 300;
s = array1d(1..32, [0, 2, 0, 0, 10, 1, 1, 5, 5, 17, 13, 5, 21, 10, 6, 28, 21, 10, 18, 3, 20, 27, 18, 23, 38, 42, 27, 36, 46, 43, 45, 52]);
----------
objective = 299;
s = array1d(1..32, [0, 2, 0, 0, 10, 1, 1, 5, 5, 17, 13, 5, 21, 10, 6, 28, 21, 10, 18, 2, 20, 27, 18, 23, 38, 42, 27, 36, 47, 43, 45, 52]);
----------
objective = 297;
s = array1d(1..32, [0, 1, 0, 0, 10, 1, 1, 5, 5, 17, 13, 5, 21, 10, 6, 28, 21, 10, 18, 3, 20, 27, 18, 23, 38, 42, 27, 36, 47, 43, 45, 52]);
----------
objective = 295;
s = array1d(1..32, [0, 2, 0, 0, 10, 1, 1, 5, 5, 17, 13, 5, 21, 10, 6, 28, 21, 10, 18, 3, 20, 27, 18, 23, 38, 42, 27, 36, 47, 43, 45, 52]);
----------
objective = 294;
s = array1d(1..32, [0, 2, 0, 0, 10, 1, 1, 5, 5, 17, 13, 5, 21, 10, 6, 28, 21, 10, 18, 2, 20, 27, 18, 23, 38, 42, 27, 36, 48, 43, 45, 52]);
----------
objective = 292;
s = array1d(1..32, [0, 1, 0, 0, 10, 1, 1, 5, 5, 17, 13, 5, 21, 10, 6, 28, 21, 10, 18, 3, 20, 27, 18, 23, 38, 42, 27, 36, 48, 43, 45, 52]);
----------
objective = 290;
s = array1d(1..32, [0, 2, 0, 0, 10, 1, 1, 5, 5, 17, 13, 5, 21, 10, 6, 28, 21, 10, 18, 3, 20, 27, 18, 23, 38, 42, 27, 36, 48, 43, 45, 52]);
----------
objective = 289;
s = array1d(1..32, [0, 2, 0, 0, 10, 1, 1, 5, 5, 17, 13, 5, 21, 10, 6, 28, 21, 10, 18, 2, 20, 27, 18, 23, 38, 42, 27, 36, 49, 43, 45, 52]);
----------
objective = 287;
s = array1d(1..32, [0, 1, 0, 0, 10, 1, 1, 5, 5, 17, 13, 5, 21, 10, 6, 28, 21, 10, 18, 3, 20, 27, 18, 23, 38, 42, 27, 36, 49, 43, 45, 52]);
----------
objective = 285;
s = array1d(1..32, [0, 2, 0, 0, 10, 1, 1, 5, 5, 17, 13, 5, 21, 10, 6, 28, 21, 10, 18, 3, 20, 27, 18, 23, 38, 42, 27, 36, 49, 43, 45, 52]);
----------
objective = 284;
s = array1d(1..32, [0, 2, 0, 0, 10, 1, 1, 5, 5, 17, 13, 5, 21, 10, 7, 28, 21, 10, 18, 3, 20, 27, 18, 23, 38, 42, 27, 36, 49, 43, 45, 52]);
----------
objective = 283;
s = array1d(1..32, [0, 2, 0, 0, 10, 1, 1, 5, 5, 17, 13, 5, 21, 10, 7, 28, 21, 10, 18, 2, 20, 27, 18, 23, 38, 42, 27, 36, 50, 43, 45, 52]);
----------
objective = 282;
s = array1d(1..32, [0, 1, 0, 0, 10, 1, 1, 5, 5, 17, 13, 5, 21, 10, 6, 28, 21, 10, 18, 3, 20, 27, 18, 23, 38, 42, 27, 36, 50, 43, 45, 52]);
----------
objective = 280;
s = array1d(1..32, [0, 2, 0, 0, 10, 1, 1, 5, 5, 17, 13, 5, 21, 10, 6, 28, 21, 10, 18, 3, 20, 27, 18, 23, 38, 42, 27, 36, 50, 43, 45, 52]);
----------
objective = 279;
s = array1d(1..32, [0, 2, 0, 0, 10, 1, 1, 5, 5, 17, 13, 5, 21, 10, 7, 28, 21, 10, 18, 3, 20, 27, 18, 23, 38, 42, 27, 36, 50, 43, 45, 52]);
----------
objective = 278;
s = array1d(1..32, [0, 2, 0, 0, 10, 1, 1, 5, 5, 17, 13, 5, 21, 11, 7, 28, 21, 10, 18, 2, 20, 27, 18, 23, 38, 42, 27, 36, 50, 43, 45, 52]);
----------
objective = 277;
s = array1d(1..32, [0, 1, 0, 0, 10, 1, 1, 5, 5, 17, 13, 5, 21, 11, 6, 28, 21, 10, 18, 3, 20, 27, 18, 23, 38, 42, 27, 36, 50, 43, 45, 52]);
----------
objective = 275;
s = array1d(1..32, [0, 2, 0, 0, 10, 1, 1, 5, 5, 17, 13, 5, 21, 11, 6, 28, 21, 10, 18, 3, 20, 27, 18, 23, 38, 42, 27, 36, 50, 43, 45, 52]);
----------
objective = 274;
s = array1d(1..32, [0, 2, 0, 0, 10, 1, 1, 5, 5, 17, 13, 5, 21, 11, 7, 28, 21, 10, 18, 3, 20, 27, 18, 23, 38, 42, 27, 36, 50, 43, 45, 52]);
----------
objective = 273;
s = array1d(1..32, [0, 2, 0, 0, 10, 1, 1, 5, 5, 17, 13, 6, 21, 11, 7, 28, 21, 10, 18, 3, 20, 27, 18, 23, 38, 42, 27, 36, 50, 43, 45, 52]);
----------
objective = 272;
s = array1d(1..32, [0, 2, 0, 0, 10, 1, 1, 5, 5, 18, 13, 5, 21, 11, 7, 28, 21, 10, 18, 3, 20, 27, 18, 23, 38, 42, 27, 36, 50, 43, 45, 52]);
----------
objective = 271;
s = array1d(1..32, [0, 2, 0, 0, 10, 1, 1, 5, 5, 18, 13, 6, 21, 11, 7, 28, 21, 10, 18, 3, 20, 27, 18, 23, 38, 42, 27, 36, 50, 43, 45, 52]);
----------
objective = 270;
s = array1d(1..32, [0, 2, 0, 0, 10, 1, 1, 5, 5, 19, 13, 5, 21, 11, 7, 28, 21, 10, 18, 3, 20, 27, 18, 23, 38, 42, 27, 36, 50, 43, 45, 52]);
----------
objective = 269;
s = array1d(1..32, [0, 2, 0, 0, 10, 1, 1, 5, 5, 19, 13, 6, 21, 11, 7, 28, 21, 10, 18, 3, 20, 27, 18, 23, 38, 42, 27, 36, 50, 43, 45, 52]);
----------
objective = 268;
s = array1d(1..32, [0, 2, 0, 0, 10, 1, 1, 5, 5, 17, 13, 6, 21, 11, 7, 28, 21, 10, 18, 3, 20, 27, 18, 23, 38, 42, 27, 36, 50, 43, 45, 53]);
----------
objective = 267;
s = array1d(1..32, [0, 2, 0, 0, 10, 1, 1, 5, 5, 18, 13, 5, 21, 11, 7, 28, 21, 10, 18, 3, 20, 27, 18, 23, 38, 42, 27, 36, 50, 43, 45, 53]);
----------
objective = 266;
s = array1d(1..32, [0, 2, 0, 0, 10, 1, 1, 5, 5, 18, 13, 6, 21, 11, 7, 28, 21, 10, 18, 3, 20, 27, 18, 23, 38, 42, 27, 36, 50, 43, 45, 53]);
----------
objective = 265;
s = array1d(1..32, [0, 2, 0, 0, 10, 1, 1, 5, 5, 19, 13, 5, 21, 11, 7, 28, 21, 10, 18, 3, 20, 27, 18, 23, 38, 42, 27, 36, 50, 43, 45, 53]);
----------
objective = 264;
s = array1d(1..32, [0, 2, 0, 0, 10, 1, 1, 5, 5, 19, 13, 6, 21, 11, 7, 28, 21, 10, 18, 3, 20, 27, 18, 23, 38, 42, 27, 36, 50, 43, 45, 53]);
----------
objective = 263;
s = array1d(1..32, [0, 2, 0, 0, 10, 1, 1, 5, 5, 17, 13, 6, 21, 11, 7, 28, 21, 10, 18, 3, 20, 27, 18, 23, 38, 42, 27, 36, 50, 43, 45, 54]);
----------
objective = 262;
s = array1d(1..32, [0, 2, 0, 0, 10, 1, 1, 5, 5, 18, 13, 5, 21, 11, 7, 28, 21, 10, 18, 3, 20, 27, 18, 23, 38, 42, 27, 36, 50, 43, 45, 54]);
----------
objective = 261;
s = array1d(1..32, [0, 2, 0, 0, 10, 1, 1, 5, 5, 18, 13, 6, 21, 11, 7, 28, 21, 10, 18, 3, 20, 27, 18, 23, 38, 42, 27, 36, 50, 43, 45, 54]);
----------
objective = 260;
s = array1d(1..32, [0, 2, 0, 0, 10, 1, 1, 5, 5, 19, 13, 5, 21, 11, 7, 28, 21, 10, 18, 3, 20, 27, 18, 23, 38, 42, 27, 36, 50, 43, 45, 54]);
----------
objective = 259;
s = array1d(1..32, [0, 2, 0, 0, 10, 1, 1, 5, 5, 19, 13, 6, 21, 11, 7, 28, 21, 10, 18, 3, 20, 27, 18, 23, 38, 42, 27, 36, 50, 43, 45, 54]);
----------
objective = 258;
s = array1d(1..32, [0, 2, 0, 0, 10, 1, 1, 5, 5, 17, 13, 6, 21, 11, 7, 28, 21, 10, 18, 3, 20, 27, 18, 23, 38, 42, 27, 36, 50, 43, 45, 55]);
----------
objective = 257;
s = array1d(1..32, [0, 2, 0, 0, 10, 1, 1, 5, 5, 18, 13, 5, 21, 11, 7, 28, 21, 10, 18, 3, 20, 27, 18, 23, 38, 42, 27, 36, 50, 43, 45, 55]);
----------
objective = 256;
s = array1d(1..32, [0, 2, 0, 0, 10, 1, 1, 5, 5, 18, 13, 6, 21, 11, 7, 28, 21, 10, 18, 3, 20, 27, 18, 23, 38, 42, 27, 36, 50, 43, 45, 55]);
----------
objective = 255;
s = array1d(1..32, [0, 2, 0, 0, 10, 1, 1, 5, 5, 19, 13, 5, 21, 11, 7, 28, 21, 10, 18, 3, 20, 27, 18, 23, 38, 42, 27, 36, 50, 43, 45, 55]);
----------
objective = 254;
s = array1d(1..32, [0, 2, 0, 0, 10, 1, 1, 5, 5, 19, 13, 6, 21, 11, 7, 28, 21, 10, 18, 3, 20, 27, 18, 23, 38, 42, 27, 36, 50, 43, 45, 55]);
----------
objective = 253;
s = array1d(1..32, [0, 2, 0, 0, 10, 2, 1, 5, 5, 19, 13, 6, 21, 11, 7, 28, 21, 10, 18, 3, 20, 27, 18, 23, 38, 42, 27, 36, 50, 43, 45, 55]);
----------
objective = 252;
s = array1d(1..32, [0, 2, 0, 0, 10, 3, 1, 5, 5, 19, 13, 6, 21, 11, 7, 28, 21, 10, 18, 3, 20, 27, 18, 23, 38, 42, 27, 36, 50, 43, 45, 55]);
----------
objective = 251;
s = array1d(1..32, [0, 2, 0, 0, 10, 4, 1, 5, 5, 19, 13, 6, 21, 11, 7, 28, 21, 10, 18, 3, 20, 27, 18, 23, 38, 42, 27, 36, 50, 43, 45, 55]);
----------
objective = 250;
s = array1d(1..32, [0, 2, 1, 0, 10, 2, 1, 5, 5, 19, 13, 5, 21, 11, 7, 28, 21, 10, 18, 3, 20, 27, 18, 23, 38, 42, 27, 36, 50, 43, 45, 55]);
----------
objective = 249;
s = array1d(1..32, [0, 2, 1, 0, 10, 2, 1, 5, 5, 19, 13, 6, 21, 11, 7, 28, 21, 10, 18, 3, 20, 27, 18, 23, 38, 42, 27, 36, 50, 43, 45, 55]);
----------
objective = 248;
s = array1d(1..32, [0, 2, 1, 0, 10, 3, 1, 5, 5, 19, 13, 6, 21, 11, 7, 28, 21, 10, 18, 3, 20, 27, 18, 23, 38, 42, 27, 36, 50, 43, 45, 55]);
----------
objective = 247;
s = array1d(1..32, [0, 2, 1, 0, 10, 4, 1, 5, 5, 19, 13, 6, 21, 11, 7, 28, 21, 10, 18, 3, 20, 27, 18, 23, 38, 42, 27, 36, 50, 43, 45, 55]);
----------
objective = 246;
s = array1d(1..32, [0, 2, 2, 0, 10, 3, 1, 5, 5, 18, 13, 6, 21, 11, 7, 28, 21, 10, 18, 3, 20, 27, 18, 23, 38, 42, 27, 36, 50, 43, 45, 55]);
----------
objective = 245;
s = array1d(1..32, [0, 2, 2, 0, 10, 3, 1, 5, 5, 19, 13, 5, 21, 11, 7, 28, 21, 10, 18, 3, 20, 27, 18, 23, 38, 42, 27, 36, 50, 43, 45, 55]);
----------
objective = 244;
s = array1d(1..32, [0, 2, 2, 0, 10, 3, 1, 5, 5, 19, 13, 6, 21, 11, 7, 28, 21, 10, 18, 3, 20, 27, 18, 23, 38, 42, 27, 36, 50, 43, 45, 55]);
----------
objective = 243;
s = array1d(1..32, [0, 2, 2, 0, 10, 4, 1, 5, 5, 19, 13, 6, 21, 11, 7, 28, 21, 10, 18, 3, 20, 27, 18, 23, 38, 42, 27, 36, 50, 43, 45, 55]);
----------
objective = 242;
s = array1d(1..32, [0, 2, 3, 0, 10, 4, 1, 5, 5, 18, 13, 5, 21, 11, 7, 28, 21, 10, 18, 3, 20, 27, 18, 23, 38, 42, 27, 36, 50, 43, 45, 55]);
----------
objective = 241;
s = array1d(1..32, [0, 2, 3, 0, 10, 4, 1, 5, 5, 18, 13, 6, 21, 11, 7, 28, 21, 10, 18, 3, 20, 27, 18, 23, 38, 42, 27, 36, 50, 43, 45, 55]);
----------
objective = 240;
s = array1d(1..32, [0, 2, 3, 0, 10, 4, 1, 5, 5, 19, 13, 5, 21, 11, 7, 28, 21, 10, 18, 3, 20, 27, 18, 23, 38, 42, 27, 36, 50, 43, 45, 55]);
----------
objective = 239;
s = array1d(1..32, [0, 2, 3, 0, 10, 4, 1, 5, 5, 19, 13, 6, 21, 11, 7, 28, 21, 10, 18, 3, 20, 27, 18, 23, 38, 42, 27, 36, 50, 43, 45, 55]);
----------
objective = 238;
s = array1d(1..32, [0, 2, 3, 0, 10, 4, 1, 5, 5, 19, 13, 6, 21, 11, 7, 28, 21, 10, 18, 3, 20, 28, 18, 23, 38, 42, 27, 37, 50, 43, 45, 55]);
----------
objective = 237;
s = array1d(1..32, [0, 2, 3, 0, 10, 4, 1, 5, 5, 18, 13, 6, 21, 11, 7, 28, 21, 10, 18, 3, 21, 28, 18, 23, 38, 42, 27, 37, 50, 43, 45, 55]);
----------
objective = 236;
s = array1d(1..32, [0, 2, 3, 0, 10, 4, 1, 5, 5, 19, 13, 5, 21, 11, 7, 28, 21, 10, 18, 3, 21, 28, 18, 23, 38, 42, 27, 37, 50, 43, 45, 55]);
----------
objective = 235;
s = array1d(1..32, [0, 2, 3, 0, 10, 4, 1, 5, 5, 19, 13, 6, 21, 11, 7, 28, 21, 10, 18, 3, 21, 28, 18, 23, 38, 42, 27, 37, 50, 43, 45, 55]);
----------
objective = 234;
s = array1d(1..32, [0, 2, 3, 0, 10, 5, 1, 5, 5, 19, 13, 6, 21, 11, 7, 28, 21, 11, 18, 3, 21, 28, 18, 23, 38, 42, 27, 37, 50, 43, 45, 54]);
----------
objective = 233;
s = array1d(1..32, [0, 2, 4, 0, 10, 5, 1, 5, 5, 18, 13, 5, 21, 11, 7, 28, 21, 11, 18, 3, 21, 28, 18, 23, 38, 42, 27, 37, 50, 43, 45, 54]);
----------
objective = 232;
s = array1d(1..32, [0, 2, 4, 0, 10, 5, 1, 5, 5, 18, 13, 6, 21, 11, 7, 28, 21, 11, 18, 3, 21, 28, 18, 23, 38, 42, 27, 37, 50, 43, 45, 54]);
----------
objective = 231;
s = array1d(1..32, [0, 2, 4, 0, 10, 5, 1, 5, 5, 19, 13, 5, 21, 11, 7, 28, 21, 11, 18, 3, 21, 28, 18, 23, 38, 42, 27, 37, 50, 43, 45, 54]);
----------
objective = 230;
s = array1d(1..32, [0, 2, 4, 0, 10, 5, 1, 5, 5, 19, 13, 6, 21, 11, 7, 28, 21, 11, 18, 3, 21, 28, 18, 23, 38, 42, 27, 37, 50, 43, 45, 54]);
----------
objective = 229;
s = array1d(1..32, [0, 2, 3, 0, 10, 5, 1, 5, 5, 19, 13, 6, 21, 11, 7, 28, 21, 11, 18, 3, 21, 28, 18, 23, 38, 42, 27, 37, 50, 43, 45, 55]);
----------
objective = 228;
s = array1d(1..32, [0, 2, 4, 0, 10, 5, 1, 5, 5, 18, 13, 5, 21, 11, 7, 28, 21, 11, 18, 3, 21, 28, 18, 23, 38, 42, 27, 37, 50, 43, 45, 55]);
----------
objective = 227;
s = array1d(1..32, [0, 2, 4, 0, 10, 5, 1, 5, 5, 18, 13, 6, 21, 11, 7, 28, 21, 11, 18, 3, 21, 28, 18, 23, 38, 42, 27, 37, 50, 43, 45, 55]);
----------
objective = 226;
s = array1d(1..32, [0, 2, 4, 0, 10, 5, 1, 5, 5, 19, 13, 5, 21, 11, 7, 28, 21, 11, 18, 3, 21, 28, 18, 23, 38, 42, 27, 37, 50, 43, 45, 55]);
----------
objective = 225;
s = array1d(1..32, [0, 2, 4, 0, 10, 5, 1, 5, 5, 19, 13, 6, 21, 11, 7, 28, 21, 11, 18, 3, 21, 28, 18, 23, 38, 42, 27, 37, 50, 43, 45, 55]);
----------
objective = 224;
s = array1d(1..32, [0, 2, 4, 0, 11, 5, 1, 6, 5, 18, 13, 5, 21, 11, 6, 28, 21, 11, 18, 3, 21, 28, 18, 23, 38, 42, 27, 37, 50, 43, 45, 55]);
----------
objective = 223;
s = array1d(1..32, [0, 2, 4, 0, 11, 5, 1, 6, 5, 18, 13, 5, 21, 11, 7, 28, 21, 11, 18, 3, 21, 28, 18, 23, 38, 42, 27, 37, 50, 43, 45, 55]);
----------
objective = 222;
s = array1d(1..32, [0, 2, 4, 0, 11, 5, 1, 6, 5, 18, 13, 6, 21, 11, 7, 28, 21, 11, 18, 3, 21, 28, 18, 23, 38, 42, 27, 37, 50, 43, 45, 55]);
----------
objective = 221;
s = array1d(1..32, [0, 2, 4, 0, 11, 5, 1, 6, 5, 19, 13, 5, 21, 11, 7, 28, 21, 11, 18, 3, 21, 28, 18, 23, 38, 42, 27, 37, 50, 43, 45, 55]);
----------
objective = 220;
s = array1d(1..32, [0, 2, 4, 0, 11, 5, 1, 6, 5, 19, 13, 6, 21, 11, 7, 28, 21, 11, 18, 3, 21, 28, 18, 23, 38, 42, 27, 37, 50, 43, 45, 55]);
----------
objective = 219;
s = array1d(1..32, [0, 2, 6, 0, 11, 7, 1, 6, 5, 19, 13, 5, 23, 11, 7, 28, 21, 15, 18, 3, 25, 36, 23, 23, 38, 42, 27, 28, 50, 45, 36, 55]);
----------
objective = 218;
s = array1d(1..32, [0, 2, 6, 0, 11, 7, 1, 6, 5, 19, 13, 6, 23, 11, 7, 28, 21, 15, 18, 3, 25, 36, 23, 23, 38, 42, 27, 28, 50, 45, 36, 55]);
----------
objective = 217;
s = array1d(1..32, [0, 2, 6, 0, 11, 8, 1, 6, 5, 19, 13, 6, 23, 11, 7, 28, 21, 15, 18, 3, 25, 36, 23, 23, 38, 42, 27, 28, 50, 45, 36, 55]);
----------
objective = 216;
s = array1d(1..32, [0, 2, 6, 0, 11, 7, 1, 6, 5, 19, 13, 5, 23, 11, 7, 28, 21, 15, 18, 3, 25, 37, 23, 23, 38, 42, 27, 29, 50, 46, 37, 54]);
----------
objective = 215;
s = array1d(1..32, [0, 2, 6, 0, 11, 8, 1, 6, 5, 19, 13, 5, 23, 11, 7, 28, 21, 15, 18, 3, 25, 37, 23, 23, 38, 42, 27, 29, 50, 46, 37, 54]);
----------
objective = 214;
s = array1d(1..32, [0, 2, 6, 0, 11, 8, 1, 6, 5, 19, 13, 6, 23, 11, 7, 28, 21, 15, 18, 3, 25, 37, 23, 23, 38, 42, 27, 29, 50, 46, 37, 54]);
----------
objective = 213;
s = array1d(1..32, [0, 2, 6, 0, 11, 7, 1, 6, 5, 18, 13, 5, 23, 11, 7, 28, 21, 15, 18, 3, 25, 37, 23, 23, 38, 42, 27, 29, 50, 46, 37, 55]);
----------
objective = 212;
s = array1d(1..32, [0, 2, 6, 0, 11, 8, 1, 6, 5, 18, 13, 5, 23, 11, 7, 28, 21, 15, 18, 3, 25, 37, 23, 23, 38, 42, 27, 29, 50, 46, 37, 55]);
----------
objective = 211;
s = array1d(1..32, [0, 2, 6, 0, 11, 7, 1, 6, 5, 19, 13, 5, 23, 11, 7, 28, 21, 15, 18, 3, 25, 37, 23, 23, 38, 42, 27, 29, 50, 46, 37, 55]);
----------
objective = 210;
s = array1d(1..32, [0, 2, 6, 0, 11, 8, 1, 6, 5, 19, 13, 5, 23, 11, 7, 28, 21, 15, 18, 3, 25, 37, 23, 23, 38, 42, 27, 29, 50, 46, 37, 55]);
----------
objective = 209;
s = array1d(1..32, [0, 2, 6, 0, 11, 8, 1, 6, 5, 19, 13, 6, 23, 11, 7, 28, 21, 15, 18, 3, 25, 37, 23, 23, 38, 42, 27, 29, 50, 46, 37, 55]);
----------
objective = 208;
s = array1d(1..32, [0, 2, 6, 0, 11, 8, 1, 6, 5, 19, 13, 6, 23, 11, 7, 28, 21, 15, 18, 3, 25, 37, 23, 23, 38, 42, 27, 29, 50, 47, 37, 55]);
----------
objective = 207;
s = array1d(1..32, [0, 2, 6, 0, 11, 8, 1, 6, 5, 19, 13, 5, 23, 11, 7, 28, 21, 15, 18, 3, 25, 38, 23, 23, 38, 42, 27, 29, 50, 47, 37, 55]);
----------
objective = 206;
s = array1d(1..32, [0, 2, 6, 0, 11, 8, 1, 6, 5, 19, 13, 6, 23, 11, 7, 28, 21, 15, 18, 3, 25, 38, 23, 23, 38, 42, 27, 29, 50, 47, 37, 55]);
----------
objective = 205;
s = array1d(1..32, [0, 2, 6, 0, 11, 7, 1, 6, 5, 18, 13, 5, 23, 11, 7, 28, 21, 15, 18, 3, 25, 38, 23, 23, 38, 42, 27, 30, 50, 47, 38, 55]);
----------
objective = 204;
s = array1d(1..32, [0, 2, 6, 0, 11, 8, 1, 6, 5, 18, 13, 5, 23, 11, 7, 28, 21, 15, 18, 3, 25, 38, 23, 23, 38, 42, 27, 30, 50, 47, 38, 55]);
----------
objective = 203;
s = array1d(1..32, [0, 2, 6, 0, 11, 7, 1, 6, 5, 19, 13, 5, 23, 11, 7, 28, 21, 15, 18, 3, 25, 38, 23, 23, 38, 42, 27, 30, 50, 47, 38, 55]);
----------
objective = 202;
s = array1d(1..32, [0, 2, 6, 0, 11, 8, 1, 6, 5, 19, 13, 5, 23, 11, 7, 28, 21, 15, 18, 3, 25, 38, 23, 23, 38, 42, 27, 30, 50, 47, 38, 55]);
----------
objective = 201;
s = array1d(1..32, [0, 2, 6, 0, 11, 8, 1, 6, 5, 19, 13, 6, 23, 11, 7, 28, 21, 15, 18, 3, 25, 38, 23, 23, 38, 42, 27, 30, 50, 47, 38, 55]);
----------
objective = 200;
s = array1d(1..32, [0, 2, 6, 0, 11, 8, 1, 6, 5, 19, 13, 6, 23, 11, 7, 28, 21, 15, 18, 3, 25, 38, 23, 23, 38, 42, 27, 30, 50, 48, 38, 55]);
----------
objective = 199;
s = array1d(1..32, [0, 2, 6, 0, 11, 8, 1, 6, 5, 19, 13, 5, 23, 11, 7, 28, 21, 15, 18, 3, 25, 39, 23, 23, 38, 42, 27, 30, 50, 48, 38, 55]);
----------
objective = 198;
s = array1d(1..32, [0, 2, 6, 0, 11, 8, 1, 6, 5, 19, 13, 6, 23, 11, 7, 28, 21, 15, 18, 3, 25, 39, 23, 23, 38, 42, 27, 30, 50, 48, 38, 55]);
----------
objective = 197;
s = array1d(1..32, [0, 2, 6, 0, 11, 7, 1, 6, 5, 18, 13, 5, 23, 11, 7, 28, 21, 15, 18, 3, 25, 39, 23, 23, 38, 42, 27, 31, 50, 48, 39, 55]);
----------
objective = 196;
s = array1d(1..32, [0, 2, 6, 0, 11, 8, 1, 6, 5, 18, 13, 5, 23, 11, 7, 28, 21, 15, 18, 3, 25, 39, 23, 23, 38, 42, 27, 31, 50, 48, 39, 55]);
----------
objective = 195;
s = array1d(1..32, [0, 2, 6, 0, 11, 7, 1, 6, 5, 19, 13, 5, 23, 11, 7, 28, 21, 15, 18, 3, 25, 39, 23, 23, 38, 42, 27, 31, 50, 48, 39, 55]);
----------
objective = 194;
s = array1d(1..32, [0, 2, 6, 0, 11, 8, 1, 6, 5, 19, 13, 5, 23, 11, 7, 28, 21, 15, 18, 3, 25, 39, 23, 23, 38, 42, 27, 31, 50, 48, 39, 55]);
----------
objective = 193;
s = array1d(1..32, [0, 2, 6, 0, 11, 8, 1, 6, 5, 19, 13, 6, 23, 11, 7, 28, 21, 15, 18, 3, 25, 39, 23, 23, 38, 42, 27, 31, 50, 48, 39, 55]);
----------
objective = 192;
s = array1d(1..32, [0, 2, 6, 0, 11, 7, 1, 6, 5, 19, 13, 5, 23, 11, 7, 28, 21, 15, 18, 3, 25, 40, 23, 23, 38, 42, 27, 32, 50, 49, 40, 54]);
----------
objective = 191;
s = array1d(1..32, [0, 2, 6, 0, 11, 8, 1, 6, 5, 19, 13, 5, 23, 11, 7, 28, 21, 15, 18, 3, 25, 40, 23, 23, 38, 42, 27, 32, 50, 49, 40, 54]);
----------
objective = 190;
s = array1d(1..32, [0, 2, 6, 0, 11, 8, 1, 6, 5, 19, 13, 6, 23, 11, 7, 28, 21, 15, 18, 3, 25, 40, 23, 23, 38, 42, 27, 32, 50, 49, 40, 54]);
----------
objective = 189;
s = array1d(1..32, [0, 2, 6, 0, 11, 7, 1, 6, 5, 18, 13, 5, 23, 11, 7, 28, 21, 15, 18, 3, 25, 40, 23, 23, 38, 42, 27, 32, 50, 49, 40, 55]);
----------
objective = 188;
s = array1d(1..32, [0, 2, 2, 0, 11, 4, 1, 6, 5, 19, 13, 5, 21, 11, 6, 28, 21, 11, 18, 3, 21, 41, 18, 23, 38, 47, 27, 33, 50, 50, 41, 55]);
----------
objective = 187;
s = array1d(1..32, [0, 2, 2, 0, 11, 5, 1, 6, 5, 19, 13, 5, 21, 11, 6, 28, 21, 11, 18, 3, 21, 41, 18, 23, 38, 47, 27, 33, 50, 50, 41, 55]);
----------
objective = 186;
s = array1d(1..32, [0, 2, 3, 0, 11, 4, 1, 6, 5, 18, 13, 5, 21, 11, 6, 28, 21, 11, 18, 3, 21, 41, 18, 23, 38, 47, 27, 33, 50, 50, 41, 55]);
----------
objective = 185;
s = array1d(1..32, [0, 2, 3, 0, 11, 5, 1, 6, 5, 18, 13, 5, 21, 11, 6, 28, 21, 11, 18, 3, 21, 41, 18, 23, 38, 47, 27, 33, 50, 50, 41, 55]);
----------
objective = 184;
s = array1d(1..32, [0, 2, 3, 0, 11, 4, 1, 6, 5, 19, 13, 5, 21, 11, 6, 28, 21, 11, 18, 3, 21, 41, 18, 23, 38, 47, 27, 33, 50, 50, 41, 55]);
----------
objective = 183;
s = array1d(1..32, [0, 2, 3, 0, 11, 5, 1, 6, 5, 19, 13, 5, 21, 11, 6, 28, 21, 11, 18, 3, 21, 41, 18, 23, 38, 47, 27, 33, 50, 50, 41, 55]);
----------
objective = 181;
s = array1d(1..32, [0, 2, 4, 0, 11, 5, 1, 6, 5, 18, 13, 5, 21, 11, 6, 28, 21, 11, 18, 3, 21, 41, 18, 23, 38, 47, 27, 33, 50, 50, 41, 55]);
----------
objective = 179;
s = array1d(1..32, [0, 2, 4, 0, 11, 5, 1, 6, 5, 19, 13, 5, 21, 11, 6, 28, 21, 11, 18, 3, 21, 41, 18, 23, 38, 47, 27, 33, 50, 50, 41, 55]);
----------
objective = 178;
s = array1d(1..32, [0, 2, 5, 0, 11, 7, 1, 6, 5, 19, 13, 5, 23, 11, 6, 28, 21, 15, 18, 3, 25, 41, 23, 23, 38, 47, 27, 33, 50, 50, 41, 55]);
----------
objective = 177;
s = array1d(1..32, [0, 2, 5, 0, 11, 8, 1, 6, 5, 19, 13, 5, 23, 11, 6, 28, 21, 15, 18, 3, 25, 41, 23, 23, 38, 47, 27, 33, 50, 50, 41, 55]);
----------
objective = 176;
s = array1d(1..32, [0, 2, 5, 0, 11, 8, 1, 6, 5, 19, 13, 5, 23, 11, 7, 28, 21, 15, 18, 3, 25, 41, 23, 23, 38, 47, 27, 33, 50, 50, 41, 55]);
----------
objective = 175;
s = array1d(1..32, [0, 2, 6, 0, 11, 7, 1, 6, 5, 18, 13, 5, 23, 11, 7, 28, 21, 15, 18, 3, 25, 41, 23, 23, 38, 47, 27, 33, 50, 50, 41, 55]);
----------
objective = 174;
s = array1d(1..32, [0, 2, 6, 0, 11, 8, 1, 6, 5, 18, 13, 5, 23, 11, 7, 28, 21, 15, 18, 3, 25, 41, 23, 23, 38, 47, 27, 33, 50, 50, 41, 55]);
----------
objective = 173;
s = array1d(1..32, [0, 2, 6, 0, 11, 7, 1, 6, 5, 19, 13, 5, 23, 11, 7, 28, 21, 15, 18, 3, 25, 41, 23, 23, 38, 47, 27, 33, 50, 50, 41, 55]);
----------
objective = 172;
s = array1d(1..32, [0, 2, 6, 0, 11, 8, 1, 6, 5, 19, 13, 5, 23, 11, 7, 28, 21, 15, 18, 3, 25, 41, 23, 23, 38, 47, 27, 33, 50, 50, 41, 55]);
----------
objective = 171;
s = array1d(1..32, [0, 2, 6, 0, 11, 8, 1, 6, 5, 19, 13, 6, 23, 11, 7, 28, 21, 15, 18, 3, 25, 41, 23, 23, 38, 47, 27, 33, 50, 50, 41, 55]);
----------
objective = 170;
s = array1d(1..32, [0, 2, 6, 0, 11, 7, 1, 6, 5, 18, 13, 5, 23, 11, 7, 29, 21, 15, 18, 3, 25, 41, 23, 23, 39, 47, 28, 33, 50, 50, 41, 55]);
----------
objective = 169;
s = array1d(1..32, [0, 2, 6, 0, 11, 8, 1, 6, 5, 18, 13, 5, 23, 11, 7, 29, 21, 15, 18, 3, 25, 41, 23, 23, 39, 47, 28, 33, 50, 50, 41, 55]);
----------
objective = 168;
s = array1d(1..32, [0, 2, 6, 0, 11, 7, 1, 6, 5, 19, 13, 5, 23, 11, 7, 29, 21, 15, 18, 3, 25, 41, 23, 23, 39, 47, 28, 33, 50, 50, 41, 55]);
----------
objective = 167;
s = array1d(1..32, [0, 2, 6, 0, 11, 8, 1, 6, 5, 19, 13, 5, 23, 11, 7, 29, 21, 15, 18, 3, 25, 41, 23, 23, 39, 47, 28, 33, 50, 50, 41, 55]);
----------
objective = 166;
s = array1d(1..32, [0, 2, 6, 0, 11, 8, 1, 6, 5, 19, 13, 6, 23, 11, 7, 29, 21, 15, 18, 3, 25, 41, 23, 23, 39, 47, 28, 33, 50, 50, 41, 55]);
----------
objective = 165;
s = array1d(1..32, [0, 2, 6, 0, 11, 7, 1, 6, 5, 19, 13, 5, 23, 11, 7, 30, 21, 15, 18, 3, 25, 41, 23, 23, 40, 46, 29, 33, 50, 50, 41, 55]);
----------
objective = 164;
s = array1d(1..32, [0, 2, 6, 0, 11, 8, 1, 6, 5, 19, 13, 5, 23, 11, 7, 30, 21, 15, 18, 3, 25, 41, 23, 23, 40, 46, 29, 33, 50, 50, 41, 55]);
----------
objective = 163;
s = array1d(1..32, [0, 2, 6, 0, 11, 7, 1, 6, 5, 19, 13, 5, 23, 11, 7, 30, 21, 15, 18, 3, 25, 41, 23, 23, 40, 47, 29, 33, 50, 50, 41, 55]);
----------
objective = 162;
s = array1d(1..32, [0, 2, 6, 0, 11, 8, 1, 6, 5, 19, 13, 5, 23, 11, 7, 30, 21, 15, 18, 3, 25, 41, 23, 23, 40, 47, 29, 33, 50, 50, 41, 55]);
----------
objective = 161;
s = array1d(1..32, [0, 2, 6, 0, 11, 8, 1, 6, 5, 19, 13, 6, 23, 11, 7, 30, 21, 15, 18, 3, 25, 41, 23, 23, 40, 47, 29, 33, 50, 50, 41, 55]);
----------
objective = 160;
s = array1d(1..32, [0, 2, 6, 0, 11, 7, 1, 6, 5, 19, 13, 5, 23, 11, 7, 31, 21, 15, 18, 3, 25, 41, 23, 23, 41, 46, 30, 33, 50, 50, 41, 55]);
----------
objective = 159;
s = array1d(1..32, [0, 2, 6, 0, 11, 8, 1, 6, 5, 19, 13, 5, 23, 11, 7, 31, 21, 15, 18, 3, 25, 41, 23, 23, 41, 46, 30, 33, 50, 50, 41, 55]);
----------
objective = 158;
s = array1d(1..32, [0, 2, 6, 0, 11, 7, 1, 6, 5, 19, 13, 5, 23, 11, 7, 31, 21, 15, 18, 3, 25, 41, 23, 23, 41, 47, 30, 33, 50, 50, 41, 55]);
----------
objective = 157;
s = array1d(1..32, [0, 2, 6, 0, 11, 8, 1, 6, 5, 19, 13, 5, 23, 11, 7, 31, 21, 15, 18, 3, 25, 41, 23, 23, 41, 47, 30, 33, 50, 50, 41, 55]);
----------
objective = 156;
s = array1d(1..32, [0, 2, 6, 0, 11, 8, 1, 6, 5, 19, 13, 6, 23, 11, 7, 31, 21, 15, 18, 3, 25, 41, 23, 23, 41, 47, 30, 33, 50, 50, 41, 55]);
----------
objective = 155;
s = array1d(1..32, [0, 2, 6, 0, 11, 8, 1, 6, 5, 19, 13, 6, 23, 11, 7, 32, 21, 15, 18, 3, 25, 40, 23, 23, 42, 47, 31, 32, 50, 49, 40, 55]);
----------
objective = 154;
s = array1d(1..32, [0, 2, 6, 0, 11, 8, 1, 6, 5, 19, 13, 5, 23, 11, 7, 32, 21, 15, 18, 3, 25, 41, 23, 23, 42, 46, 31, 33, 50, 50, 41, 55]);
----------
objective = 153;
s = array1d(1..32, [0, 2, 6, 0, 11, 8, 1, 6, 5, 19, 13, 6, 23, 11, 7, 32, 21, 15, 18, 3, 25, 41, 23, 23, 42, 46, 31, 33, 50, 50, 41, 55]);
----------
objective = 152;
s = array1d(1..32, [0, 2, 6, 0, 11, 8, 1, 6, 5, 19, 13, 5, 23, 11, 7, 32, 21, 15, 18, 3, 25, 41, 23, 23, 42, 47, 31, 33, 50, 50, 41, 55]);
----------
objective = 151;
s = array1d(1..32, [0, 2, 6, 0, 11, 8, 1, 6, 5, 19, 13, 6, 23, 11, 7, 32, 21, 15, 18, 3, 25, 41, 23, 23, 42, 47, 31, 33, 50, 50, 41, 55]);
----------
objective = 150;
s = array1d(1..32, [0, 1, 6, 0, 11, 7, 1, 6, 5, 19, 13, 5, 23, 11, 7, 33, 21, 15, 18, 3, 25, 41, 23, 23, 43, 47, 32, 33, 50, 50, 41, 55]);
----------
objective = 148;
s = array1d(1..32, [0, 2, 6, 0, 11, 7, 1, 6, 5, 19, 13, 5, 23, 11, 7, 33, 21, 15, 18, 3, 25, 41, 23, 23, 43, 47, 32, 33, 50, 50, 41, 55]);
----------
objective = 147;
s = array1d(1..32, [0, 2, 6, 0, 11, 8, 1, 6, 5, 19, 13, 5, 23, 11, 7, 33, 21, 15, 18, 3, 25, 41, 23, 23, 43, 47, 32, 33, 50, 50, 41, 55]);
----------
objective = 146;
s = array1d(1..32, [0, 2, 6, 0, 11, 8, 1, 6, 5, 19, 13, 6, 23, 11, 7, 33, 21, 15, 18, 3, 25, 41, 23, 23, 43, 47, 32, 33, 50, 50, 41, 55]);
----------
objective = 145;
s = array1d(1..32, [0, 2, 6, 0, 11, 8, 1, 6, 5, 19, 13, 5, 23, 11, 7, 33, 21, 15, 18, 3, 25, 41, 23, 24, 43, 47, 32, 33, 50, 50, 41, 55]);
----------
objective = 144;
s = array1d(1..32, [0, 2, 6, 0, 11, 8, 1, 6, 5, 19, 13, 6, 23, 11, 7, 33, 21, 15, 18, 3, 25, 41, 23, 24, 43, 47, 32, 33, 50, 50, 41, 55]);
----------
objective = 143;
s = array1d(1..32, [0, 2, 4, 0, 11, 5, 1, 6, 5, 19, 13, 5, 23, 11, 7, 33, 21, 11, 18, 3, 21, 41, 18, 25, 43, 47, 32, 33, 50, 50, 41, 55]);
----------
objective = 142;
s = array1d(1..32, [0, 2, 4, 0, 11, 5, 1, 6, 5, 19, 13, 6, 23, 11, 7, 33, 21, 11, 18, 3, 21, 41, 18, 25, 43, 47, 32, 33, 50, 50, 41, 55]);
----------
objective = 141;
s = array1d(1..32, [0, 1, 4, 0, 11, 5, 1, 6, 5, 19, 13, 5, 24, 11, 6, 33, 21, 11, 18, 3, 21, 41, 18, 26, 43, 47, 32, 33, 50, 50, 41, 55]);
----------
objective = 139;
s = array1d(1..32, [0, 2, 4, 0, 11, 5, 1, 6, 5, 19, 13, 5, 24, 11, 6, 33, 21, 11, 18, 3, 21, 41, 18, 26, 43, 47, 32, 33, 50, 50, 41, 55]);
----------
objective = 138;
s = array1d(1..32, [0, 2, 4, 0, 11, 5, 1, 6, 5, 19, 13, 5, 24, 11, 7, 33, 21, 11, 18, 3, 21, 41, 18, 26, 43, 47, 32, 33, 50, 50, 41, 55]);
----------
objective = 137;
s = array1d(1..32, [0, 2, 4, 0, 11, 5, 1, 6, 5, 19, 13, 6, 24, 11, 7, 33, 21, 11, 18, 3, 21, 41, 18, 26, 43, 47, 32, 33, 50, 50, 41, 55]);
----------
objective = 136;
s = array1d(1..32, [0, 1, 5, 0, 11, 6, 1, 6, 5, 19, 13, 5, 23, 11, 6, 33, 22, 12, 18, 3, 22, 41, 18, 25, 43, 47, 32, 33, 50, 50, 41, 55]);
----------
objective = 134;
s = array1d(1..32, [0, 2, 5, 0, 11, 6, 1, 6, 5, 19, 13, 5, 23, 11, 6, 33, 22, 12, 18, 3, 22, 41, 18, 25, 43, 47, 32, 33, 50, 50, 41, 55]);
----------
objective = 133;
s = array1d(1..32, [0, 2, 5, 0, 11, 6, 1, 6, 5, 19, 13, 5, 23, 11, 7, 33, 22, 12, 18, 3, 22, 41, 18, 25, 43, 47, 32, 33, 50, 50, 41, 55]);
----------
objective = 132;
s = array1d(1..32, [0, 2, 5, 0, 11, 6, 1, 6, 5, 19, 13, 6, 23, 11, 7, 33, 22, 12, 18, 3, 22, 41, 18, 25, 43, 47, 32, 33, 50, 50, 41, 55]);
----------
objective = 131;
s = array1d(1..32, [0, 1, 5, 0, 11, 6, 1, 6, 5, 19, 13, 5, 24, 11, 6, 33, 22, 12, 18, 3, 22, 41, 18, 26, 43, 47, 32, 33, 50, 50, 41, 55]);
----------
objective = 129;
s = array1d(1..32, [0, 2, 5, 0, 11, 6, 1, 6, 5, 19, 13, 5, 24, 11, 6, 33, 22, 12, 18, 3, 22, 41, 18, 26, 43, 47, 32, 33, 50, 50, 41, 55]);
----------
objective = 128;
s = array1d(1..32, [0, 2, 5, 0, 11, 6, 1, 6, 5, 19, 13, 5, 24, 11, 7, 33, 22, 12, 18, 3, 22, 41, 18, 26, 43, 47, 32, 33, 50, 50, 41, 55]);
----------
objective = 127;
s = array1d(1..32, [0, 2, 5, 0, 11, 6, 1, 6, 5, 19, 13, 6, 24, 11, 7, 33, 22, 12, 18, 3, 22, 41, 18, 26, 43, 47, 32, 33, 50, 50, 41, 55]);
----------
objective = 126;
s = array1d(1..32, [0, 2, 6, 0, 11, 7, 1, 6, 5, 19, 13, 5, 22, 11, 7, 33, 23, 13, 18, 3, 23, 41, 18, 25, 43, 47, 32, 33, 50, 50, 41, 55]);
----------
objective = 125;
s = array1d(1..32, [0, 1, 6, 0, 11, 7, 1, 6, 5, 19, 13, 5, 23, 11, 7, 33, 23, 13, 18, 3, 23, 41, 18, 25, 43, 47, 32, 33, 50, 50, 41, 55]);
----------
objective = 123;
s = array1d(1..32, [0, 2, 6, 0, 11, 7, 1, 6, 5, 19, 13, 5, 23, 11, 7, 33, 23, 13, 18, 3, 23, 41, 18, 25, 43, 47, 32, 33, 50, 50, 41, 55]);
----------
objective = 122;
s = array1d(1..32, [0, 2, 6, 0, 11, 7, 1, 6, 5, 19, 13, 6, 23, 11, 7, 33, 23, 13, 18, 3, 23, 41, 18, 25, 43, 47, 32, 33, 50, 50, 41, 55]);
----------
objective = 121;
s = array1d(1..32, [0, 2, 6, 0, 11, 7, 1, 6, 5, 19, 13, 5, 23, 11, 7, 33, 23, 13, 18, 3, 23, 41, 18, 26, 43, 47, 32, 33, 50, 50, 41, 55]);
----------
objective = 120;
s = array1d(1..32, [0, 1, 6, 0, 11, 7, 1, 6, 5, 19, 13, 5, 24, 11, 7, 33, 23, 13, 18, 3, 23, 41, 18, 26, 43, 47, 32, 33, 50, 50, 41, 55]);
----------
objective = 118;
s = array1d(1..32, [0, 2, 6, 0, 11, 7, 1, 6, 5, 19, 13, 5, 24, 11, 7, 33, 23, 13, 18, 3, 23, 41, 18, 26, 43, 47, 32, 33, 50, 50, 41, 55]);
----------
objective = 117;
s = array1d(1..32, [0, 2, 6, 0, 11, 7, 1, 6, 5, 19, 13, 6, 24, 11, 7, 33, 23, 13, 18, 3, 23, 41, 18, 26, 43, 47, 32, 33, 50, 50, 41, 55]);
----------
objective = 116;
s = array1d(1..32, [0, 2, 5, 0, 11, 8, 1, 6, 5, 19, 13, 5, 24, 11, 7, 33, 24, 14, 18, 3, 24, 41, 18, 26, 43, 47, 32, 33, 50, 50, 41, 55]);
----------
objective = 114;
s = array1d(1..32, [0, 2, 6, 0, 11, 7, 1, 6, 5, 19, 13, 5, 24, 11, 7, 33, 24, 13, 18, 3, 23, 41, 18, 26, 43, 47, 32, 33, 50, 50, 41, 55]);
----------
objective = 113;
s = array1d(1..32, [0, 2, 6, 0, 11, 7, 1, 6, 5, 19, 13, 5, 24, 11, 7, 33, 24, 14, 18, 3, 24, 41, 18, 26, 43, 47, 32, 33, 50, 50, 41, 55]);
----------
objective = 112;
s = array1d(1..32, [0, 2, 6, 0, 11, 8, 1, 6, 5, 19, 13, 5, 24, 11, 7, 33, 24, 14, 18, 3, 24, 41, 18, 26, 43, 47, 32, 33, 50, 50, 41, 55]);
----------
objective = 111;
s = array1d(1..32, [0, 2, 6, 0, 11, 8, 1, 6, 5, 19, 13, 6, 24, 11, 7, 33, 24, 14, 18, 3, 24, 41, 18, 26, 43, 47, 32, 33, 50, 50, 41, 55]);
----------
objective = 110;
s = array1d(1..32, [0, 2, 6, 0, 11, 7, 1, 6, 5, 19, 13, 5, 24, 11, 7, 33, 25, 13, 18, 3, 23, 41, 18, 27, 43, 47, 32, 33, 50, 50, 41, 55]);
----------
objective = 109;
s = array1d(1..32, [0, 2, 6, 0, 11, 7, 1, 6, 5, 19, 13, 5, 24, 11, 7, 33, 25, 14, 18, 3, 24, 41, 18, 27, 43, 47, 32, 33, 50, 50, 41, 55]);
----------
objective = 108;
s = array1d(1..32, [0, 2, 6, 0, 11, 8, 1, 6, 5, 19, 13, 5, 24, 11, 7, 33, 25, 14, 18, 3, 24, 41, 18, 27, 43, 47, 32, 33, 50, 50, 41, 55]);
----------
objective = 107;
s = array1d(1..32, [0, 2, 6, 0, 11, 8, 1, 6, 5, 19, 13, 5, 24, 11, 7, 33, 25, 15, 18, 3, 25, 41, 18, 27, 43, 47, 32, 33, 50, 50, 41, 55]);
----------
objective = 106;
s = array1d(1..32, [0, 2, 6, 0, 11, 8, 1, 6, 5, 19, 13, 6, 24, 11, 7, 33, 25, 15, 18, 3, 25, 41, 18, 27, 43, 47, 32, 33, 50, 50, 41, 55]);
----------
objective = 105;
s = array1d(1..32, [0, 2, 6, 0, 11, 7, 1, 6, 5, 19, 13, 5, 24, 11, 7, 33, 26, 14, 18, 3, 24, 41, 18, 28, 43, 47, 32, 33, 50, 50, 41, 55]);
----------
objective = 104;
s = array1d(1..32, [0, 2, 6, 0, 11, 8, 1, 6, 5, 19, 13, 5, 24, 11, 7, 33, 26, 14, 18, 3, 24, 41, 18, 28, 43, 47, 32, 33, 50, 50, 41, 55]);
----------
objective = 103;
s = array1d(1..32, [0, 2, 6, 0, 11, 8, 1, 6, 5, 19, 13, 5, 24, 11, 7, 33, 26, 15, 18, 3, 25, 41, 18, 28, 43, 47, 32, 33, 50, 50, 41, 55]);
----------
objective = 102;
s = array1d(1..32, [0, 2, 6, 0, 11, 8, 1, 6, 5, 19, 13, 6, 24, 11, 7, 33, 26, 15, 18, 3, 25, 41, 18, 28, 43, 47, 32, 33, 50, 50, 41, 55]);
----------
objective = 101;
s = array1d(1..32, [0, 2, 6, 0, 11, 8, 1, 6, 5, 19, 14, 6, 24, 11, 7, 33, 26, 15, 18, 3, 25, 41, 18, 28, 43, 47, 32, 33, 50, 50, 41, 55]);
----------
objective = 100;
s = array1d(1..32, [0, 2, 6, 0, 11, 8, 1, 6, 5, 19, 15, 6, 24, 11, 7, 33, 26, 15, 18, 3, 25, 41, 18, 28, 43, 47, 32, 33, 50, 50, 41, 55]);
----------
objective = 99;
s = array1d(1..32, [0, 2, 6, 0, 11, 8, 1, 6, 6, 19, 14, 6, 24, 11, 7, 33, 26, 15, 18, 3, 25, 41, 18, 28, 43, 47, 32, 33, 50, 50, 41, 55]);
----------
objective = 98;
s = array1d(1..32, [0, 2, 6, 0, 11, 8, 1, 6, 6, 19, 15, 6, 24, 11, 7, 33, 26, 15, 18, 3, 25, 41, 18, 28, 43, 47, 32, 33, 50, 50, 41, 55]);
----------
objective = 97;
s = array1d(1..32, [0, 2, 6, 0, 11, 8, 1, 6, 7, 19, 15, 6, 24, 11, 7, 33, 26, 14, 18, 3, 24, 41, 18, 28, 43, 47, 32, 33, 50, 50, 41, 55]);
----------
objective = 96;
s = array1d(1..32, [0, 2, 6, 0, 11, 8, 1, 6, 7, 19, 15, 6, 24, 11, 7, 33, 26, 15, 18, 3, 25, 41, 18, 28, 43, 47, 32, 33, 50, 50, 41, 55]);
----------
objective = 95;
s = array1d(1..32, [1, 2, 6, 1, 11, 8, 2, 6, 6, 19, 15, 6, 24, 11, 7, 33, 26, 15, 18, 3, 25, 41, 18, 28, 43, 47, 32, 33, 50, 50, 41, 55]);
----------
objective = 94;
s = array1d(1..32, [1, 2, 6, 1, 11, 8, 2, 6, 7, 19, 15, 6, 24, 11, 7, 33, 26, 14, 18, 3, 24, 41, 18, 28, 43, 47, 32, 33, 50, 50, 41, 55]);
----------
objective = 93;
s = array1d(1..32, [1, 2, 6, 1, 11, 8, 2, 6, 7, 19, 15, 6, 24, 11, 7, 33, 26, 15, 18, 3, 25, 41, 18, 28, 43, 47, 32, 33, 50, 50, 41, 55]);
----------
==========
