mznc2019_probs/hrc/exp2-1-5600.dzn
coup_pos = array1d(1..30, [4, 1, 4, 2, 2, 1, 1, 1, 1, 1, 1, 2, 3, 2, 1, 6, 1, 13, 1, 11, 1, 21, 1, 1, 1, 2, 2, 1, 4, 1]);
objective = 9;
single_pos = array1d(61..100, [1, 1, 5, 1, 1, 1, 1, 1, 1, 2, 1, 1, 2, 3, 1, 3, 1, 1, 3, 1, 1, 1, 1, 1, 4, 1, 3, 1, 3, 1, 1, 1, 1, 1, 3, 1, 1, 3, 2, 2]);
----------
coup_pos = array1d(1..30, [4, 1, 4, 2, 2, 1, 1, 1, 1, 2, 1, 2, 3, 2, 1, 6, 1, 6, 1, 11, 1, 21, 1, 1, 10, 2, 2, 1, 4, 1]);
objective = 7;
single_pos = array1d(61..100, [1, 1, 5, 1, 1, 1, 1, 1, 2, 2, 1, 1, 2, 1, 1, 3, 1, 1, 3, 1, 1, 1, 1, 1, 4, 1, 3, 1, 3, 2, 1, 1, 2, 1, 3, 1, 1, 3, 2, 2]);
----------
==========
