mznc2019_probs/groupsplitter/u12g2pref1.dzn
objective = 62;
user_act_map1 = array1d(1..12, [119, 119, 119, 119, 119, 119, 119, 119, 119, 119, 8, 8]);
user_act_map2 = array1d(1..12, [13558, 13558, 13558, 13558, 13558, 13558, 13558, 13558, 13558, 13558, 20, 20]);
user_duration_map1 = array1d(1..12, [24, 24, 24, 24, 24, 24, 24, 24, 24, 24, 26, 26]);
user_duration_map2 = array1d(1..12, [18, 18, 18, 18, 18, 18, 18, 18, 18, 18, 18, 18]);
user_end_map1 = array1d(1..12, [210, 210, 210, 210, 210, 210, 210, 210, 210, 210, 196, 196]);
user_end_map2 = array1d(1..12, [270, 270, 270, 270, 270, 270, 270, 270, 270, 270, 264, 264]);
user_group_map1 = array1d(1..12, [1, 1, 1, 1, 1, 1, 1, 1, 1, 1, 2, 2]);
user_group_map2 = array1d(1..12, [1, 1, 1, 1, 1, 1, 1, 1, 1, 1, 2, 2]);
user_start_time_map1 = array1d(1..12, [186, 186, 186, 186, 186, 186, 186, 186, 186, 186, 170, 170]);
user_start_time_map2 = array1d(1..12, [215, 215, 215, 215, 215, 215, 215, 215, 215, 215, 200, 200]);
user_weight_map1 = array1d(1..12, [0, -1, 0, 0, 0, 0, 0, 0, 0, 0, -2, 0]);
user_weight_map2 = array1d(1..12, [0, 0, 0, 0, -1, 0, 0, 0, 0, 0, 0, 0]);
----------
objective = 80;
user_act_map1 = array1d(1..12, [119, 119, 119, 119, 119, 119, 119, 119, 119, 119, 9, 9]);
user_act_map2 = array1d(1..12, [13558, 13558, 13558, 13558, 13558, 13558, 13558, 13558, 13558, 13558, 3027, 3027]);
user_duration_map1 = array1d(1..12, [24, 24, 24, 24, 24, 24, 24, 24, 24, 24, 26, 26]);
user_duration_map2 = array1d(1..12, [18, 18, 18, 18, 18, 18, 18, 18, 18, 18, 18, 18]);
user_end_map1 = array1d(1..12, [210, 210, 210, 210, 210, 210, 210, 210, 210, 210, 226, 226]);
user_end_map2 = array1d(1..12, [270, 270, 270, 270, 270, 270, 270, 270, 270, 270, 276, 276]);
user_group_map1 = array1d(1..12, [1, 1, 1, 1, 1, 1, 1, 1, 1, 1, 2, 2]);
user_group_map2 = array1d(1..12, [1, 1, 1, 1, 1, 1, 1, 1, 1, 1, 2, 2]);
user_start_time_map1 = array1d(1..12, [186, 186, 186, 186, 186, 186, 186, 186, 186, 186, 200, 200]);
user_start_time_map2 = array1d(1..12, [215, 215, 215, 215, 215, 215, 215, 215, 215, 215, 231, 231]);
user_weight_map1 = array1d(1..12, [0, -1, 0, 0, 0, 0, 0, 0, 0, 0, -2, 0]);
user_weight_map2 = array1d(1..12, [0, 0, 0, 0, -1, 0, 0, 0, 0, 0, 2, 0]);
----------
objective = 81;
user_act_map1 = array1d(1..12, [119, 119, 119, 119, 119, 119, 119, 119, 119, 119, 8, 8]);
user_act_map2 = array1d(1..12, [20, 20, 20, 20, 20, 20, 20, 20, 20, 20, 20, 20]);
user_duration_map1 = array1d(1..12, [24, 24, 24, 24, 24, 24, 24, 24, 24, 24, 26, 26]);
user_duration_map2 = array1d(1..12, [18, 18, 18, 18, 18, 18, 18, 18, 18, 18, 18, 18]);
user_end_map1 = array1d(1..12, [210, 210, 210, 210, 210, 210, 210, 210, 210, 210, 196, 196]);
user_end_map2 = array1d(1..12, [264, 264, 264, 264, 264, 264, 264, 264, 264, 264, 264, 264]);
user_group_map1 = array1d(1..12, [1, 1, 1, 1, 1, 1, 1, 1, 1, 1, 2, 2]);
user_group_map2 = array1d(1..12, [1, 1, 1, 1, 1, 1, 1, 1, 1, 1, 2, 2]);
user_start_time_map1 = array1d(1..12, [186, 186, 186, 186, 186, 186, 186, 186, 186, 186, 170, 170]);
user_start_time_map2 = array1d(1..12, [216, 216, 216, 216, 216, 216, 216, 216, 216, 216, 200, 200]);
user_weight_map1 = array1d(1..12, [0, -1, 0, 0, 0, 0, 0, 0, 0, 0, -2, 0]);
user_weight_map2 = array1d(1..12, [0, 0, 0, 0, 0, 0, 0, 0, 0, 0, 0, 0]);
----------
objective = 99;
user_act_map1 = array1d(1..12, [119, 119, 119, 119, 119, 119, 119, 119, 119, 119, 9, 9]);
user_act_map2 = array1d(1..12, [20, 20, 20, 20, 20, 20, 20, 20, 20, 20, 3027, 3027]);
user_duration_map1 = array1d(1..12, [24, 24, 24, 24, 24, 24, 24, 24, 24, 24, 26, 26]);
user_duration_map2 = array1d(1..12, [18, 18, 18, 18, 18, 18, 18, 18, 18, 18, 18, 18]);
user_end_map1 = array1d(1..12, [210, 210, 210, 210, 210, 210, 210, 210, 210, 210, 226, 226]);
user_end_map2 = array1d(1..12, [264, 264, 264, 264, 264, 264, 264, 264, 264, 264, 276, 276]);
user_group_map1 = array1d(1..12, [1, 1, 1, 1, 1, 1, 1, 1, 1, 1, 2, 2]);
user_group_map2 = array1d(1..12, [1, 1, 1, 1, 1, 1, 1, 1, 1, 1, 2, 2]);
user_start_time_map1 = array1d(1..12, [186, 186, 186, 186, 186, 186, 186, 186, 186, 186, 200, 200]);
user_start_time_map2 = array1d(1..12, [216, 216, 216, 216, 216, 216, 216, 216, 216, 216, 231, 231]);
user_weight_map1 = array1d(1..12, [0, -1, 0, 0, 0, 0, 0, 0, 0, 0, -2, 0]);
user_weight_map2 = array1d(1..12, [0, 0, 0, 0, 0, 0, 0, 0, 0, 0, 2, 0]);
----------
objective = 107;
user_act_map1 = array1d(1..12, [119, 119, 119, 119, 119, 119, 119, 119, 119, 119, 9, 9]);
user_act_map2 = array1d(1..12, [2334, 2334, 2334, 2334, 2334, 2334, 2334, 2334, 2334, 2334, 3027, 3027]);
user_duration_map1 = array1d(1..12, [24, 24, 24, 24, 24, 24, 24, 24, 24, 24, 26, 26]);
user_duration_map2 = array1d(1..12, [18, 18, 18, 18, 18, 18, 18, 18, 18, 18, 18, 18]);
user_end_map1 = array1d(1..12, [210, 210, 210, 210, 210, 210, 210, 210, 210, 210, 226, 226]);
user_end_map2 = array1d(1..12, [240, 240, 240, 240, 240, 240, 240, 240, 240, 240, 276, 276]);
user_group_map1 = array1d(1..12, [1, 1, 1, 1, 1, 1, 1, 1, 1, 1, 2, 2]);
user_group_map2 = array1d(1..12, [1, 1, 1, 1, 1, 1, 1, 1, 1, 1, 2, 2]);
user_start_time_map1 = array1d(1..12, [186, 186, 186, 186, 186, 186, 186, 186, 186, 186, 200, 200]);
user_start_time_map2 = array1d(1..12, [215, 215, 215, 215, 215, 215, 215, 215, 215, 215, 231, 231]);
user_weight_map1 = array1d(1..12, [0, -1, 0, 0, 0, 0, 0, 0, 0, 0, -2, 0]);
user_weight_map2 = array1d(1..12, [0, 0, 0, 0, 0, 0, 0, 0, 0, 2, 2, 0]);
----------
objective = 117;
user_act_map1 = array1d(1..12, [119, 119, 119, 119, 119, 119, 119, 119, 119, 119, 9, 9]);
user_act_map2 = array1d(1..12, [1096, 1096, 1096, 1096, 1096, 1096, 1096, 1096, 1096, 1096, 3027, 3027]);
user_duration_map1 = array1d(1..12, [24, 24, 24, 24, 24, 24, 24, 24, 24, 24, 26, 26]);
user_duration_map2 = array1d(1..12, [18, 18, 18, 18, 18, 18, 18, 18, 18, 18, 18, 18]);
user_end_map1 = array1d(1..12, [210, 210, 210, 210, 210, 210, 210, 210, 210, 210, 226, 226]);
user_end_map2 = array1d(1..12, [276, 276, 276, 276, 276, 276, 276, 276, 276, 276, 276, 276]);
user_group_map1 = array1d(1..12, [1, 1, 1, 1, 1, 1, 1, 1, 1, 1, 2, 2]);
user_group_map2 = array1d(1..12, [1, 1, 1, 1, 1, 1, 1, 1, 1, 1, 2, 2]);
user_start_time_map1 = array1d(1..12, [186, 186, 186, 186, 186, 186, 186, 186, 186, 186, 200, 200]);
user_start_time_map2 = array1d(1..12, [216, 216, 216, 216, 216, 216, 216, 216, 216, 216, 231, 231]);
user_weight_map1 = array1d(1..12, [0, -1, 0, 0, 0, 0, 0, 0, 0, 0, -2, 0]);
user_weight_map2 = array1d(1..12, [0, 2, 0, 0, 0, 0, 0, 0, 0, 0, 2, 0]);
----------
objective = 126;
user_act_map1 = array1d(1..12, [119, 119, 119, 119, 119, 119, 119, 119, 119, 119, 15, 15]);
user_act_map2 = array1d(1..12, [1096, 1096, 1096, 1096, 1096, 1096, 1096, 1096, 1096, 1096, 3027, 3027]);
user_duration_map1 = array1d(1..12, [24, 24, 24, 24, 24, 24, 24, 24, 24, 24, 28, 28]);
user_duration_map2 = array1d(1..12, [18, 18, 18, 18, 18, 18, 18, 18, 18, 18, 18, 18]);
user_end_map1 = array1d(1..12, [210, 210, 210, 210, 210, 210, 210, 210, 210, 210, 232, 232]);
user_end_map2 = array1d(1..12, [276, 276, 276, 276, 276, 276, 276, 276, 276, 276, 276, 276]);
user_group_map1 = array1d(1..12, [1, 1, 1, 1, 1, 1, 1, 1, 1, 1, 2, 2]);
user_group_map2 = array1d(1..12, [1, 1, 1, 1, 1, 1, 1, 1, 1, 1, 2, 2]);
user_start_time_map1 = array1d(1..12, [186, 186, 186, 186, 186, 186, 186, 186, 186, 186, 204, 204]);
user_start_time_map2 = array1d(1..12, [216, 216, 216, 216, 216, 216, 216, 216, 216, 216, 237, 237]);
user_weight_map1 = array1d(1..12, [0, -1, 0, 0, 0, 0, 0, 0, 0, 0, -1, 0]);
user_weight_map2 = array1d(1..12, [0, 2, 0, 0, 0, 0, 0, 0, 0, 0, 2, 0]);
----------
objective = 127;
user_act_map1 = array1d(1..12, [119, 119, 119, 119, 119, 119, 119, 119, 119, 119, 146, 146]);
user_act_map2 = array1d(1..12, [2334, 2334, 2334, 2334, 2334, 2334, 2334, 2334, 2334, 2334, 3027, 3027]);
user_duration_map1 = array1d(1..12, [24, 24, 24, 24, 24, 24, 24, 24, 24, 24, 23, 23]);
user_duration_map2 = array1d(1..12, [18, 18, 18, 18, 18, 18, 18, 18, 18, 18, 18, 18]);
user_end_map1 = array1d(1..12, [210, 210, 210, 210, 210, 210, 210, 210, 210, 210, 221, 221]);
user_end_map2 = array1d(1..12, [240, 240, 240, 240, 240, 240, 240, 240, 240, 240, 276, 276]);
user_group_map1 = array1d(1..12, [1, 1, 1, 1, 1, 1, 1, 1, 1, 1, 2, 2]);
user_group_map2 = array1d(1..12, [1, 1, 1, 1, 1, 1, 1, 1, 1, 1, 2, 2]);
user_start_time_map1 = array1d(1..12, [186, 186, 186, 186, 186, 186, 186, 186, 186, 186, 198, 198]);
user_start_time_map2 = array1d(1..12, [215, 215, 215, 215, 215, 215, 215, 215, 215, 215, 226, 226]);
user_weight_map1 = array1d(1..12, [0, -1, 0, 0, 0, 0, 0, 0, 0, 0, 0, 0]);
user_weight_map2 = array1d(1..12, [0, 0, 0, 0, 0, 0, 0, 0, 0, 2, 2, 0]);
----------
objective = 135;
user_act_map1 = array1d(1..12, [119, 119, 119, 119, 119, 119, 119, 119, 119, 119, 3, 3]);
user_act_map2 = array1d(1..12, [1096, 1096, 1096, 1096, 1096, 1096, 1096, 1096, 1096, 1096, 3027, 3027]);
user_duration_map1 = array1d(1..12, [24, 24, 24, 24, 24, 24, 24, 24, 24, 24, 20, 20]);
user_duration_map2 = array1d(1..12, [18, 18, 18, 18, 18, 18, 18, 18, 18, 18, 18, 18]);
user_end_map1 = array1d(1..12, [210, 210, 210, 210, 210, 210, 210, 210, 210, 210, 224, 224]);
user_end_map2 = array1d(1..12, [276, 276, 276, 276, 276, 276, 276, 276, 276, 276, 276, 276]);
user_group_map1 = array1d(1..12, [1, 1, 1, 1, 1, 1, 1, 1, 1, 1, 2, 2]);
user_group_map2 = array1d(1..12, [1, 1, 1, 1, 1, 1, 1, 1, 1, 1, 2, 2]);
user_start_time_map1 = array1d(1..12, [186, 186, 186, 186, 186, 186, 186, 186, 186, 186, 204, 204]);
user_start_time_map2 = array1d(1..12, [216, 216, 216, 216, 216, 216, 216, 216, 216, 216, 228, 228]);
user_weight_map1 = array1d(1..12, [0, -1, 0, 0, 0, 0, 0, 0, 0, 0, 0, 0]);
user_weight_map2 = array1d(1..12, [0, 2, 0, 0, 0, 0, 0, 0, 0, 0, 2, 0]);
----------
objective = 137;
user_act_map1 = array1d(1..12, [119, 119, 119, 119, 119, 119, 119, 119, 119, 119, 146, 146]);
user_act_map2 = array1d(1..12, [1096, 1096, 1096, 1096, 1096, 1096, 1096, 1096, 1096, 1096, 3027, 3027]);
user_duration_map1 = array1d(1..12, [24, 24, 24, 24, 24, 24, 24, 24, 24, 24, 23, 23]);
user_duration_map2 = array1d(1..12, [18, 18, 18, 18, 18, 18, 18, 18, 18, 18, 18, 18]);
user_end_map1 = array1d(1..12, [210, 210, 210, 210, 210, 210, 210, 210, 210, 210, 221, 221]);
user_end_map2 = array1d(1..12, [276, 276, 276, 276, 276, 276, 276, 276, 276, 276, 276, 276]);
user_group_map1 = array1d(1..12, [1, 1, 1, 1, 1, 1, 1, 1, 1, 1, 2, 2]);
user_group_map2 = array1d(1..12, [1, 1, 1, 1, 1, 1, 1, 1, 1, 1, 2, 2]);
user_start_time_map1 = array1d(1..12, [186, 186, 186, 186, 186, 186, 186, 186, 186, 186, 198, 198]);
user_start_time_map2 = array1d(1..12, [216, 216, 216, 216, 216, 216, 216, 216, 216, 216, 226, 226]);
user_weight_map1 = array1d(1..12, [0, -1, 0, 0, 0, 0, 0, 0, 0, 0, 0, 0]);
user_weight_map2 = array1d(1..12, [0, 2, 0, 0, 0, 0, 0, 0, 0, 0, 2, 0]);
----------
objective = 144;
user_act_map1 = array1d(1..12, [119, 119, 119, 119, 119, 119, 119, 119, 119, 119, 31, 31]);
user_act_map2 = array1d(1..12, [1096, 1096, 1096, 1096, 1096, 1096, 1096, 1096, 1096, 1096, 3028, 3028]);
user_duration_map1 = array1d(1..12, [24, 24, 24, 24, 24, 24, 24, 24, 24, 24, 24, 24]);
user_duration_map2 = array1d(1..12, [18, 18, 18, 18, 18, 18, 18, 18, 18, 18, 18, 18]);
user_end_map1 = array1d(1..12, [210, 210, 210, 210, 210, 210, 210, 210, 210, 210, 144, 144]);
user_end_map2 = array1d(1..12, [276, 276, 276, 276, 276, 276, 276, 276, 276, 276, 174, 174]);
user_group_map1 = array1d(1..12, [1, 1, 1, 1, 1, 1, 1, 1, 1, 1, 2, 2]);
user_group_map2 = array1d(1..12, [1, 1, 1, 1, 1, 1, 1, 1, 1, 1, 2, 2]);
user_start_time_map1 = array1d(1..12, [186, 186, 186, 186, 186, 186, 186, 186, 186, 186, 120, 120]);
user_start_time_map2 = array1d(1..12, [216, 216, 216, 216, 216, 216, 216, 216, 216, 216, 149, 149]);
user_weight_map1 = array1d(1..12, [0, -1, 0, 0, 0, 0, 0, 0, 0, 0, 1, 0]);
user_weight_map2 = array1d(1..12, [0, 2, 0, 0, 0, 0, 0, 0, 0, 0, 2, 0]);
----------
objective = 153;
user_act_map1 = array1d(1..12, [119, 119, 119, 119, 119, 119, 119, 119, 119, 119, 18, 18]);
user_act_map2 = array1d(1..12, [1096, 1096, 1096, 1096, 1096, 1096, 1096, 1096, 1096, 1096, 3027, 3027]);
user_duration_map1 = array1d(1..12, [24, 24, 24, 24, 24, 24, 24, 24, 24, 24, 21, 21]);
user_duration_map2 = array1d(1..12, [18, 18, 18, 18, 18, 18, 18, 18, 18, 18, 18, 18]);
user_end_map1 = array1d(1..12, [210, 210, 210, 210, 210, 210, 210, 210, 210, 210, 249, 249]);
user_end_map2 = array1d(1..12, [276, 276, 276, 276, 276, 276, 276, 276, 276, 276, 276, 276]);
user_group_map1 = array1d(1..12, [1, 1, 1, 1, 1, 1, 1, 1, 1, 1, 2, 2]);
user_group_map2 = array1d(1..12, [1, 1, 1, 1, 1, 1, 1, 1, 1, 1, 2, 2]);
user_start_time_map1 = array1d(1..12, [186, 186, 186, 186, 186, 186, 186, 186, 186, 186, 228, 228]);
user_start_time_map2 = array1d(1..12, [216, 216, 216, 216, 216, 216, 216, 216, 216, 216, 254, 254]);
user_weight_map1 = array1d(1..12, [0, -1, 0, 0, 0, 0, 0, 0, 0, 0, 2, 0]);
user_weight_map2 = array1d(1..12, [0, 2, 0, 0, 0, 0, 0, 0, 0, 0, 2, 0]);
----------
objective = 154;
user_act_map1 = array1d(1..12, [415, 415, 415, 415, 415, 415, 415, 415, 415, 415, 3, 3]);
user_act_map2 = array1d(1..12, [2023, 2023, 2023, 2023, 2023, 2023, 2023, 2023, 2023, 2023, 3027, 3027]);
user_duration_map1 = array1d(1..12, [27, 27, 27, 27, 27, 27, 27, 27, 27, 27, 20, 20]);
user_duration_map2 = array1d(1..12, [18, 18, 18, 18, 18, 18, 18, 18, 18, 18, 18, 18]);
user_end_map1 = array1d(1..12, [147, 147, 147, 147, 147, 147, 147, 147, 147, 147, 224, 224]);
user_end_map2 = array1d(1..12, [174, 174, 174, 174, 174, 174, 174, 174, 174, 174, 276, 276]);
user_group_map1 = array1d(1..12, [1, 1, 1, 1, 1, 1, 1, 1, 1, 1, 2, 2]);
user_group_map2 = array1d(1..12, [1, 1, 1, 1, 1, 1, 1, 1, 1, 1, 2, 2]);
user_start_time_map1 = array1d(1..12, [120, 120, 120, 120, 120, 120, 120, 120, 120, 120, 204, 204]);
user_start_time_map2 = array1d(1..12, [153, 153, 153, 153, 153, 153, 153, 153, 153, 153, 228, 228]);
user_weight_map1 = array1d(1..12, [0, 0, 0, 0, 0, 0, 0, 0, 0, 0, 0, 0]);
user_weight_map2 = array1d(1..12, [0, 0, 0, 2, 0, 0, 0, 0, 0, 0, 2, 0]);
----------
objective = 156;
user_act_map1 = array1d(1..12, [415, 415, 415, 415, 415, 415, 415, 415, 415, 415, 146, 146]);
user_act_map2 = array1d(1..12, [2023, 2023, 2023, 2023, 2023, 2023, 2023, 2023, 2023, 2023, 3027, 3027]);
user_duration_map1 = array1d(1..12, [27, 27, 27, 27, 27, 27, 27, 27, 27, 27, 23, 23]);
user_duration_map2 = array1d(1..12, [18, 18, 18, 18, 18, 18, 18, 18, 18, 18, 18, 18]);
user_end_map1 = array1d(1..12, [147, 147, 147, 147, 147, 147, 147, 147, 147, 147, 221, 221]);
user_end_map2 = array1d(1..12, [174, 174, 174, 174, 174, 174, 174, 174, 174, 174, 276, 276]);
user_group_map1 = array1d(1..12, [1, 1, 1, 1, 1, 1, 1, 1, 1, 1, 2, 2]);
user_group_map2 = array1d(1..12, [1, 1, 1, 1, 1, 1, 1, 1, 1, 1, 2, 2]);
user_start_time_map1 = array1d(1..12, [120, 120, 120, 120, 120, 120, 120, 120, 120, 120, 198, 198]);
user_start_time_map2 = array1d(1..12, [153, 153, 153, 153, 153, 153, 153, 153, 153, 153, 226, 226]);
user_weight_map1 = array1d(1..12, [0, 0, 0, 0, 0, 0, 0, 0, 0, 0, 0, 0]);
user_weight_map2 = array1d(1..12, [0, 0, 0, 2, 0, 0, 0, 0, 0, 0, 2, 0]);
----------
objective = 163;
user_act_map1 = array1d(1..12, [415, 415, 415, 415, 415, 415, 415, 415, 415, 415, 31, 31]);
user_act_map2 = array1d(1..12, [2023, 2023, 2023, 2023, 2023, 2023, 2023, 2023, 2023, 2023, 3028, 3028]);
user_duration_map1 = array1d(1..12, [27, 27, 27, 27, 27, 27, 27, 27, 27, 27, 24, 24]);
user_duration_map2 = array1d(1..12, [18, 18, 18, 18, 18, 18, 18, 18, 18, 18, 18, 18]);
user_end_map1 = array1d(1..12, [147, 147, 147, 147, 147, 147, 147, 147, 147, 147, 144, 144]);
user_end_map2 = array1d(1..12, [174, 174, 174, 174, 174, 174, 174, 174, 174, 174, 174, 174]);
user_group_map1 = array1d(1..12, [1, 1, 1, 1, 1, 1, 1, 1, 1, 1, 2, 2]);
user_group_map2 = array1d(1..12, [1, 1, 1, 1, 1, 1, 1, 1, 1, 1, 2, 2]);
user_start_time_map1 = array1d(1..12, [120, 120, 120, 120, 120, 120, 120, 120, 120, 120, 120, 120]);
user_start_time_map2 = array1d(1..12, [153, 153, 153, 153, 153, 153, 153, 153, 153, 153, 149, 149]);
user_weight_map1 = array1d(1..12, [0, 0, 0, 0, 0, 0, 0, 0, 0, 0, 1, 0]);
user_weight_map2 = array1d(1..12, [0, 0, 0, 2, 0, 0, 0, 0, 0, 0, 2, 0]);
----------
objective = 172;
user_act_map1 = array1d(1..12, [415, 415, 415, 415, 415, 415, 415, 415, 415, 415, 18, 18]);
user_act_map2 = array1d(1..12, [2023, 2023, 2023, 2023, 2023, 2023, 2023, 2023, 2023, 2023, 3027, 3027]);
user_duration_map1 = array1d(1..12, [27, 27, 27, 27, 27, 27, 27, 27, 27, 27, 21, 21]);
user_duration_map2 = array1d(1..12, [18, 18, 18, 18, 18, 18, 18, 18, 18, 18, 18, 18]);
user_end_map1 = array1d(1..12, [147, 147, 147, 147, 147, 147, 147, 147, 147, 147, 249, 249]);
user_end_map2 = array1d(1..12, [174, 174, 174, 174, 174, 174, 174, 174, 174, 174, 276, 276]);
user_group_map1 = array1d(1..12, [1, 1, 1, 1, 1, 1, 1, 1, 1, 1, 2, 2]);
user_group_map2 = array1d(1..12, [1, 1, 1, 1, 1, 1, 1, 1, 1, 1, 2, 2]);
user_start_time_map1 = array1d(1..12, [120, 120, 120, 120, 120, 120, 120, 120, 120, 120, 228, 228]);
user_start_time_map2 = array1d(1..12, [153, 153, 153, 153, 153, 153, 153, 153, 153, 153, 254, 254]);
user_weight_map1 = array1d(1..12, [0, 0, 0, 0, 0, 0, 0, 0, 0, 0, 2, 0]);
user_weight_map2 = array1d(1..12, [0, 0, 0, 2, 0, 0, 0, 0, 0, 0, 2, 0]);
----------
objective = 180;
user_act_map1 = array1d(1..12, [71, 71, 71, 71, 71, 71, 71, 71, 71, 71, 18, 18]);
user_act_map2 = array1d(1..12, [2024, 2024, 2024, 2024, 2024, 2024, 2024, 2024, 2024, 2024, 3027, 3027]);
user_duration_map1 = array1d(1..12, [24, 24, 24, 24, 24, 24, 24, 24, 24, 24, 21, 21]);
user_duration_map2 = array1d(1..12, [18, 18, 18, 18, 18, 18, 18, 18, 18, 18, 18, 18]);
user_end_map1 = array1d(1..12, [240, 240, 240, 240, 240, 240, 240, 240, 240, 240, 249, 249]);
user_end_map2 = array1d(1..12, [282, 282, 282, 282, 282, 282, 282, 282, 282, 282, 276, 276]);
user_group_map1 = array1d(1..12, [1, 1, 1, 1, 1, 1, 1, 1, 1, 1, 2, 2]);
user_group_map2 = array1d(1..12, [1, 1, 1, 1, 1, 1, 1, 1, 1, 1, 2, 2]);
user_start_time_map1 = array1d(1..12, [216, 216, 216, 216, 216, 216, 216, 216, 216, 216, 228, 228]);
user_start_time_map2 = array1d(1..12, [246, 246, 246, 246, 246, 246, 246, 246, 246, 246, 254, 254]);
user_weight_map1 = array1d(1..12, [0, 0, 0, 0, 0, 2, 0, 0, 0, 0, 2, 0]);
user_weight_map2 = array1d(1..12, [0, 0, 0, 2, 0, 0, 0, 0, 0, 0, 2, 0]);
----------
objective = 189;
user_act_map1 = array1d(1..12, [15, 15, 15, 15, 15, 15, 15, 15, 15, 15, 18, 18]);
user_act_map2 = array1d(1..12, [2024, 2024, 2024, 2024, 2024, 2024, 2024, 2024, 2024, 2024, 3027, 3027]);
user_duration_map1 = array1d(1..12, [28, 28, 28, 28, 28, 28, 28, 28, 28, 28, 21, 21]);
user_duration_map2 = array1d(1..12, [18, 18, 18, 18, 18, 18, 18, 18, 18, 18, 18, 18]);
user_end_map1 = array1d(1..12, [232, 232, 232, 232, 232, 232, 232, 232, 232, 232, 249, 249]);
user_end_map2 = array1d(1..12, [282, 282, 282, 282, 282, 282, 282, 282, 282, 282, 276, 276]);
user_group_map1 = array1d(1..12, [1, 1, 1, 1, 1, 1, 1, 1, 1, 1, 2, 2]);
user_group_map2 = array1d(1..12, [1, 1, 1, 1, 1, 1, 1, 1, 1, 1, 2, 2]);
user_start_time_map1 = array1d(1..12, [204, 204, 204, 204, 204, 204, 204, 204, 204, 204, 228, 228]);
user_start_time_map2 = array1d(1..12, [235, 235, 235, 235, 235, 235, 235, 235, 235, 235, 254, 254]);
user_weight_map1 = array1d(1..12, [0, 0, 0, 0, 1, 0, 0, 0, 0, 2, 2, 0]);
user_weight_map2 = array1d(1..12, [0, 0, 0, 2, 0, 0, 0, 0, 0, 0, 2, 0]);
----------
objective = 191;
user_act_map1 = array1d(1..12, [31, 31, 31, 31, 31, 31, 31, 31, 31, 31, 146, 146]);
user_act_map2 = array1d(1..12, [2023, 2023, 2023, 2023, 2023, 2023, 2023, 2023, 2023, 2023, 3027, 3027]);
user_duration_map1 = array1d(1..12, [24, 24, 24, 24, 24, 24, 24, 24, 24, 24, 23, 23]);
user_duration_map2 = array1d(1..12, [18, 18, 18, 18, 18, 18, 18, 18, 18, 18, 18, 18]);
user_end_map1 = array1d(1..12, [144, 144, 144, 144, 144, 144, 144, 144, 144, 144, 221, 221]);
user_end_map2 = array1d(1..12, [174, 174, 174, 174, 174, 174, 174, 174, 174, 174, 276, 276]);
user_group_map1 = array1d(1..12, [1, 1, 1, 1, 1, 1, 1, 1, 1, 1, 2, 2]);
user_group_map2 = array1d(1..12, [1, 1, 1, 1, 1, 1, 1, 1, 1, 1, 2, 2]);
user_start_time_map1 = array1d(1..12, [120, 120, 120, 120, 120, 120, 120, 120, 120, 120, 198, 198]);
user_start_time_map2 = array1d(1..12, [147, 147, 147, 147, 147, 147, 147, 147, 147, 147, 226, 226]);
user_weight_map1 = array1d(1..12, [0, 0, 2, 0, 1, 0, 0, 2, 0, 0, 0, 0]);
user_weight_map2 = array1d(1..12, [0, 0, 0, 2, 0, 0, 0, 0, 0, 0, 2, 0]);
----------
objective = 198;
user_act_map1 = array1d(1..12, [31, 31, 31, 31, 31, 31, 31, 31, 31, 31, 31, 31]);
user_act_map2 = array1d(1..12, [2023, 2023, 2023, 2023, 2023, 2023, 2023, 2023, 2023, 2023, 3028, 3028]);
user_duration_map1 = array1d(1..12, [24, 24, 24, 24, 24, 24, 24, 24, 24, 24, 24, 24]);
user_duration_map2 = array1d(1..12, [18, 18, 18, 18, 18, 18, 18, 18, 18, 18, 18, 18]);
user_end_map1 = array1d(1..12, [144, 144, 144, 144, 144, 144, 144, 144, 144, 144, 144, 144]);
user_end_map2 = array1d(1..12, [174, 174, 174, 174, 174, 174, 174, 174, 174, 174, 174, 174]);
user_group_map1 = array1d(1..12, [1, 1, 1, 1, 1, 1, 1, 1, 1, 1, 2, 2]);
user_group_map2 = array1d(1..12, [1, 1, 1, 1, 1, 1, 1, 1, 1, 1, 2, 2]);
user_start_time_map1 = array1d(1..12, [120, 120, 120, 120, 120, 120, 120, 120, 120, 120, 120, 120]);
user_start_time_map2 = array1d(1..12, [147, 147, 147, 147, 147, 147, 147, 147, 147, 147, 149, 149]);
user_weight_map1 = array1d(1..12, [0, 0, 2, 0, 1, 0, 0, 2, 0, 0, 1, 0]);
user_weight_map2 = array1d(1..12, [0, 0, 0, 2, 0, 0, 0, 0, 0, 0, 2, 0]);
----------
objective = 207;
user_act_map1 = array1d(1..12, [31, 31, 31, 31, 31, 31, 31, 31, 31, 31, 18, 18]);
user_act_map2 = array1d(1..12, [2023, 2023, 2023, 2023, 2023, 2023, 2023, 2023, 2023, 2023, 3027, 3027]);
user_duration_map1 = array1d(1..12, [24, 24, 24, 24, 24, 24, 24, 24, 24, 24, 21, 21]);
user_duration_map2 = array1d(1..12, [18, 18, 18, 18, 18, 18, 18, 18, 18, 18, 18, 18]);
user_end_map1 = array1d(1..12, [144, 144, 144, 144, 144, 144, 144, 144, 144, 144, 249, 249]);
user_end_map2 = array1d(1..12, [174, 174, 174, 174, 174, 174, 174, 174, 174, 174, 276, 276]);
user_group_map1 = array1d(1..12, [1, 1, 1, 1, 1, 1, 1, 1, 1, 1, 2, 2]);
user_group_map2 = array1d(1..12, [1, 1, 1, 1, 1, 1, 1, 1, 1, 1, 2, 2]);
user_start_time_map1 = array1d(1..12, [120, 120, 120, 120, 120, 120, 120, 120, 120, 120, 228, 228]);
user_start_time_map2 = array1d(1..12, [147, 147, 147, 147, 147, 147, 147, 147, 147, 147, 254, 254]);
user_weight_map1 = array1d(1..12, [0, 0, 2, 0, 1, 0, 0, 2, 0, 0, 2, 0]);
user_weight_map2 = array1d(1..12, [0, 0, 0, 2, 0, 0, 0, 0, 0, 0, 2, 0]);
----------
