mznc2017_probs/cargo/challenge06_1s_3927.dzn
dT__ = array1d(1..25, [10, 11, 11, 12, 11, 12, 12, 9, 5, 6, 4, 12, 6, 7, 4, 6, 6, 6, 7, 6, 4, 6, 6, 4, 12]);
h__ = array1d(1..25, [0, 139, 440, 646, 705, 987, 1320, 1427, 0, 304, 705, 1628, 949, 1201, 630, 1532, 1595, 0, 330, 903, 577, 1069, 1310, 1496, 1755]);
objective = 32757;
tR = array1d(1..25, [17618, 18141, 19273, 20046, 18029, 19090, 20340, 20269, 25920, 27360, 24480, 25396, 28800, 29747, 30240, 31680, 33120, 36000, 37241, 37440, 36000, 38880, 38880, 39579, 40313]);
tS__ = array1d(1..25, [3, 3, 3, 3, 3, 3, 3, 6, 14, 14, 14, 6, 15, 15, 18, 17, 18, 20, 20, 21, 22, 22, 22, 24, 17]);
----------
dT__ = array1d(1..25, [10, 11, 11, 12, 11, 12, 12, 9, 5, 6, 4, 12, 6, 7, 4, 6, 6, 6, 7, 6, 4, 6, 6, 5, 9]);
h__ = array1d(1..25, [0, 139, 440, 646, 705, 987, 1320, 1427, 0, 304, 705, 1628, 966, 1218, 693, 630, 1549, 0, 330, 1628, 966, 693, 1168, 1354, 577]);
objective = 31317;
tR = array1d(1..25, [17618, 18141, 19273, 20046, 18029, 19090, 20340, 20269, 25920, 27360, 24480, 25396, 28800, 29747, 30240, 31680, 31680, 36000, 37241, 33120, 34560, 38880, 38880, 39579, 40313]);
tS__ = array1d(1..25, [3, 3, 3, 3, 3, 3, 3, 6, 14, 14, 14, 6, 15, 15, 18, 17, 17, 20, 20, 18, 21, 22, 22, 23, 20]);
----------
dT__ = array1d(1..25, [10, 11, 11, 12, 11, 12, 12, 9, 5, 6, 4, 12, 7, 6, 4, 6, 6, 6, 9, 6, 4, 6, 6, 6, 9]);
h__ = array1d(1..25, [0, 139, 440, 646, 705, 987, 1320, 1427, 0, 304, 705, 1628, 949, 1201, 0, 630, 1532, 273, 693, 1611, 940, 0, 1142, 1328, 603]);
objective = 28930;
tR = array1d(1..25, [17618, 18141, 19273, 20046, 18029, 19090, 20340, 20269, 25920, 27360, 24480, 25396, 30433, 31680, 31680, 28800, 28800, 36000, 37241, 33120, 36000, 40320, 40320, 41019, 41753]);
tS__ = array1d(1..25, [3, 3, 3, 3, 3, 3, 3, 6, 14, 14, 14, 6, 15, 17, 19, 15, 15, 20, 18, 18, 22, 23, 23, 23, 21]);
----------
dT__ = array1d(1..25, [10, 11, 11, 12, 11, 12, 12, 9, 5, 6, 4, 12, 7, 6, 4, 6, 6, 6, 7, 6, 4, 6, 6, 5, 8]);
h__ = array1d(1..25, [0, 139, 440, 646, 705, 987, 1320, 1427, 0, 304, 705, 1628, 966, 1218, 693, 630, 1549, 0, 330, 1628, 577, 779, 1020, 1206, 1549]);
objective = 27490;
tR = array1d(1..25, [17618, 18141, 19273, 20046, 18029, 19090, 20340, 20269, 25920, 27360, 24480, 25396, 30433, 31680, 30240, 28800, 28800, 36000, 37241, 33120, 36000, 38880, 38880, 39579, 40313]);
tS__ = array1d(1..25, [3, 3, 3, 3, 3, 3, 3, 6, 14, 14, 14, 6, 15, 17, 18, 15, 15, 20, 20, 18, 22, 22, 22, 23, 21]);
----------
dT__ = array1d(1..25, [10, 11, 11, 12, 11, 12, 12, 9, 5, 6, 4, 4, 8, 6, 4, 10, 10, 6, 7, 6, 4, 6, 6, 5, 10]);
h__ = array1d(1..25, [0, 139, 440, 646, 705, 987, 1320, 1427, 0, 304, 705, 949, 1076, 1328, 630, 1628, 1691, 0, 330, 903, 1255, 577, 1069, 1457, 1659]);
objective = 24759;
tR = array1d(1..25, [17618, 18141, 19273, 20046, 18029, 19090, 20340, 20269, 25920, 27360, 24704, 25920, 31873, 33120, 30240, 25329, 27576, 36000, 37241, 34560, 38880, 38880, 40320, 41019, 41753]);
tS__ = array1d(1..25, [3, 3, 3, 3, 3, 3, 3, 6, 14, 14, 14, 15, 15, 18, 18, 8, 10, 20, 20, 19, 24, 22, 23, 24, 20]);
----------
dT__ = array1d(1..25, [10, 11, 11, 12, 11, 12, 12, 9, 5, 6, 4, 4, 6, 7, 4, 10, 10, 7, 4, 6, 4, 6, 7, 4, 9]);
h__ = array1d(1..25, [0, 139, 440, 646, 705, 987, 1320, 1427, 0, 304, 705, 949, 630, 1349, 1076, 1628, 1691, 0, 496, 330, 1309, 882, 1123, 1511, 1706]);
objective = 24266;
tR = array1d(1..25, [17618, 18141, 19273, 20046, 18029, 19090, 20340, 20269, 25920, 27360, 24704, 25920, 33120, 34067, 28800, 25329, 27576, 37339, 38880, 36000, 40320, 37440, 39321, 40320, 41054]);
tS__ = array1d(1..25, [3, 3, 3, 3, 3, 3, 3, 6, 14, 14, 14, 15, 18, 18, 17, 8, 10, 20, 24, 20, 25, 21, 21, 25, 20]);
----------
dT__ = array1d(1..25, [10, 11, 11, 12, 11, 12, 12, 9, 5, 6, 4, 4, 8, 6, 4, 10, 10, 6, 7, 6, 4, 6, 6, 5, 6]);
h__ = array1d(1..25, [0, 139, 440, 646, 705, 987, 1320, 1427, 0, 304, 705, 961, 1088, 630, 1340, 1628, 1691, 0, 330, 1613, 1388, 961, 1202, 577, 772]);
objective = 23319;
tR = array1d(1..25, [17618, 18141, 19273, 20046, 18029, 19090, 20340, 20269, 25920, 27360, 24704, 25920, 31873, 33120, 28800, 25329, 27576, 36000, 37241, 36000, 34560, 40320, 40320, 41019, 41753]);
tS__ = array1d(1..25, [3, 3, 3, 3, 3, 3, 3, 6, 14, 14, 14, 15, 15, 18, 17, 8, 10, 20, 20, 20, 21, 23, 23, 24, 24]);
----------
