mznc2018_probs/proteindesign12/1CM1.17p.19aa.usingEref_self.dzn
objective = 7450;
ocosts1 = array1d(1..17, [86, 86, 88, 87, 87, 86, 86, 87, 87, 87, 86, 87, 86, 87, 87, 87, 85]);
ocosts2 = array1d(1..136, [44, 44, 44, 44, 44, 44, 44, 44, 44, 44, 44, 44, 44, 44, 44, 44, 44, 44, 44, 43, 44, 44, 44, 44, 44, 44, 44, 44, 44, 44, 44, 44, 44, 44, 44, 44, 44, 44, 44, 44, 44, 44, 44, 44, 44, 44, 44, 44, 44, 44, 44, 44, 44, 44, 44, 44, 44, 44, 44, 44, 43, 44, 44, 44, 44, 44, 44, 44, 44, 44, 44, 44, 44, 44, 44, 44, 43, 44, 44, 44, 44, 44, 44, 44, 44, 44, 44, 44, 44, 44, 44, 44, 44, 44, 44, 44, 44, 44, 44, 44, 44, 44, 44, 44, 44, 44, 44, 44, 44, 44, 44, 44, 44, 44, 44, 44, 44, 44, 44, 44, 44, 43, 44, 44, 44, 44, 44, 43, 44, 44, 44, 44, 44, 43, 44, 44]);
p = array1d(1..17, [0, 0, 0, 0, 0, 0, 0, 0, 0, 0, 0, 0, 0, 0, 0, 0, 0]);
----------
objective = 7449;
ocosts1 = array1d(1..17, [86, 86, 88, 87, 87, 86, 86, 87, 87, 87, 86, 87, 86, 87, 87, 87, 85]);
ocosts2 = array1d(1..136, [44, 44, 44, 44, 44, 44, 44, 44, 44, 44, 44, 44, 44, 44, 44, 44, 44, 44, 44, 43, 44, 44, 44, 44, 44, 44, 44, 44, 44, 44, 44, 44, 44, 44, 44, 44, 44, 44, 44, 44, 44, 44, 44, 44, 44, 44, 44, 44, 44, 44, 44, 44, 44, 44, 44, 44, 44, 44, 43, 44, 43, 44, 44, 44, 44, 44, 44, 44, 44, 44, 44, 44, 44, 44, 44, 44, 43, 44, 44, 44, 44, 44, 44, 44, 44, 44, 44, 44, 44, 44, 44, 44, 44, 44, 44, 44, 44, 44, 44, 44, 44, 44, 44, 44, 44, 44, 44, 44, 44, 44, 44, 44, 44, 44, 44, 44, 44, 44, 44, 44, 44, 43, 44, 44, 44, 44, 44, 43, 44, 44, 44, 44, 44, 43, 44, 44]);
p = array1d(1..17, [0, 0, 0, 0, 0, 0, 0, 0, 0, 0, 0, 0, 0, 0, 0, 0, 10]);
----------
objective = 7448;
ocosts1 = array1d(1..17, [86, 86, 87, 87, 87, 86, 86, 87, 87, 87, 86, 87, 86, 87, 87, 87, 85]);
ocosts2 = array1d(1..136, [44, 44, 44, 44, 44, 44, 44, 44, 44, 44, 44, 44, 44, 44, 44, 44, 44, 44, 44, 43, 44, 44, 44, 44, 44, 44, 44, 44, 44, 44, 44, 44, 44, 44, 44, 44, 44, 44, 44, 44, 44, 44, 44, 44, 44, 44, 44, 44, 44, 44, 44, 44, 44, 44, 44, 44, 44, 44, 43, 44, 43, 44, 44, 44, 44, 44, 44, 44, 44, 44, 44, 44, 44, 44, 44, 44, 43, 44, 44, 44, 44, 44, 44, 44, 44, 44, 44, 44, 44, 44, 44, 44, 44, 44, 44, 44, 44, 44, 44, 44, 44, 44, 44, 44, 44, 44, 44, 44, 44, 44, 44, 44, 44, 44, 44, 44, 44, 44, 44, 44, 44, 43, 44, 44, 44, 44, 44, 43, 44, 44, 44, 44, 44, 43, 44, 44]);
p = array1d(1..17, [0, 0, 0, 0, 0, 0, 0, 0, 0, 0, 0, 0, 0, 0, 0, 0, 40]);
----------
objective = 7447;
ocosts1 = array1d(1..17, [86, 86, 86, 87, 87, 86, 86, 87, 87, 87, 86, 87, 86, 87, 87, 87, 85]);
ocosts2 = array1d(1..136, [44, 44, 44, 44, 44, 44, 44, 44, 44, 44, 44, 44, 44, 44, 44, 44, 44, 44, 44, 43, 44, 44, 44, 44, 44, 44, 44, 44, 44, 44, 44, 44, 44, 44, 44, 44, 44, 44, 44, 44, 44, 44, 44, 44, 44, 44, 44, 44, 44, 44, 44, 44, 44, 44, 44, 44, 44, 44, 43, 44, 43, 44, 44, 44, 44, 44, 44, 44, 44, 44, 44, 44, 44, 44, 44, 44, 43, 44, 44, 44, 44, 44, 44, 44, 44, 44, 44, 44, 44, 44, 44, 44, 44, 44, 44, 44, 44, 44, 44, 44, 44, 44, 44, 44, 44, 44, 44, 44, 44, 44, 44, 44, 44, 44, 44, 44, 44, 44, 44, 44, 44, 43, 44, 44, 44, 44, 44, 43, 44, 44, 44, 44, 44, 43, 44, 44]);
p = array1d(1..17, [0, 0, 0, 0, 0, 0, 0, 0, 0, 0, 0, 0, 0, 0, 0, 0, 99]);
----------
objective = 7446;
ocosts1 = array1d(1..17, [86, 86, 87, 87, 87, 86, 86, 87, 87, 87, 84, 87, 86, 87, 87, 87, 85]);
ocosts2 = array1d(1..136, [44, 44, 44, 44, 44, 44, 44, 44, 44, 44, 44, 44, 44, 44, 44, 44, 44, 44, 44, 43, 44, 44, 44, 44, 44, 44, 44, 44, 44, 44, 44, 44, 44, 44, 44, 44, 44, 44, 44, 44, 44, 44, 44, 44, 44, 44, 44, 44, 44, 44, 44, 44, 44, 44, 44, 44, 44, 44, 43, 44, 43, 44, 44, 44, 44, 44, 44, 44, 44, 44, 44, 44, 44, 44, 44, 44, 43, 44, 44, 44, 44, 44, 44, 44, 44, 44, 44, 44, 44, 44, 44, 44, 44, 44, 44, 44, 44, 44, 44, 44, 44, 44, 44, 44, 44, 44, 44, 44, 44, 44, 44, 44, 44, 44, 44, 44, 44, 44, 44, 44, 44, 43, 44, 44, 44, 44, 44, 43, 44, 44, 44, 44, 44, 43, 44, 44]);
p = array1d(1..17, [0, 0, 0, 0, 0, 0, 0, 0, 0, 0, 0, 0, 0, 0, 0, 67, 40]);
----------
objective = 7445;
ocosts1 = array1d(1..17, [86, 86, 86, 87, 87, 86, 86, 87, 87, 87, 84, 87, 86, 87, 87, 87, 85]);
ocosts2 = array1d(1..136, [44, 44, 44, 44, 44, 44, 44, 44, 44, 44, 44, 44, 44, 44, 44, 44, 44, 44, 44, 43, 44, 44, 44, 44, 44, 44, 44, 44, 44, 44, 44, 44, 44, 44, 44, 44, 44, 44, 44, 44, 44, 44, 44, 44, 44, 44, 44, 44, 44, 44, 44, 44, 44, 44, 44, 44, 44, 44, 43, 44, 43, 44, 44, 44, 44, 44, 44, 44, 44, 44, 44, 44, 44, 44, 44, 44, 43, 44, 44, 44, 44, 44, 44, 44, 44, 44, 44, 44, 44, 44, 44, 44, 44, 44, 44, 44, 44, 44, 44, 44, 44, 44, 44, 44, 44, 44, 44, 44, 44, 44, 44, 44, 44, 44, 44, 44, 44, 44, 44, 44, 44, 43, 44, 44, 44, 44, 44, 43, 44, 44, 44, 44, 44, 43, 44, 44]);
p = array1d(1..17, [0, 0, 0, 0, 0, 0, 0, 0, 0, 0, 0, 0, 0, 0, 0, 67, 99]);
----------
objective = 7444;
ocosts1 = array1d(1..17, [86, 86, 86, 87, 87, 86, 86, 87, 87, 87, 84, 87, 86, 87, 87, 87, 85]);
ocosts2 = array1d(1..136, [44, 44, 44, 44, 44, 44, 44, 44, 44, 44, 44, 44, 44, 44, 44, 44, 44, 44, 44, 43, 44, 44, 44, 44, 44, 44, 44, 44, 44, 44, 44, 44, 44, 44, 44, 44, 44, 44, 44, 44, 44, 44, 44, 44, 44, 44, 44, 44, 44, 44, 44, 44, 44, 44, 44, 44, 44, 44, 43, 44, 43, 44, 44, 44, 44, 44, 44, 44, 44, 44, 44, 44, 44, 44, 44, 44, 43, 44, 44, 44, 44, 44, 44, 44, 44, 44, 44, 44, 44, 44, 44, 44, 44, 44, 44, 44, 44, 44, 44, 44, 44, 44, 44, 44, 44, 43, 44, 44, 44, 44, 44, 44, 44, 44, 44, 44, 44, 44, 44, 44, 44, 43, 44, 44, 44, 44, 44, 43, 44, 44, 44, 44, 44, 43, 44, 44]);
p = array1d(1..17, [0, 0, 0, 0, 0, 0, 0, 0, 0, 0, 0, 0, 0, 0, 0, 68, 99]);
----------
objective = 7443;
ocosts1 = array1d(1..17, [86, 86, 86, 87, 87, 86, 86, 87, 87, 87, 81, 87, 86, 87, 87, 87, 85]);
ocosts2 = array1d(1..136, [44, 44, 44, 44, 44, 44, 44, 44, 44, 44, 44, 44, 44, 44, 44, 44, 44, 44, 44, 43, 44, 44, 44, 44, 44, 44, 44, 44, 44, 44, 44, 44, 44, 44, 44, 44, 44, 44, 44, 44, 44, 44, 44, 44, 44, 44, 44, 44, 44, 44, 44, 44, 44, 44, 44, 44, 44, 44, 44, 44, 43, 44, 44, 44, 44, 44, 44, 44, 44, 44, 44, 44, 44, 44, 44, 44, 43, 44, 44, 44, 44, 44, 44, 44, 44, 44, 44, 44, 44, 44, 44, 44, 44, 44, 44, 44, 44, 44, 44, 44, 44, 44, 44, 44, 44, 44, 44, 44, 44, 44, 44, 44, 44, 44, 44, 44, 44, 44, 44, 44, 44, 43, 44, 44, 44, 44, 44, 43, 44, 44, 44, 44, 44, 43, 44, 44]);
p = array1d(1..17, [0, 0, 0, 0, 0, 0, 0, 0, 0, 0, 0, 0, 0, 0, 0, 83, 99]);
----------
objective = 7442;
ocosts1 = array1d(1..17, [86, 86, 87, 87, 87, 86, 86, 87, 87, 87, 81, 87, 86, 87, 87, 87, 85]);
ocosts2 = array1d(1..136, [44, 44, 44, 44, 44, 44, 44, 44, 44, 44, 44, 44, 44, 44, 44, 44, 44, 44, 44, 43, 44, 44, 44, 44, 44, 44, 44, 44, 44, 44, 44, 44, 44, 44, 44, 44, 44, 44, 44, 44, 44, 44, 44, 44, 44, 44, 44, 44, 44, 44, 44, 44, 44, 44, 44, 44, 44, 44, 43, 44, 43, 44, 44, 44, 44, 44, 44, 44, 44, 44, 44, 44, 44, 44, 44, 44, 43, 44, 44, 44, 44, 44, 44, 44, 44, 44, 44, 44, 44, 44, 44, 44, 44, 44, 44, 44, 44, 44, 44, 44, 44, 44, 44, 44, 44, 43, 44, 44, 44, 44, 44, 44, 44, 44, 44, 44, 44, 44, 44, 44, 44, 43, 44, 44, 44, 44, 44, 43, 44, 44, 44, 44, 44, 43, 44, 44]);
p = array1d(1..17, [0, 0, 0, 0, 0, 0, 0, 0, 0, 0, 0, 0, 0, 0, 0, 141, 40]);
----------
objective = 7441;
ocosts1 = array1d(1..17, [86, 86, 86, 87, 87, 86, 86, 87, 87, 87, 81, 87, 86, 87, 87, 87, 85]);
ocosts2 = array1d(1..136, [44, 44, 44, 44, 44, 44, 44, 44, 44, 44, 44, 44, 44, 44, 44, 44, 44, 44, 44, 43, 44, 44, 44, 44, 44, 44, 44, 44, 44, 44, 44, 44, 44, 44, 44, 44, 44, 44, 44, 44, 44, 44, 44, 44, 44, 44, 44, 44, 44, 44, 44, 44, 44, 44, 44, 44, 44, 44, 43, 44, 43, 44, 44, 44, 44, 44, 44, 44, 44, 44, 44, 44, 44, 44, 44, 44, 43, 44, 44, 44, 44, 44, 44, 44, 44, 44, 44, 44, 44, 44, 44, 44, 44, 44, 44, 44, 44, 44, 44, 44, 44, 44, 44, 44, 44, 43, 44, 44, 44, 44, 44, 44, 44, 44, 44, 44, 44, 44, 44, 44, 44, 43, 44, 44, 44, 44, 44, 43, 44, 44, 44, 44, 44, 43, 44, 44]);
p = array1d(1..17, [0, 0, 0, 0, 0, 0, 0, 0, 0, 0, 0, 0, 0, 0, 0, 141, 99]);
----------
objective = 7440;
ocosts1 = array1d(1..17, [86, 86, 86, 87, 83, 86, 86, 87, 87, 87, 84, 87, 86, 87, 87, 87, 85]);
ocosts2 = array1d(1..136, [44, 44, 44, 44, 44, 44, 44, 44, 44, 44, 44, 44, 44, 44, 44, 44, 44, 44, 44, 43, 44, 44, 44, 44, 44, 44, 44, 44, 44, 44, 44, 44, 44, 44, 44, 44, 44, 44, 44, 44, 44, 44, 44, 44, 44, 44, 44, 44, 44, 44, 44, 44, 44, 44, 44, 44, 44, 44, 43, 44, 43, 44, 44, 44, 44, 44, 44, 44, 44, 44, 44, 44, 44, 44, 44, 44, 43, 44, 44, 44, 44, 44, 44, 44, 44, 44, 44, 44, 44, 44, 44, 44, 44, 44, 44, 44, 44, 44, 44, 44, 44, 44, 44, 44, 44, 43, 44, 44, 44, 44, 44, 44, 44, 44, 44, 44, 44, 44, 44, 44, 44, 43, 44, 44, 44, 44, 44, 43, 44, 44, 44, 44, 44, 43, 44, 44]);
p = array1d(1..17, [0, 0, 0, 0, 0, 0, 0, 0, 0, 0, 0, 0, 0, 136, 0, 68, 99]);
----------
objective = 7439;
ocosts1 = array1d(1..17, [86, 86, 86, 87, 83, 86, 86, 87, 87, 87, 81, 87, 86, 87, 87, 87, 85]);
ocosts2 = array1d(1..136, [44, 44, 44, 44, 44, 44, 44, 44, 44, 44, 44, 44, 44, 44, 44, 44, 44, 44, 44, 43, 44, 44, 44, 44, 44, 44, 44, 44, 44, 44, 44, 44, 44, 44, 44, 44, 44, 44, 44, 44, 44, 44, 44, 44, 44, 44, 44, 44, 44, 44, 44, 44, 44, 44, 44, 44, 44, 44, 44, 44, 43, 44, 44, 44, 44, 44, 44, 44, 44, 44, 44, 44, 44, 44, 44, 44, 43, 44, 44, 44, 44, 44, 44, 44, 44, 44, 44, 44, 44, 44, 44, 44, 44, 44, 44, 44, 44, 44, 44, 44, 44, 44, 44, 44, 44, 44, 44, 44, 44, 44, 44, 44, 44, 44, 44, 44, 44, 44, 44, 44, 44, 43, 44, 44, 44, 44, 44, 43, 44, 44, 44, 44, 44, 43, 44, 44]);
p = array1d(1..17, [0, 0, 0, 0, 0, 0, 0, 0, 0, 0, 0, 0, 0, 136, 0, 83, 99]);
----------
objective = 7438;
ocosts1 = array1d(1..17, [86, 86, 86, 87, 84, 86, 86, 87, 87, 87, 81, 87, 86, 87, 87, 87, 85]);
ocosts2 = array1d(1..136, [44, 44, 44, 44, 44, 44, 44, 44, 44, 44, 44, 44, 44, 44, 44, 44, 44, 44, 44, 43, 44, 44, 44, 44, 44, 44, 44, 44, 44, 44, 44, 44, 44, 44, 44, 44, 44, 44, 44, 44, 44, 44, 44, 44, 44, 44, 44, 44, 44, 44, 44, 44, 44, 44, 44, 44, 44, 44, 43, 44, 43, 44, 44, 44, 44, 44, 44, 44, 44, 44, 44, 44, 44, 44, 44, 44, 43, 44, 44, 44, 44, 44, 44, 44, 44, 44, 44, 44, 44, 44, 44, 44, 44, 44, 44, 44, 44, 44, 44, 44, 44, 44, 44, 44, 44, 43, 44, 44, 44, 44, 44, 44, 44, 44, 44, 44, 44, 44, 44, 44, 44, 43, 44, 44, 44, 44, 44, 43, 44, 44, 44, 44, 44, 43, 44, 44]);
p = array1d(1..17, [0, 0, 0, 0, 0, 0, 0, 0, 0, 0, 0, 0, 0, 93, 0, 141, 99]);
----------
objective = 7437;
ocosts1 = array1d(1..17, [86, 86, 86, 87, 83, 86, 86, 87, 87, 87, 81, 87, 86, 87, 87, 87, 85]);
ocosts2 = array1d(1..136, [44, 44, 44, 44, 44, 44, 44, 44, 44, 44, 44, 44, 44, 44, 44, 44, 44, 44, 44, 43, 44, 44, 44, 44, 44, 44, 44, 44, 44, 44, 44, 44, 44, 44, 44, 44, 44, 44, 44, 44, 44, 44, 44, 44, 44, 44, 44, 44, 44, 44, 44, 44, 44, 44, 44, 44, 44, 44, 43, 44, 43, 44, 44, 44, 44, 44, 44, 44, 44, 44, 44, 44, 44, 44, 44, 44, 43, 44, 44, 44, 44, 44, 44, 44, 44, 44, 44, 44, 44, 44, 44, 44, 44, 44, 44, 44, 44, 44, 44, 44, 44, 44, 44, 44, 44, 43, 44, 44, 44, 44, 44, 44, 44, 44, 44, 44, 44, 44, 44, 44, 44, 43, 44, 44, 44, 44, 44, 43, 44, 44, 44, 44, 44, 43, 44, 44]);
p = array1d(1..17, [0, 0, 0, 0, 0, 0, 0, 0, 0, 0, 0, 0, 0, 136, 0, 141, 99]);
----------
objective = 7436;
ocosts1 = array1d(1..17, [86, 86, 86, 87, 83, 86, 86, 87, 86, 87, 81, 87, 86, 87, 87, 87, 85]);
ocosts2 = array1d(1..136, [44, 44, 44, 44, 44, 44, 44, 44, 44, 44, 44, 44, 44, 44, 44, 44, 44, 44, 44, 43, 44, 44, 44, 44, 44, 44, 44, 44, 44, 44, 44, 44, 44, 44, 44, 44, 44, 44, 44, 44, 44, 44, 44, 44, 44, 44, 44, 44, 44, 44, 44, 44, 44, 44, 44, 44, 44, 44, 43, 44, 43, 44, 44, 44, 44, 44, 44, 44, 44, 44, 44, 44, 44, 44, 44, 44, 43, 44, 44, 44, 44, 44, 44, 44, 44, 44, 44, 44, 44, 44, 44, 44, 44, 44, 44, 44, 44, 44, 44, 44, 44, 44, 44, 44, 44, 43, 44, 44, 44, 44, 44, 44, 44, 44, 44, 44, 44, 44, 44, 44, 44, 43, 44, 44, 44, 44, 44, 43, 44, 44, 44, 44, 44, 43, 44, 44]);
p = array1d(1..17, [0, 0, 0, 0, 0, 0, 0, 0, 0, 0, 0, 0, 11, 136, 0, 141, 99]);
----------
objective = 7435;
ocosts1 = array1d(1..17, [86, 86, 86, 87, 84, 86, 86, 87, 84, 87, 81, 87, 86, 87, 87, 87, 85]);
ocosts2 = array1d(1..136, [44, 44, 44, 44, 44, 44, 44, 44, 44, 44, 44, 44, 44, 44, 44, 44, 44, 44, 44, 43, 44, 44, 44, 44, 44, 44, 44, 44, 44, 44, 44, 44, 44, 44, 44, 44, 44, 44, 44, 44, 44, 44, 44, 44, 44, 44, 44, 44, 44, 44, 44, 44, 44, 44, 44, 44, 44, 44, 43, 44, 43, 44, 44, 44, 44, 44, 44, 44, 44, 44, 44, 44, 44, 44, 44, 44, 43, 44, 44, 44, 44, 44, 44, 44, 44, 44, 44, 44, 44, 44, 44, 44, 44, 44, 44, 44, 44, 44, 44, 44, 44, 44, 44, 44, 44, 43, 44, 44, 44, 44, 44, 44, 44, 44, 44, 44, 44, 44, 44, 44, 44, 43, 44, 44, 44, 44, 44, 43, 44, 44, 44, 44, 44, 43, 44, 44]);
p = array1d(1..17, [0, 0, 0, 0, 0, 0, 0, 0, 0, 0, 0, 0, 25, 93, 0, 141, 99]);
----------
objective = 7434;
ocosts1 = array1d(1..17, [86, 86, 86, 87, 83, 86, 86, 87, 84, 87, 81, 87, 86, 87, 87, 87, 85]);
ocosts2 = array1d(1..136, [44, 44, 44, 44, 44, 44, 44, 44, 44, 44, 44, 44, 44, 44, 44, 44, 44, 44, 44, 43, 44, 44, 44, 44, 44, 44, 44, 44, 44, 44, 44, 44, 44, 44, 44, 44, 44, 44, 44, 44, 44, 44, 44, 44, 44, 44, 44, 44, 44, 44, 44, 44, 44, 44, 44, 44, 44, 44, 43, 44, 43, 44, 44, 44, 44, 44, 44, 44, 44, 44, 44, 44, 44, 44, 44, 44, 43, 44, 44, 44, 44, 44, 44, 44, 44, 44, 44, 44, 44, 44, 44, 44, 44, 44, 44, 44, 44, 44, 44, 44, 44, 44, 44, 44, 44, 43, 44, 44, 44, 44, 44, 44, 44, 44, 44, 44, 44, 44, 44, 44, 44, 43, 44, 44, 44, 44, 44, 43, 44, 44, 44, 44, 44, 43, 44, 44]);
p = array1d(1..17, [0, 0, 0, 0, 0, 0, 0, 0, 0, 0, 0, 0, 25, 136, 0, 141, 99]);
----------
objective = 7433;
ocosts1 = array1d(1..17, [86, 86, 86, 87, 83, 86, 86, 87, 84, 87, 81, 87, 86, 87, 87, 87, 84]);
ocosts2 = array1d(1..136, [44, 44, 44, 44, 44, 44, 44, 44, 44, 44, 44, 44, 44, 44, 44, 44, 44, 44, 44, 43, 44, 44, 44, 44, 44, 44, 44, 44, 44, 44, 44, 44, 44, 44, 44, 44, 44, 44, 44, 44, 44, 44, 44, 44, 44, 44, 44, 44, 44, 44, 44, 44, 44, 44, 44, 44, 44, 44, 43, 44, 43, 44, 44, 44, 44, 44, 44, 44, 44, 44, 44, 44, 44, 44, 44, 44, 43, 44, 44, 44, 44, 44, 44, 44, 44, 44, 44, 44, 44, 44, 44, 44, 44, 44, 44, 44, 44, 44, 44, 44, 44, 44, 44, 44, 44, 43, 44, 44, 44, 44, 44, 44, 44, 44, 44, 44, 44, 44, 44, 44, 44, 43, 44, 44, 44, 44, 44, 43, 44, 44, 44, 44, 44, 43, 44, 44]);
p = array1d(1..17, [0, 0, 0, 0, 0, 0, 0, 0, 0, 0, 0, 85, 25, 136, 0, 141, 99]);
----------
objective = 7432;
ocosts1 = array1d(1..17, [86, 86, 86, 87, 83, 86, 86, 87, 84, 87, 81, 87, 86, 87, 87, 87, 84]);
ocosts2 = array1d(1..136, [44, 44, 44, 44, 44, 44, 44, 44, 44, 44, 44, 44, 44, 44, 44, 44, 44, 44, 44, 43, 44, 44, 44, 44, 44, 44, 44, 44, 44, 44, 44, 44, 44, 44, 44, 44, 44, 44, 44, 44, 44, 44, 44, 44, 44, 44, 44, 44, 44, 44, 44, 44, 44, 44, 44, 44, 44, 44, 43, 44, 43, 44, 44, 44, 44, 44, 44, 44, 44, 44, 44, 44, 44, 44, 44, 44, 43, 44, 44, 44, 44, 44, 44, 44, 44, 44, 44, 44, 44, 44, 44, 44, 44, 44, 44, 44, 44, 44, 44, 44, 43, 44, 44, 44, 44, 43, 44, 44, 44, 44, 44, 44, 44, 44, 44, 44, 44, 44, 44, 44, 44, 43, 44, 44, 44, 44, 44, 43, 44, 44, 44, 44, 44, 43, 44, 44]);
p = array1d(1..17, [0, 0, 0, 0, 0, 0, 0, 0, 0, 0, 0, 93, 25, 136, 0, 141, 99]);
----------
objective = 7431;
ocosts1 = array1d(1..17, [86, 86, 86, 87, 83, 86, 86, 87, 84, 87, 81, 87, 86, 87, 87, 87, 84]);
ocosts2 = array1d(1..136, [44, 44, 44, 44, 44, 44, 44, 44, 44, 44, 44, 44, 44, 44, 44, 44, 44, 44, 44, 43, 44, 44, 44, 44, 44, 44, 44, 44, 44, 44, 44, 44, 44, 44, 44, 44, 44, 44, 44, 44, 44, 44, 44, 44, 44, 44, 44, 44, 44, 44, 43, 44, 44, 44, 44, 44, 44, 44, 43, 44, 43, 44, 44, 44, 44, 44, 44, 44, 44, 44, 44, 44, 44, 44, 44, 44, 43, 44, 44, 44, 44, 44, 44, 44, 44, 44, 44, 44, 44, 44, 44, 44, 44, 44, 44, 44, 44, 44, 44, 44, 43, 44, 44, 44, 44, 43, 44, 44, 44, 44, 44, 44, 44, 44, 44, 44, 44, 44, 44, 44, 44, 43, 44, 44, 44, 44, 44, 43, 44, 44, 44, 44, 44, 43, 44, 44]);
p = array1d(1..17, [0, 0, 0, 0, 0, 0, 0, 0, 0, 0, 50, 93, 25, 136, 0, 141, 99]);
----------
objective = 7430;
ocosts1 = array1d(1..17, [86, 86, 86, 87, 83, 86, 86, 87, 84, 87, 81, 87, 86, 87, 84, 87, 84]);
ocosts2 = array1d(1..136, [44, 44, 44, 44, 44, 44, 44, 44, 44, 44, 44, 44, 44, 44, 44, 44, 44, 44, 44, 43, 44, 44, 44, 44, 44, 44, 44, 44, 44, 44, 44, 44, 44, 44, 44, 44, 44, 44, 44, 44, 44, 44, 44, 44, 44, 44, 44, 44, 44, 44, 44, 44, 44, 44, 44, 44, 44, 44, 43, 44, 44, 44, 44, 44, 44, 44, 44, 44, 44, 44, 44, 44, 44, 44, 44, 44, 43, 44, 44, 44, 44, 44, 44, 44, 44, 44, 44, 44, 44, 44, 44, 44, 44, 44, 44, 44, 44, 44, 44, 44, 43, 44, 44, 44, 44, 43, 44, 44, 44, 44, 44, 44, 44, 44, 44, 44, 44, 44, 44, 44, 44, 43, 44, 44, 44, 44, 44, 43, 44, 44, 44, 44, 44, 43, 44, 44]);
p = array1d(1..17, [0, 0, 0, 0, 0, 0, 0, 0, 0, 0, 85, 93, 25, 136, 0, 141, 99]);
----------
objective = 7429;
ocosts1 = array1d(1..17, [86, 86, 86, 87, 83, 86, 86, 87, 84, 87, 81, 87, 86, 87, 84, 87, 84]);
ocosts2 = array1d(1..136, [44, 44, 44, 44, 44, 44, 44, 44, 44, 44, 44, 44, 44, 44, 44, 44, 44, 44, 44, 43, 44, 44, 44, 44, 44, 44, 44, 44, 44, 44, 44, 44, 44, 44, 44, 44, 44, 44, 44, 44, 44, 44, 44, 44, 44, 44, 44, 44, 44, 44, 44, 44, 44, 44, 44, 44, 44, 44, 43, 44, 43, 44, 44, 44, 44, 44, 44, 44, 44, 44, 44, 44, 44, 44, 44, 44, 43, 44, 44, 44, 44, 44, 44, 44, 44, 44, 44, 44, 44, 44, 44, 44, 44, 44, 44, 44, 44, 44, 44, 44, 43, 44, 44, 44, 44, 43, 44, 44, 44, 44, 44, 44, 44, 44, 44, 44, 44, 44, 44, 44, 44, 43, 44, 44, 44, 44, 44, 43, 44, 44, 44, 44, 44, 43, 44, 44]);
p = array1d(1..17, [0, 0, 0, 0, 0, 0, 0, 0, 0, 0, 86, 93, 25, 136, 0, 141, 99]);
----------
objective = 7428;
ocosts1 = array1d(1..17, [86, 86, 86, 87, 83, 86, 86, 87, 84, 87, 81, 87, 86, 87, 84, 87, 84]);
ocosts2 = array1d(1..136, [44, 44, 44, 44, 44, 44, 44, 44, 44, 44, 44, 44, 44, 44, 44, 44, 44, 44, 44, 43, 44, 44, 44, 44, 44, 44, 44, 44, 44, 44, 44, 44, 44, 44, 44, 44, 44, 44, 44, 44, 44, 44, 44, 44, 44, 44, 44, 44, 44, 44, 44, 44, 44, 44, 44, 44, 44, 44, 43, 44, 42, 44, 44, 44, 44, 44, 44, 44, 44, 44, 44, 44, 44, 44, 44, 44, 43, 44, 44, 44, 44, 44, 44, 44, 44, 44, 44, 44, 44, 44, 44, 44, 44, 44, 44, 44, 44, 44, 44, 44, 43, 44, 44, 44, 44, 43, 44, 44, 44, 44, 44, 44, 44, 44, 44, 44, 44, 44, 44, 44, 44, 43, 44, 44, 44, 44, 44, 43, 44, 44, 44, 44, 44, 43, 44, 44]);
p = array1d(1..17, [0, 0, 0, 0, 0, 0, 0, 0, 0, 54, 86, 93, 25, 136, 0, 141, 99]);
----------
objective = 7427;
ocosts1 = array1d(1..17, [86, 86, 86, 87, 83, 86, 86, 85, 84, 87, 81, 87, 86, 87, 84, 87, 84]);
ocosts2 = array1d(1..136, [44, 44, 44, 44, 44, 44, 44, 44, 44, 44, 44, 44, 44, 44, 44, 44, 44, 44, 44, 43, 44, 44, 44, 44, 44, 44, 44, 44, 44, 44, 44, 44, 44, 44, 44, 44, 44, 44, 44, 44, 44, 44, 44, 44, 44, 44, 44, 44, 44, 44, 44, 44, 44, 44, 44, 44, 44, 44, 43, 44, 43, 44, 44, 44, 44, 44, 44, 44, 44, 44, 44, 44, 44, 44, 44, 44, 43, 44, 44, 44, 44, 44, 44, 44, 44, 44, 44, 44, 44, 44, 44, 44, 44, 44, 44, 44, 44, 44, 44, 44, 43, 44, 44, 44, 44, 43, 44, 44, 44, 44, 44, 44, 44, 44, 44, 44, 44, 44, 44, 44, 44, 43, 44, 44, 44, 44, 44, 43, 44, 44, 44, 44, 44, 43, 44, 44]);
p = array1d(1..17, [0, 0, 0, 0, 0, 0, 0, 0, 0, 94, 86, 93, 25, 136, 0, 141, 99]);
----------
objective = 7426;
ocosts1 = array1d(1..17, [86, 86, 86, 87, 83, 86, 86, 83, 84, 87, 81, 87, 86, 87, 86, 87, 84]);
ocosts2 = array1d(1..136, [44, 44, 44, 44, 44, 44, 44, 44, 44, 44, 44, 44, 44, 44, 44, 44, 44, 44, 44, 43, 44, 44, 44, 44, 44, 44, 44, 44, 44, 44, 44, 44, 44, 44, 44, 44, 44, 44, 44, 44, 44, 44, 44, 44, 44, 44, 44, 44, 44, 44, 43, 44, 44, 44, 44, 44, 44, 44, 43, 44, 43, 44, 44, 44, 44, 44, 44, 44, 44, 44, 44, 44, 44, 44, 44, 44, 43, 44, 44, 44, 44, 44, 44, 44, 44, 44, 44, 44, 44, 44, 44, 44, 44, 44, 44, 44, 44, 44, 44, 44, 43, 44, 44, 44, 44, 43, 44, 44, 44, 44, 44, 44, 44, 44, 44, 44, 44, 44, 44, 44, 44, 43, 44, 44, 44, 44, 44, 43, 44, 44, 44, 44, 44, 43, 44, 44]);
p = array1d(1..17, [0, 0, 0, 0, 0, 0, 0, 0, 0, 97, 96, 93, 25, 136, 0, 141, 99]);
----------
objective = 7425;
ocosts1 = array1d(1..17, [86, 86, 86, 86, 83, 86, 86, 85, 84, 87, 81, 87, 86, 87, 84, 87, 84]);
ocosts2 = array1d(1..136, [44, 44, 44, 44, 44, 44, 44, 44, 44, 44, 44, 44, 44, 44, 44, 44, 44, 44, 44, 43, 44, 44, 44, 44, 44, 44, 44, 44, 44, 44, 44, 44, 44, 44, 44, 44, 44, 44, 44, 44, 44, 44, 44, 44, 44, 44, 44, 44, 44, 44, 44, 44, 44, 44, 44, 44, 44, 44, 43, 44, 43, 44, 44, 44, 43, 44, 44, 44, 44, 44, 44, 44, 44, 44, 44, 44, 43, 44, 44, 44, 44, 44, 43, 44, 44, 44, 44, 44, 44, 44, 44, 44, 44, 44, 44, 44, 44, 44, 44, 44, 44, 44, 44, 44, 44, 43, 44, 44, 44, 44, 44, 44, 44, 44, 44, 44, 44, 44, 44, 44, 44, 43, 44, 44, 44, 44, 44, 43, 44, 44, 44, 44, 44, 43, 44, 44]);
p = array1d(1..17, [0, 0, 0, 0, 0, 0, 0, 0, 66, 94, 86, 86, 25, 136, 0, 141, 99]);
----------
