mznc2017_probs/groupsplitter/u12g1pref1.dzn
objective = 78;
user_act_map1 = array1d(1..12, [283, 283, 283, 283, 283, 283, 283, 283, 283, 283, 283, 283]);
user_act_map2 = array1d(1..12, [12347, 12347, 12347, 12347, 12347, 12347, 12347, 12347, 12347, 12347, 12347, 12347]);
user_duration_map1 = array1d(1..12, [27, 27, 27, 27, 27, 27, 27, 27, 27, 27, 27, 27]);
user_duration_map2 = array1d(1..12, [24, 24, 24, 24, 24, 24, 24, 24, 24, 24, 24, 24]);
user_end_map1 = array1d(1..12, [143, 143, 143, 143, 143, 143, 143, 143, 143, 143, 143, 143]);
user_end_map2 = array1d(1..12, [288, 288, 288, 288, 288, 288, 288, 288, 288, 288, 288, 288]);
user_group_map1 = array1d(1..12, [1, 1, 1, 1, 1, 1, 1, 1, 1, 1, 1, 1]);
user_group_map2 = array1d(1..12, [1, 1, 1, 1, 1, 1, 1, 1, 1, 1, 1, 1]);
user_start_time_map1 = array1d(1..12, [116, 116, 116, 116, 116, 116, 116, 116, 116, 116, 116, 116]);
user_start_time_map2 = array1d(1..12, [149, 149, 149, 149, 149, 149, 149, 149, 149, 149, 149, 149]);
user_weight_map1 = array1d(1..12, [0, 0, 0, 0, 0, 0, 0, 0, -1, 0, 0, 0]);
user_weight_map2 = array1d(1..12, [0, 0, 0, 0, 0, 0, 0, 0, 0, -1, 0, 0]);
----------
objective = 111;
user_act_map1 = array1d(1..12, [283, 283, 283, 283, 283, 283, 283, 283, 283, 283, 283, 283]);
user_act_map2 = array1d(1..12, [5, 5, 5, 5, 5, 5, 5, 5, 5, 5, 5, 5]);
user_duration_map1 = array1d(1..12, [27, 27, 27, 27, 27, 27, 27, 27, 27, 27, 27, 27]);
user_duration_map2 = array1d(1..12, [18, 18, 18, 18, 18, 18, 18, 18, 18, 18, 18, 18]);
user_end_map1 = array1d(1..12, [143, 143, 143, 143, 143, 143, 143, 143, 143, 143, 143, 143]);
user_end_map2 = array1d(1..12, [168, 168, 168, 168, 168, 168, 168, 168, 168, 168, 168, 168]);
user_group_map1 = array1d(1..12, [1, 1, 1, 1, 1, 1, 1, 1, 1, 1, 1, 1]);
user_group_map2 = array1d(1..12, [1, 1, 1, 1, 1, 1, 1, 1, 1, 1, 1, 1]);
user_start_time_map1 = array1d(1..12, [116, 116, 116, 116, 116, 116, 116, 116, 116, 116, 116, 116]);
user_start_time_map2 = array1d(1..12, [148, 148, 148, 148, 148, 148, 148, 148, 148, 148, 148, 148]);
user_weight_map1 = array1d(1..12, [0, 0, 0, 0, 0, 0, 0, 0, -1, 0, 0, 0]);
user_weight_map2 = array1d(1..12, [0, 0, 0, 0, 0, 0, 0, 0, 0, 0, 0, 0]);
----------
objective = 117;
user_act_map1 = array1d(1..12, [283, 283, 283, 283, 283, 283, 283, 283, 283, 283, 283, 283]);
user_act_map2 = array1d(1..12, [8790, 8790, 8790, 8790, 8790, 8790, 8790, 8790, 8790, 8790, 8790, 8790]);
user_duration_map1 = array1d(1..12, [27, 27, 27, 27, 27, 27, 27, 27, 27, 27, 27, 27]);
user_duration_map2 = array1d(1..12, [18, 18, 18, 18, 18, 18, 18, 18, 18, 18, 18, 18]);
user_end_map1 = array1d(1..12, [143, 143, 143, 143, 143, 143, 143, 143, 143, 143, 143, 143]);
user_end_map2 = array1d(1..12, [276, 276, 276, 276, 276, 276, 276, 276, 276, 276, 276, 276]);
user_group_map1 = array1d(1..12, [1, 1, 1, 1, 1, 1, 1, 1, 1, 1, 1, 1]);
user_group_map2 = array1d(1..12, [1, 1, 1, 1, 1, 1, 1, 1, 1, 1, 1, 1]);
user_start_time_map1 = array1d(1..12, [116, 116, 116, 116, 116, 116, 116, 116, 116, 116, 116, 116]);
user_start_time_map2 = array1d(1..12, [147, 147, 147, 147, 147, 147, 147, 147, 147, 147, 147, 147]);
user_weight_map1 = array1d(1..12, [0, 0, 0, 0, 0, 0, 0, 0, -1, 0, 0, 0]);
user_weight_map2 = array1d(1..12, [0, 0, 0, 0, 0, 0, 0, 0, 0, 0, 2, 0]);
----------
objective = 129;
user_act_map1 = array1d(1..12, [283, 283, 283, 283, 283, 283, 283, 283, 283, 283, 283, 283]);
user_act_map2 = array1d(1..12, [1227, 1227, 1227, 1227, 1227, 1227, 1227, 1227, 1227, 1227, 1227, 1227]);
user_duration_map1 = array1d(1..12, [27, 27, 27, 27, 27, 27, 27, 27, 27, 27, 27, 27]);
user_duration_map2 = array1d(1..12, [18, 18, 18, 18, 18, 18, 18, 18, 18, 18, 18, 18]);
user_end_map1 = array1d(1..12, [143, 143, 143, 143, 143, 143, 143, 143, 143, 143, 143, 143]);
user_end_map2 = array1d(1..12, [174, 174, 174, 174, 174, 174, 174, 174, 174, 174, 174, 174]);
user_group_map1 = array1d(1..12, [1, 1, 1, 1, 1, 1, 1, 1, 1, 1, 1, 1]);
user_group_map2 = array1d(1..12, [1, 1, 1, 1, 1, 1, 1, 1, 1, 1, 1, 1]);
user_start_time_map1 = array1d(1..12, [116, 116, 116, 116, 116, 116, 116, 116, 116, 116, 116, 116]);
user_start_time_map2 = array1d(1..12, [148, 148, 148, 148, 148, 148, 148, 148, 148, 148, 148, 148]);
user_weight_map1 = array1d(1..12, [0, 0, 0, 0, 0, 0, 0, 0, -1, 0, 0, 0]);
user_weight_map2 = array1d(1..12, [0, 0, 0, 0, 0, 0, 2, 0, 0, 0, 0, 0]);
----------
objective = 138;
user_act_map1 = array1d(1..12, [867, 867, 867, 867, 867, 867, 867, 867, 867, 867, 867, 867]);
user_act_map2 = array1d(1..12, [1227, 1227, 1227, 1227, 1227, 1227, 1227, 1227, 1227, 1227, 1227, 1227]);
user_duration_map1 = array1d(1..12, [18, 18, 18, 18, 18, 18, 18, 18, 18, 18, 18, 18]);
user_duration_map2 = array1d(1..12, [18, 18, 18, 18, 18, 18, 18, 18, 18, 18, 18, 18]);
user_end_map1 = array1d(1..12, [141, 141, 141, 141, 141, 141, 141, 141, 141, 141, 141, 141]);
user_end_map2 = array1d(1..12, [174, 174, 174, 174, 174, 174, 174, 174, 174, 174, 174, 174]);
user_group_map1 = array1d(1..12, [1, 1, 1, 1, 1, 1, 1, 1, 1, 1, 1, 1]);
user_group_map2 = array1d(1..12, [1, 1, 1, 1, 1, 1, 1, 1, 1, 1, 1, 1]);
user_start_time_map1 = array1d(1..12, [123, 123, 123, 123, 123, 123, 123, 123, 123, 123, 123, 123]);
user_start_time_map2 = array1d(1..12, [145, 145, 145, 145, 145, 145, 145, 145, 145, 145, 145, 145]);
user_weight_map1 = array1d(1..12, [0, 0, 0, 0, 0, 0, 0, 0, 0, 0, 0, 0]);
user_weight_map2 = array1d(1..12, [0, 0, 0, 0, 0, 0, 2, 0, 0, 0, 0, 0]);
----------
objective = 144;
user_act_map1 = array1d(1..12, [18, 18, 18, 18, 18, 18, 18, 18, 18, 18, 18, 18]);
user_act_map2 = array1d(1..12, [1228, 1228, 1228, 1228, 1228, 1228, 1228, 1228, 1228, 1228, 1228, 1228]);
user_duration_map1 = array1d(1..12, [21, 21, 21, 21, 21, 21, 21, 21, 21, 21, 21, 21]);
user_duration_map2 = array1d(1..12, [18, 18, 18, 18, 18, 18, 18, 18, 18, 18, 18, 18]);
user_end_map1 = array1d(1..12, [249, 249, 249, 249, 249, 249, 249, 249, 249, 249, 249, 249]);
user_end_map2 = array1d(1..12, [276, 276, 276, 276, 276, 276, 276, 276, 276, 276, 276, 276]);
user_group_map1 = array1d(1..12, [1, 1, 1, 1, 1, 1, 1, 1, 1, 1, 1, 1]);
user_group_map2 = array1d(1..12, [1, 1, 1, 1, 1, 1, 1, 1, 1, 1, 1, 1]);
user_start_time_map1 = array1d(1..12, [228, 228, 228, 228, 228, 228, 228, 228, 228, 228, 228, 228]);
user_start_time_map2 = array1d(1..12, [253, 253, 253, 253, 253, 253, 253, 253, 253, 253, 253, 253]);
user_weight_map1 = array1d(1..12, [0, 0, 0, 0, 0, 0, 0, 0, 1, 0, 0, 1]);
user_weight_map2 = array1d(1..12, [0, 0, 0, 0, 0, 0, 2, 0, 0, 0, 0, 0]);
----------
objective = 150;
user_act_map1 = array1d(1..12, [14, 14, 14, 14, 14, 14, 14, 14, 14, 14, 14, 14]);
user_act_map2 = array1d(1..12, [8790, 8790, 8790, 8790, 8790, 8790, 8790, 8790, 8790, 8790, 8790, 8790]);
user_duration_map1 = array1d(1..12, [28, 28, 28, 28, 28, 28, 28, 28, 28, 28, 28, 28]);
user_duration_map2 = array1d(1..12, [18, 18, 18, 18, 18, 18, 18, 18, 18, 18, 18, 18]);
user_end_map1 = array1d(1..12, [196, 196, 196, 196, 196, 196, 196, 196, 196, 196, 196, 196]);
user_end_map2 = array1d(1..12, [276, 276, 276, 276, 276, 276, 276, 276, 276, 276, 276, 276]);
user_group_map1 = array1d(1..12, [1, 1, 1, 1, 1, 1, 1, 1, 1, 1, 1, 1]);
user_group_map2 = array1d(1..12, [1, 1, 1, 1, 1, 1, 1, 1, 1, 1, 1, 1]);
user_start_time_map1 = array1d(1..12, [168, 168, 168, 168, 168, 168, 168, 168, 168, 168, 168, 168]);
user_start_time_map2 = array1d(1..12, [201, 201, 201, 201, 201, 201, 201, 201, 201, 201, 201, 201]);
user_weight_map1 = array1d(1..12, [0, 0, 0, 0, 0, 0, 0, 1, 2, 0, 1, 0]);
user_weight_map2 = array1d(1..12, [0, 0, 0, 0, 0, 0, 0, 0, 0, 0, 2, 0]);
----------
objective = 162;
user_act_map1 = array1d(1..12, [15, 15, 15, 15, 15, 15, 15, 15, 15, 15, 15, 15]);
user_act_map2 = array1d(1..12, [1228, 1228, 1228, 1228, 1228, 1228, 1228, 1228, 1228, 1228, 1228, 1228]);
user_duration_map1 = array1d(1..12, [28, 28, 28, 28, 28, 28, 28, 28, 28, 28, 28, 28]);
user_duration_map2 = array1d(1..12, [18, 18, 18, 18, 18, 18, 18, 18, 18, 18, 18, 18]);
user_end_map1 = array1d(1..12, [232, 232, 232, 232, 232, 232, 232, 232, 232, 232, 232, 232]);
user_end_map2 = array1d(1..12, [276, 276, 276, 276, 276, 276, 276, 276, 276, 276, 276, 276]);
user_group_map1 = array1d(1..12, [1, 1, 1, 1, 1, 1, 1, 1, 1, 1, 1, 1]);
user_group_map2 = array1d(1..12, [1, 1, 1, 1, 1, 1, 1, 1, 1, 1, 1, 1]);
user_start_time_map1 = array1d(1..12, [204, 204, 204, 204, 204, 204, 204, 204, 204, 204, 204, 204]);
user_start_time_map2 = array1d(1..12, [236, 236, 236, 236, 236, 236, 236, 236, 236, 236, 236, 236]);
user_weight_map1 = array1d(1..12, [0, 0, 0, 0, 0, 0, 0, 1, 2, 0, 1, 0]);
user_weight_map2 = array1d(1..12, [0, 0, 0, 0, 0, 0, 2, 0, 0, 0, 0, 0]);
----------
objective = 171;
user_act_map1 = array1d(1..12, [31, 31, 31, 31, 31, 31, 31, 31, 31, 31, 31, 31]);
user_act_map2 = array1d(1..12, [1227, 1227, 1227, 1227, 1227, 1227, 1227, 1227, 1227, 1227, 1227, 1227]);
user_duration_map1 = array1d(1..12, [24, 24, 24, 24, 24, 24, 24, 24, 24, 24, 24, 24]);
user_duration_map2 = array1d(1..12, [18, 18, 18, 18, 18, 18, 18, 18, 18, 18, 18, 18]);
user_end_map1 = array1d(1..12, [144, 144, 144, 144, 144, 144, 144, 144, 144, 144, 144, 144]);
user_end_map2 = array1d(1..12, [174, 174, 174, 174, 174, 174, 174, 174, 174, 174, 174, 174]);
user_group_map1 = array1d(1..12, [1, 1, 1, 1, 1, 1, 1, 1, 1, 1, 1, 1]);
user_group_map2 = array1d(1..12, [1, 1, 1, 1, 1, 1, 1, 1, 1, 1, 1, 1]);
user_start_time_map1 = array1d(1..12, [120, 120, 120, 120, 120, 120, 120, 120, 120, 120, 120, 120]);
user_start_time_map2 = array1d(1..12, [148, 148, 148, 148, 148, 148, 148, 148, 148, 148, 148, 148]);
user_weight_map1 = array1d(1..12, [0, 1, 0, 0, 0, 0, 0, 2, 2, 0, 0, 0]);
user_weight_map2 = array1d(1..12, [0, 0, 0, 0, 0, 0, 2, 0, 0, 0, 0, 0]);
----------
objective = 198;
user_act_map1 = array1d(1..12, [19, 19, 19, 19, 19, 19, 19, 19, 19, 19, 19, 19]);
user_act_map2 = array1d(1..12, [2, 2, 2, 2, 2, 2, 2, 2, 2, 2, 2, 2]);
user_duration_map1 = array1d(1..12, [27, 27, 27, 27, 27, 27, 27, 27, 27, 27, 27, 27]);
user_duration_map2 = array1d(1..12, [18, 18, 18, 18, 18, 18, 18, 18, 18, 18, 18, 18]);
user_end_map1 = array1d(1..12, [149, 149, 149, 149, 149, 149, 149, 149, 149, 149, 149, 149]);
user_end_map2 = array1d(1..12, [174, 174, 174, 174, 174, 174, 174, 174, 174, 174, 174, 174]);
user_group_map1 = array1d(1..12, [1, 1, 1, 1, 1, 1, 1, 1, 1, 1, 1, 1]);
user_group_map2 = array1d(1..12, [1, 1, 1, 1, 1, 1, 1, 1, 1, 1, 1, 1]);
user_start_time_map1 = array1d(1..12, [122, 122, 122, 122, 122, 122, 122, 122, 122, 122, 122, 122]);
user_start_time_map2 = array1d(1..12, [155, 155, 155, 155, 155, 155, 155, 155, 155, 155, 155, 155]);
user_weight_map1 = array1d(1..12, [0, 1, 0, 2, 0, 0, 2, 1, 1, 2, 1, 0]);
user_weight_map2 = array1d(1..12, [0, 0, 0, 0, 0, 0, 0, 0, 0, 0, 0, 0]);
----------
objective = 204;
user_act_map1 = array1d(1..12, [19, 19, 19, 19, 19, 19, 19, 19, 19, 19, 19, 19]);
user_act_map2 = array1d(1..12, [8790, 8790, 8790, 8790, 8790, 8790, 8790, 8790, 8790, 8790, 8790, 8790]);
user_duration_map1 = array1d(1..12, [27, 27, 27, 27, 27, 27, 27, 27, 27, 27, 27, 27]);
user_duration_map2 = array1d(1..12, [18, 18, 18, 18, 18, 18, 18, 18, 18, 18, 18, 18]);
user_end_map1 = array1d(1..12, [149, 149, 149, 149, 149, 149, 149, 149, 149, 149, 149, 149]);
user_end_map2 = array1d(1..12, [276, 276, 276, 276, 276, 276, 276, 276, 276, 276, 276, 276]);
user_group_map1 = array1d(1..12, [1, 1, 1, 1, 1, 1, 1, 1, 1, 1, 1, 1]);
user_group_map2 = array1d(1..12, [1, 1, 1, 1, 1, 1, 1, 1, 1, 1, 1, 1]);
user_start_time_map1 = array1d(1..12, [122, 122, 122, 122, 122, 122, 122, 122, 122, 122, 122, 122]);
user_start_time_map2 = array1d(1..12, [154, 154, 154, 154, 154, 154, 154, 154, 154, 154, 154, 154]);
user_weight_map1 = array1d(1..12, [0, 1, 0, 2, 0, 0, 2, 1, 1, 2, 1, 0]);
user_weight_map2 = array1d(1..12, [0, 0, 0, 0, 0, 0, 0, 0, 0, 0, 2, 0]);
----------
objective = 216;
user_act_map1 = array1d(1..12, [19, 19, 19, 19, 19, 19, 19, 19, 19, 19, 19, 19]);
user_act_map2 = array1d(1..12, [1227, 1227, 1227, 1227, 1227, 1227, 1227, 1227, 1227, 1227, 1227, 1227]);
user_duration_map1 = array1d(1..12, [27, 27, 27, 27, 27, 27, 27, 27, 27, 27, 27, 27]);
user_duration_map2 = array1d(1..12, [18, 18, 18, 18, 18, 18, 18, 18, 18, 18, 18, 18]);
user_end_map1 = array1d(1..12, [149, 149, 149, 149, 149, 149, 149, 149, 149, 149, 149, 149]);
user_end_map2 = array1d(1..12, [174, 174, 174, 174, 174, 174, 174, 174, 174, 174, 174, 174]);
user_group_map1 = array1d(1..12, [1, 1, 1, 1, 1, 1, 1, 1, 1, 1, 1, 1]);
user_group_map2 = array1d(1..12, [1, 1, 1, 1, 1, 1, 1, 1, 1, 1, 1, 1]);
user_start_time_map1 = array1d(1..12, [122, 122, 122, 122, 122, 122, 122, 122, 122, 122, 122, 122]);
user_start_time_map2 = array1d(1..12, [153, 153, 153, 153, 153, 153, 153, 153, 153, 153, 153, 153]);
user_weight_map1 = array1d(1..12, [0, 1, 0, 2, 0, 0, 2, 1, 1, 2, 1, 0]);
user_weight_map2 = array1d(1..12, [0, 0, 0, 0, 0, 0, 2, 0, 0, 0, 0, 0]);
----------
==========
