mznc2019_probs/accap/accap_instance5.dzn
D = 45;
S = array1d(1..6, [22, 15, 42, 39, 22, 44]);
objective = 229;
yCoor = array1d(1..50, [14, 1, 14, 6, 11, 1, 19, 11, 20, 33, 16, 6, 14, 4, 21, 6, 1, 28, 15, 33, 11, 6, 44, 21, 24, 18, 11, 6, 1, 1, 14, 22, 21, 23, 28, 35, 41, 18, 11, 11, 26, 1, 37, 15, 21, 23, 16, 29, 13, 19]);
----------
D = 46;
S = array1d(1..6, [26, 22, 41, 42, 18, 33]);
objective = 228;
yCoor = array1d(1..50, [18, 1, 14, 6, 11, 1, 23, 11, 16, 30, 21, 6, 21, 1, 17, 6, 1, 16, 15, 27, 13, 6, 19, 29, 23, 34, 11, 6, 1, 5, 11, 18, 21, 25, 35, 14, 44, 18, 11, 11, 26, 2, 40, 28, 21, 19, 20, 13, 29, 30]);
----------
D = 46;
S = array1d(1..6, [26, 22, 40, 42, 18, 33]);
objective = 227;
yCoor = array1d(1..50, [18, 1, 14, 6, 11, 1, 23, 11, 16, 30, 21, 6, 21, 1, 17, 6, 1, 16, 15, 27, 13, 6, 19, 29, 23, 34, 11, 6, 1, 18, 11, 18, 21, 25, 35, 14, 44, 18, 11, 11, 26, 2, 40, 28, 21, 19, 20, 13, 29, 30]);
----------
D = 46;
S = array1d(1..6, [26, 22, 36, 45, 18, 33]);
objective = 226;
yCoor = array1d(1..50, [18, 1, 14, 6, 11, 1, 23, 11, 16, 30, 21, 6, 21, 1, 17, 6, 1, 16, 15, 27, 13, 6, 19, 29, 23, 34, 11, 6, 1, 18, 11, 18, 21, 25, 35, 14, 40, 18, 11, 11, 26, 2, 43, 28, 21, 19, 20, 13, 29, 30]);
----------
D = 46;
S = array1d(1..6, [26, 22, 32, 45, 18, 36]);
objective = 225;
yCoor = array1d(1..50, [18, 1, 14, 6, 11, 1, 23, 11, 16, 30, 21, 6, 21, 1, 17, 6, 1, 16, 15, 27, 13, 6, 19, 29, 23, 37, 11, 6, 1, 4, 11, 18, 21, 25, 38, 14, 34, 18, 11, 11, 26, 2, 43, 28, 21, 19, 20, 13, 29, 30]);
----------
D = 46;
S = array1d(1..6, [26, 22, 31, 45, 18, 36]);
objective = 224;
yCoor = array1d(1..50, [18, 1, 14, 6, 11, 1, 23, 11, 16, 30, 21, 6, 21, 1, 17, 6, 1, 16, 15, 27, 13, 6, 19, 29, 23, 37, 11, 6, 1, 5, 11, 18, 21, 25, 38, 14, 34, 18, 11, 11, 26, 2, 43, 28, 21, 19, 20, 13, 29, 30]);
----------
D = 46;
S = array1d(1..6, [26, 22, 30, 45, 18, 36]);
objective = 223;
yCoor = array1d(1..50, [18, 1, 14, 6, 11, 1, 23, 11, 16, 30, 21, 6, 21, 1, 17, 6, 1, 16, 15, 27, 13, 6, 19, 29, 23, 37, 11, 6, 1, 18, 11, 18, 21, 25, 38, 14, 34, 18, 11, 11, 26, 2, 43, 28, 21, 19, 20, 13, 29, 30]);
----------
D = 46;
S = array1d(1..6, [26, 22, 32, 45, 18, 33]);
objective = 222;
yCoor = array1d(1..50, [18, 1, 14, 6, 11, 1, 23, 11, 16, 30, 21, 6, 21, 1, 17, 6, 1, 16, 15, 27, 13, 6, 19, 29, 23, 34, 11, 6, 1, 5, 11, 18, 21, 25, 38, 14, 35, 18, 11, 11, 26, 2, 43, 28, 21, 19, 20, 13, 29, 30]);
----------
D = 41;
S = array1d(1..6, [28, 18, 22, 33, 12, 40]);
objective = 194;
yCoor = array1d(1..50, [19, 1, 14, 6, 11, 1, 12, 2, 19, 21, 1, 6, 26, 1, 11, 6, 21, 16, 15, 34, 13, 1, 40, 30, 24, 35, 14, 6, 30, 2, 11, 20, 21, 30, 25, 14, 3, 18, 11, 11, 1, 2, 36, 20, 21, 13, 21, 14, 29, 6]);
----------
D = 39;
S = array1d(1..6, [19, 20, 34, 18, 30, 33]);
objective = 193;
yCoor = array1d(1..50, [28, 1, 11, 6, 24, 7, 20, 18, 14, 26, 30, 1, 11, 4, 32, 18, 1, 35, 15, 21, 20, 30, 33, 6, 1, 25, 21, 27, 6, 5, 23, 38, 6, 6, 11, 15, 35, 18, 11, 12, 17, 1, 16, 14, 21, 33, 15, 23, 6, 15]);
----------
D = 39;
S = array1d(1..6, [19, 20, 21, 18, 30, 33]);
objective = 180;
yCoor = array1d(1..50, [28, 1, 11, 6, 24, 7, 20, 18, 14, 26, 30, 1, 11, 4, 32, 18, 1, 35, 15, 21, 20, 30, 33, 6, 1, 25, 21, 27, 6, 18, 23, 38, 6, 6, 11, 15, 35, 18, 11, 12, 17, 1, 16, 14, 21, 33, 15, 23, 6, 15]);
----------
D = 39;
S = array1d(1..6, [19, 17, 21, 18, 30, 33]);
objective = 177;
yCoor = array1d(1..50, [28, 1, 11, 6, 24, 7, 20, 18, 17, 26, 30, 1, 11, 4, 32, 18, 1, 35, 15, 21, 20, 30, 33, 6, 1, 25, 21, 27, 6, 18, 23, 38, 6, 6, 11, 15, 35, 18, 11, 15, 17, 1, 16, 17, 21, 33, 12, 23, 6, 15]);
----------
D = 39;
S = array1d(1..6, [20, 28, 28, 25, 8, 28]);
objective = 176;
yCoor = array1d(1..50, [25, 1, 11, 6, 17, 14, 21, 15, 23, 28, 16, 6, 6, 14, 22, 6, 10, 29, 11, 27, 35, 16, 18, 1, 1, 27, 35, 20, 1, 15, 21, 20, 6, 1, 11, 25, 32, 14, 17, 11, 34, 1, 23, 29, 21, 19, 26, 20, 13, 23]);
----------
D = 38;
S = array1d(1..6, [20, 23, 32, 25, 8, 29]);
objective = 175;
yCoor = array1d(1..50, [25, 1, 11, 6, 17, 14, 21, 15, 23, 35, 16, 6, 6, 14, 22, 6, 10, 34, 11, 27, 31, 16, 18, 1, 1, 30, 30, 20, 1, 15, 21, 20, 6, 1, 11, 25, 27, 14, 17, 11, 29, 1, 23, 29, 21, 19, 26, 20, 13, 23]);
----------
D = 40;
S = array1d(1..6, [15, 29, 21, 32, 9, 28]);
objective = 174;
yCoor = array1d(1..50, [25, 1, 11, 6, 17, 14, 11, 17, 22, 24, 39, 6, 6, 14, 21, 6, 25, 12, 11, 10, 34, 17, 28, 1, 1, 11, 34, 20, 1, 15, 22, 20, 6, 1, 12, 30, 17, 14, 17, 11, 32, 1, 30, 29, 21, 19, 26, 20, 13, 30]);
----------
D = 39;
S = array1d(1..6, [15, 28, 22, 31, 10, 28]);
objective = 173;
yCoor = array1d(1..50, [25, 1, 11, 6, 17, 14, 11, 17, 21, 25, 38, 6, 6, 14, 23, 6, 25, 12, 11, 10, 33, 17, 21, 1, 1, 11, 33, 20, 1, 15, 23, 20, 6, 1, 12, 30, 17, 14, 17, 11, 32, 1, 29, 29, 21, 19, 26, 20, 13, 36]);
----------
D = 39;
S = array1d(1..6, [15, 28, 24, 23, 12, 31]);
objective = 172;
yCoor = array1d(1..50, [25, 1, 11, 6, 17, 14, 11, 17, 21, 27, 38, 6, 6, 14, 25, 6, 12, 25, 11, 30, 33, 17, 31, 1, 1, 11, 33, 20, 1, 15, 25, 20, 6, 1, 12, 10, 17, 14, 17, 11, 32, 1, 21, 29, 21, 19, 26, 20, 13, 36]);
----------
D = 39;
S = array1d(1..6, [15, 28, 26, 23, 12, 28]);
objective = 171;
yCoor = array1d(1..50, [25, 1, 11, 6, 17, 14, 11, 17, 21, 29, 38, 6, 6, 14, 25, 6, 12, 27, 11, 25, 33, 17, 27, 1, 1, 11, 33, 20, 1, 15, 25, 20, 6, 1, 12, 10, 17, 14, 17, 11, 32, 1, 21, 29, 21, 19, 26, 20, 13, 36]);
----------
D = 39;
S = array1d(1..6, [15, 28, 26, 23, 11, 28]);
objective = 170;
yCoor = array1d(1..50, [25, 1, 11, 6, 17, 14, 11, 25, 21, 26, 38, 6, 7, 14, 12, 6, 13, 28, 11, 5, 33, 18, 18, 1, 1, 25, 33, 20, 1, 15, 11, 20, 6, 1, 13, 11, 30, 14, 17, 11, 33, 1, 21, 29, 21, 19, 26, 20, 13, 36]);
----------
D = 38;
S = array1d(1..6, [15, 24, 32, 25, 7, 28]);
objective = 169;
yCoor = array1d(1..50, [25, 1, 11, 6, 17, 14, 11, 14, 21, 32, 21, 6, 6, 14, 12, 6, 26, 31, 11, 10, 11, 17, 18, 1, 1, 16, 1, 20, 13, 15, 14, 20, 6, 1, 23, 12, 36, 14, 17, 11, 5, 1, 28, 29, 21, 19, 26, 20, 13, 22]);
----------
D = 38;
S = array1d(1..6, [15, 27, 20, 28, 9, 31]);
objective = 168;
yCoor = array1d(1..50, [25, 1, 11, 6, 17, 14, 11, 16, 21, 21, 37, 6, 7, 14, 12, 6, 25, 11, 11, 30, 33, 16, 30, 1, 1, 32, 32, 20, 1, 5, 11, 20, 6, 1, 25, 5, 17, 14, 17, 11, 32, 1, 13, 29, 21, 19, 26, 20, 13, 21]);
----------
D = 38;
S = array1d(1..6, [15, 27, 19, 28, 9, 31]);
objective = 167;
yCoor = array1d(1..50, [25, 1, 11, 6, 17, 14, 11, 16, 21, 21, 37, 6, 7, 14, 12, 6, 25, 11, 11, 30, 33, 16, 30, 1, 1, 32, 32, 20, 1, 15, 11, 20, 6, 1, 25, 5, 17, 14, 17, 11, 32, 1, 13, 29, 21, 19, 26, 20, 13, 21]);
----------
D = 38;
S = array1d(1..6, [15, 22, 23, 32, 8, 28]);
objective = 166;
yCoor = array1d(1..50, [25, 1, 11, 6, 17, 14, 11, 14, 21, 26, 13, 6, 10, 14, 12, 6, 30, 25, 11, 6, 21, 14, 18, 1, 1, 24, 1, 20, 21, 15, 11, 20, 6, 1, 30, 8, 15, 14, 17, 11, 5, 1, 35, 29, 21, 19, 26, 20, 13, 6]);
----------
D = 38;
S = array1d(1..6, [15, 18, 19, 37, 10, 28]);
objective = 165;
yCoor = array1d(1..50, [25, 1, 11, 6, 17, 14, 11, 15, 29, 13, 26, 6, 6, 14, 12, 6, 30, 10, 11, 25, 22, 17, 28, 1, 1, 25, 21, 20, 1, 15, 11, 20, 6, 1, 30, 28, 17, 14, 17, 11, 27, 1, 35, 29, 21, 19, 26, 20, 13, 26]);
----------
D = 38;
S = array1d(1..6, [15, 14, 32, 29, 8, 28]);
objective = 164;
yCoor = array1d(1..50, [25, 1, 11, 6, 17, 14, 11, 14, 20, 32, 17, 6, 6, 14, 12, 6, 26, 31, 11, 10, 22, 13, 19, 1, 1, 25, 21, 20, 1, 15, 11, 31, 6, 1, 26, 12, 36, 14, 17, 11, 25, 1, 13, 29, 21, 19, 26, 20, 13, 18]);
----------
D = 39;
S = array1d(1..6, [15, 20, 23, 26, 11, 29]);
objective = 163;
yCoor = array1d(1..50, [25, 1, 11, 6, 17, 14, 8, 12, 6, 25, 6, 20, 6, 14, 9, 6, 31, 25, 11, 10, 15, 10, 18, 1, 1, 30, 1, 20, 13, 15, 8, 29, 6, 1, 31, 36, 10, 14, 17, 11, 5, 1, 36, 29, 21, 19, 26, 20, 13, 18]);
----------
D = 39;
S = array1d(1..6, [15, 26, 19, 22, 13, 28]);
objective = 162;
yCoor = array1d(1..50, [25, 1, 11, 6, 17, 14, 1, 10, 8, 15, 11, 20, 6, 14, 7, 6, 30, 15, 11, 25, 26, 10, 13, 1, 1, 29, 2, 20, 26, 15, 6, 25, 6, 1, 31, 27, 8, 14, 17, 11, 5, 1, 36, 29, 21, 19, 26, 20, 13, 20]);
----------
D = 39;
S = array1d(1..6, [15, 27, 19, 22, 11, 28]);
objective = 161;
yCoor = array1d(1..50, [25, 1, 11, 6, 17, 14, 8, 10, 6, 15, 6, 20, 6, 14, 9, 6, 30, 15, 11, 25, 26, 10, 13, 1, 1, 29, 1, 20, 26, 15, 8, 25, 6, 1, 31, 27, 10, 14, 17, 11, 5, 1, 36, 29, 21, 19, 26, 20, 13, 20]);
----------
D = 41;
S = array1d(1..6, [15, 22, 23, 24, 6, 29]);
objective = 160;
yCoor = array1d(1..50, [25, 1, 11, 6, 17, 14, 10, 12, 6, 6, 16, 20, 6, 14, 11, 6, 31, 25, 11, 10, 10, 13, 26, 1, 1, 30, 1, 20, 28, 15, 18, 25, 6, 1, 33, 36, 13, 14, 17, 11, 5, 1, 38, 29, 21, 19, 26, 20, 13, 20]);
----------
D = 38;
S = array1d(1..6, [15, 25, 19, 21, 13, 28]);
objective = 159;
yCoor = array1d(1..50, [25, 1, 11, 6, 17, 14, 1, 15, 9, 9, 16, 20, 6, 14, 7, 6, 29, 10, 11, 25, 25, 15, 18, 1, 1, 28, 2, 20, 25, 15, 6, 8, 6, 1, 30, 27, 13, 14, 17, 11, 5, 1, 35, 29, 21, 19, 26, 20, 13, 20]);
----------
D = 38;
S = array1d(1..6, [15, 26, 19, 21, 11, 28]);
objective = 158;
yCoor = array1d(1..50, [25, 1, 11, 6, 17, 14, 8, 15, 6, 11, 6, 20, 6, 14, 9, 6, 29, 10, 11, 25, 25, 15, 18, 1, 1, 28, 1, 20, 25, 15, 8, 10, 6, 1, 30, 27, 15, 14, 17, 11, 5, 1, 35, 29, 21, 19, 26, 20, 13, 20]);
----------
D = 38;
S = array1d(1..6, [15, 26, 19, 21, 10, 28]);
objective = 157;
yCoor = array1d(1..50, [25, 1, 11, 6, 17, 14, 9, 15, 6, 11, 6, 20, 6, 14, 10, 6, 29, 10, 11, 25, 25, 15, 18, 1, 1, 28, 1, 20, 25, 15, 9, 8, 6, 1, 30, 27, 15, 14, 17, 11, 5, 1, 35, 29, 21, 19, 26, 20, 13, 20]);
----------
D = 38;
S = array1d(1..6, [15, 26, 20, 21, 8, 28]);
objective = 156;
yCoor = array1d(1..50, [25, 1, 11, 6, 17, 14, 11, 15, 6, 6, 16, 20, 6, 14, 12, 6, 29, 10, 11, 25, 25, 15, 18, 1, 1, 28, 1, 20, 25, 5, 11, 10, 6, 1, 30, 27, 13, 14, 17, 11, 5, 1, 35, 29, 21, 19, 26, 20, 13, 20]);
----------
D = 38;
S = array1d(1..6, [15, 26, 19, 21, 8, 28]);
objective = 155;
yCoor = array1d(1..50, [25, 1, 11, 6, 17, 14, 11, 15, 6, 6, 13, 20, 6, 14, 12, 6, 29, 10, 11, 25, 25, 15, 18, 1, 1, 28, 1, 20, 25, 15, 11, 10, 6, 1, 30, 27, 15, 14, 17, 11, 5, 1, 35, 29, 21, 19, 26, 20, 13, 20]);
----------
D = 43;
S = array1d(1..6, [15, 16, 20, 26, 6, 28]);
objective = 154;
yCoor = array1d(1..50, [25, 1, 11, 6, 17, 14, 1, 15, 25, 6, 11, 29, 6, 14, 13, 6, 28, 10, 11, 25, 20, 15, 18, 1, 1, 23, 20, 20, 39, 5, 13, 10, 6, 1, 34, 33, 15, 14, 17, 11, 27, 1, 25, 29, 21, 19, 26, 20, 13, 24]);
----------
D = 43;
S = array1d(1..6, [15, 16, 19, 26, 6, 28]);
objective = 153;
yCoor = array1d(1..50, [25, 1, 11, 6, 17, 14, 1, 15, 25, 6, 11, 29, 6, 14, 13, 6, 28, 10, 11, 25, 20, 15, 18, 1, 1, 23, 20, 20, 39, 15, 13, 10, 6, 1, 34, 33, 15, 14, 17, 11, 27, 1, 25, 29, 21, 19, 26, 20, 13, 24]);
----------
D = 43;
S = array1d(1..6, [15, 15, 19, 26, 6, 28]);
objective = 152;
yCoor = array1d(1..50, [25, 1, 11, 6, 17, 14, 1, 15, 25, 6, 11, 30, 6, 14, 13, 6, 28, 10, 11, 26, 20, 15, 18, 1, 1, 27, 20, 20, 25, 15, 13, 10, 6, 1, 35, 33, 15, 14, 17, 11, 25, 1, 40, 29, 21, 19, 26, 20, 13, 23]);
----------
