mznc2017_probs/tc-graph-color/k5_05.dzn
a = array2d(1..10, 1..15, [3, 1, 2, 1, 4, 2, 6, 3, 4, 4, 6, 6, 5, 5, 6, 1, 1, 3, 1, 4, 3, 6, 2, 4, 4, 2, 6, 5, 5, 6, 1, 1, 3, 1, 4, 3, 6, 2, 4, 4, 2, 5, 6, 6, 2, 1, 1, 3, 1, 3, 4, 6, 2, 5, 5, 2, 4, 6, 6, 2, 3, 5, 3, 5, 1, 4, 6, 2, 5, 1, 2, 4, 6, 6, 2, 3, 5, 3, 5, 1, 4, 6, 2, 5, 1, 2, 4, 6, 6, 2, 3, 5, 3, 5, 1, 4, 6, 2, 5, 1, 2, 4, 6, 6, 2, 3, 5, 3, 5, 1, 4, 6, 2, 5, 1, 2, 4, 6, 6, 2, 3, 5, 3, 5, 1, 4, 6, 2, 5, 1, 2, 4, 6, 6, 2, 3, 5, 3, 5, 1, 4, 6, 2, 5, 1, 2, 4, 6, 6, 2]);
objective = 274;
s = 5;
----------
a = array2d(1..10, 1..15, [3, 1, 2, 1, 4, 2, 6, 3, 4, 4, 6, 6, 5, 5, 6, 3, 1, 2, 1, 5, 2, 6, 3, 5, 5, 6, 6, 4, 4, 6, 3, 1, 3, 1, 5, 6, 6, 2, 5, 5, 2, 6, 4, 4, 2, 3, 1, 3, 1, 5, 4, 6, 2, 5, 5, 2, 4, 6, 6, 2, 3, 5, 3, 5, 1, 4, 6, 2, 5, 1, 2, 4, 6, 6, 2, 3, 5, 3, 5, 1, 4, 6, 2, 5, 1, 2, 4, 6, 6, 2, 3, 5, 3, 5, 1, 4, 6, 2, 5, 1, 2, 4, 6, 6, 2, 3, 5, 3, 5, 1, 4, 6, 2, 5, 1, 2, 4, 6, 6, 2, 3, 5, 3, 5, 1, 4, 6, 2, 5, 1, 2, 4, 6, 6, 2, 3, 5, 3, 5, 1, 4, 6, 2, 5, 1, 2, 4, 6, 6, 2]);
objective = 273;
s = 5;
----------
==========
