mznc2019_probs/hrc/exp2-1-5145.dzn
coup_pos = array1d(1..30, [1, 3, 6, 8, 1, 1, 6, 5, 1, 4, 4, 3, 1, 1, 1, 3, 1, 1, 6, 7, 4, 3, 6, 1, 1, 2, 2, 1, 1, 9]);
objective = 3;
single_pos = array1d(61..100, [1, 1, 1, 1, 1, 1, 1, 1, 3, 2, 2, 1, 1, 1, 3, 1, 1, 1, 1, 3, 1, 1, 1, 1, 1, 2, 2, 4, 1, 1, 1, 1, 1, 1, 1, 1, 2, 1, 1, 1]);
----------
coup_pos = array1d(1..30, [1, 3, 6, 8, 1, 1, 7, 5, 1, 4, 3, 3, 1, 1, 2, 1, 1, 1, 6, 7, 4, 3, 8, 1, 1, 2, 2, 1, 1, 9]);
objective = 2;
single_pos = array1d(61..100, [1, 1, 1, 1, 1, 1, 1, 3, 3, 2, 2, 1, 1, 1, 3, 1, 1, 1, 1, 3, 1, 1, 1, 1, 1, 2, 2, 3, 1, 1, 1, 1, 1, 1, 1, 1, 2, 1, 1, 1]);
----------
==========
