mznc2018_probs/concert-hall-cap/concert-cap.mznc2018.02.dzn
assign = array1d(1..26, [3, 4, 5, 6, 8, 0, 0, 1, 2, 9, 0, 0, 0, 0, 0, 0, 0, 0, 0, 0, 0, 0, 0, 0, 0, 0]);
objective = 26380;
----------
assign = array1d(1..26, [3, 4, 5, 6, 8, 0, 0, 1, 2, 9, 0, 0, 0, 0, 0, 0, 0, 0, 0, 0, 0, 0, 0, 0, 0, 10]);
objective = 28452;
----------
assign = array1d(1..26, [3, 4, 5, 6, 8, 0, 0, 1, 2, 9, 0, 0, 0, 0, 0, 0, 0, 0, 0, 0, 0, 0, 0, 0, 3, 10]);
objective = 29052;
----------
assign = array1d(1..26, [3, 4, 5, 6, 8, 0, 0, 1, 2, 9, 0, 0, 0, 0, 0, 0, 0, 0, 0, 0, 0, 0, 0, 3, 4, 10]);
objective = 29652;
----------
assign = array1d(1..26, [3, 4, 5, 6, 8, 0, 0, 1, 2, 9, 0, 0, 0, 0, 0, 0, 0, 0, 0, 0, 0, 0, 3, 4, 5, 10]);
objective = 30252;
----------
assign = array1d(1..26, [3, 4, 5, 6, 8, 0, 0, 1, 2, 9, 0, 0, 0, 0, 0, 0, 0, 0, 0, 0, 0, 3, 0, 4, 5, 10]);
objective = 30562;
----------
assign = array1d(1..26, [3, 4, 5, 6, 8, 0, 0, 1, 2, 9, 0, 0, 0, 0, 0, 0, 0, 0, 0, 0, 0, 3, 4, 5, 6, 10]);
objective = 31162;
----------
assign = array1d(1..26, [3, 4, 5, 6, 8, 0, 0, 1, 2, 9, 0, 0, 0, 0, 0, 0, 0, 0, 0, 0, 3, 0, 4, 5, 6, 10]);
objective = 31308;
----------
assign = array1d(1..26, [3, 4, 5, 6, 8, 0, 0, 1, 2, 9, 0, 0, 0, 0, 0, 0, 0, 0, 0, 0, 3, 3, 0, 4, 5, 10]);
objective = 31618;
----------
assign = array1d(1..26, [3, 4, 5, 6, 8, 0, 0, 1, 2, 9, 0, 0, 0, 0, 0, 0, 0, 0, 0, 0, 3, 3, 4, 5, 6, 10]);
objective = 32218;
----------
assign = array1d(1..26, [3, 4, 5, 6, 8, 0, 0, 1, 2, 9, 0, 0, 0, 0, 0, 0, 0, 0, 0, 3, 4, 0, 5, 6, 7, 10]);
objective = 32364;
----------
assign = array1d(1..26, [3, 4, 5, 6, 8, 0, 0, 1, 2, 9, 0, 0, 0, 0, 0, 0, 0, 0, 0, 3, 4, 3, 0, 5, 6, 10]);
objective = 32674;
----------
assign = array1d(1..26, [3, 4, 5, 6, 8, 0, 0, 1, 2, 9, 0, 0, 0, 0, 0, 0, 0, 0, 0, 3, 4, 3, 5, 6, 7, 10]);
objective = 33274;
----------
assign = array1d(1..26, [3, 4, 5, 6, 8, 0, 0, 1, 2, 9, 0, 0, 0, 0, 0, 0, 0, 0, 3, 4, 5, 0, 6, 7, 8, 10]);
objective = 33420;
----------
assign = array1d(1..26, [3, 4, 5, 6, 8, 0, 0, 1, 2, 9, 0, 0, 0, 0, 0, 0, 0, 0, 3, 4, 5, 3, 0, 6, 7, 10]);
objective = 33730;
----------
assign = array1d(1..26, [3, 4, 5, 6, 8, 0, 0, 1, 2, 9, 0, 0, 0, 0, 0, 0, 0, 0, 3, 4, 5, 3, 6, 7, 8, 10]);
objective = 34330;
----------
assign = array1d(1..26, [3, 4, 5, 6, 8, 0, 0, 1, 2, 9, 0, 0, 0, 0, 0, 0, 0, 3, 4, 5, 6, 3, 0, 7, 8, 10]);
objective = 34786;
----------
assign = array1d(1..26, [3, 4, 5, 6, 8, 0, 0, 1, 2, 9, 0, 0, 0, 0, 8, 0, 0, 3, 4, 5, 6, 3, 0, 0, 7, 10]);
objective = 35242;
----------
assign = array1d(1..26, [3, 4, 5, 6, 8, 0, 0, 1, 2, 9, 0, 0, 0, 10, 0, 0, 0, 0, 0, 0, 3, 3, 0, 4, 5, 0]);
objective = 35426;
----------
assign = array1d(1..26, [3, 4, 5, 6, 8, 0, 0, 1, 2, 9, 0, 0, 0, 10, 0, 0, 0, 0, 0, 0, 3, 3, 4, 5, 6, 0]);
objective = 36026;
----------
assign = array1d(1..26, [3, 4, 5, 6, 8, 0, 0, 1, 2, 9, 0, 0, 0, 10, 0, 0, 0, 0, 0, 3, 4, 0, 5, 6, 7, 0]);
objective = 36172;
----------
assign = array1d(1..26, [3, 4, 5, 6, 8, 0, 0, 1, 2, 9, 0, 0, 0, 10, 0, 0, 0, 0, 0, 3, 4, 3, 0, 5, 6, 0]);
objective = 36482;
----------
assign = array1d(1..26, [3, 4, 5, 6, 8, 0, 0, 1, 2, 9, 0, 0, 0, 10, 0, 0, 0, 0, 0, 3, 4, 3, 5, 6, 7, 0]);
objective = 37082;
----------
assign = array1d(1..26, [3, 4, 5, 6, 8, 0, 0, 1, 2, 9, 0, 0, 0, 10, 0, 0, 0, 0, 3, 4, 5, 0, 6, 7, 8, 0]);
objective = 37228;
----------
assign = array1d(1..26, [3, 4, 5, 6, 8, 0, 0, 1, 2, 9, 0, 0, 0, 10, 0, 0, 0, 0, 3, 4, 5, 3, 0, 6, 7, 0]);
objective = 37538;
----------
assign = array1d(1..26, [3, 4, 5, 6, 8, 0, 0, 1, 2, 9, 0, 0, 0, 10, 0, 0, 0, 0, 3, 4, 5, 3, 6, 7, 8, 0]);
objective = 38138;
----------
assign = array1d(1..26, [3, 4, 5, 6, 8, 0, 0, 1, 2, 9, 0, 0, 0, 10, 0, 0, 0, 3, 4, 5, 6, 3, 0, 7, 8, 0]);
objective = 38594;
----------
assign = array1d(1..26, [3, 4, 5, 6, 8, 0, 0, 1, 2, 9, 0, 0, 0, 10, 8, 0, 0, 3, 4, 5, 6, 3, 0, 0, 7, 0]);
objective = 39050;
----------
assign = array1d(1..26, [3, 4, 5, 6, 0, 0, 0, 1, 2, 8, 0, 0, 9, 10, 0, 0, 0, 0, 0, 0, 0, 3, 4, 5, 6, 0]);
objective = 39102;
----------
assign = array1d(1..26, [3, 4, 5, 6, 0, 0, 0, 1, 2, 8, 0, 0, 9, 10, 0, 0, 0, 0, 0, 0, 3, 0, 4, 5, 6, 0]);
objective = 39248;
----------
assign = array1d(1..26, [3, 4, 5, 6, 0, 0, 0, 1, 2, 8, 0, 0, 9, 10, 0, 0, 0, 0, 0, 0, 3, 3, 0, 4, 5, 0]);
objective = 39558;
----------
assign = array1d(1..26, [3, 4, 5, 6, 0, 0, 0, 1, 2, 8, 0, 0, 9, 10, 0, 0, 0, 0, 0, 0, 3, 3, 4, 5, 6, 0]);
objective = 40158;
----------
assign = array1d(1..26, [3, 4, 5, 6, 0, 0, 0, 1, 2, 8, 0, 0, 9, 10, 0, 0, 0, 0, 0, 3, 4, 0, 5, 6, 7, 0]);
objective = 40304;
----------
assign = array1d(1..26, [3, 4, 5, 6, 0, 0, 0, 1, 2, 8, 0, 0, 9, 10, 0, 0, 0, 0, 0, 3, 4, 3, 0, 5, 6, 0]);
objective = 40614;
----------
assign = array1d(1..26, [3, 4, 5, 6, 0, 0, 0, 1, 2, 8, 0, 0, 9, 10, 0, 0, 0, 0, 0, 3, 4, 3, 5, 6, 7, 0]);
objective = 41214;
----------
assign = array1d(1..26, [3, 4, 5, 6, 0, 0, 0, 1, 2, 8, 0, 0, 9, 10, 0, 0, 0, 0, 3, 4, 5, 3, 0, 6, 7, 0]);
objective = 41670;
----------
assign = array1d(1..26, [3, 4, 5, 6, 0, 0, 0, 1, 2, 8, 0, 0, 9, 10, 0, 0, 0, 3, 4, 5, 6, 3, 0, 0, 7, 0]);
objective = 42126;
----------
assign = array1d(1..26, [3, 4, 5, 0, 0, 0, 0, 1, 2, 6, 0, 8, 9, 10, 0, 0, 0, 0, 0, 0, 0, 0, 3, 4, 5, 0]);
objective = 42324;
----------
assign = array1d(1..26, [3, 4, 5, 0, 0, 0, 0, 1, 2, 6, 0, 8, 9, 10, 0, 0, 0, 0, 0, 0, 0, 3, 0, 4, 5, 0]);
objective = 42634;
----------
assign = array1d(1..26, [3, 4, 5, 0, 0, 0, 0, 1, 2, 6, 0, 8, 9, 10, 0, 0, 0, 0, 0, 0, 0, 3, 4, 5, 7, 0]);
objective = 43234;
----------
assign = array1d(1..26, [3, 4, 5, 0, 0, 0, 0, 1, 2, 6, 0, 8, 9, 10, 0, 0, 0, 0, 0, 0, 3, 0, 4, 5, 7, 0]);
objective = 43380;
----------
assign = array1d(1..26, [3, 4, 5, 0, 0, 0, 0, 1, 2, 6, 0, 8, 9, 10, 0, 0, 0, 0, 0, 0, 3, 3, 0, 4, 5, 0]);
objective = 43690;
----------
assign = array1d(1..26, [3, 4, 5, 0, 0, 0, 0, 1, 2, 6, 0, 8, 9, 10, 0, 0, 0, 0, 0, 0, 3, 3, 4, 5, 7, 0]);
objective = 44290;
----------
assign = array1d(1..26, [3, 4, 5, 0, 0, 0, 0, 1, 2, 6, 0, 8, 9, 10, 0, 0, 0, 0, 0, 3, 4, 3, 0, 5, 7, 0]);
objective = 44746;
----------
assign = array1d(1..26, [3, 4, 5, 0, 0, 0, 0, 1, 2, 6, 0, 8, 9, 10, 0, 0, 0, 0, 3, 4, 5, 3, 0, 0, 7, 0]);
objective = 45202;
----------
assign = array1d(1..26, [3, 4, 0, 0, 0, 0, 0, 1, 2, 5, 6, 8, 9, 10, 0, 0, 0, 0, 0, 0, 0, 0, 0, 0, 3, 0]);
objective = 45256;
----------
assign = array1d(1..26, [3, 4, 0, 0, 0, 0, 0, 1, 2, 5, 6, 8, 9, 10, 0, 0, 0, 0, 0, 0, 0, 0, 0, 3, 4, 0]);
objective = 45856;
----------
assign = array1d(1..26, [3, 4, 0, 0, 0, 0, 0, 1, 2, 5, 6, 8, 9, 10, 0, 0, 0, 0, 0, 0, 0, 0, 3, 4, 7, 0]);
objective = 46456;
----------
assign = array1d(1..26, [3, 4, 0, 0, 0, 0, 0, 1, 2, 5, 6, 8, 9, 10, 0, 0, 0, 0, 0, 0, 0, 3, 0, 4, 7, 0]);
objective = 46766;
----------
assign = array1d(1..26, [3, 4, 0, 0, 0, 0, 0, 1, 2, 5, 6, 8, 9, 10, 0, 0, 0, 0, 0, 0, 3, 0, 0, 4, 7, 0]);
objective = 46912;
----------
assign = array1d(1..26, [3, 4, 0, 0, 0, 0, 0, 1, 2, 5, 6, 8, 9, 10, 0, 0, 0, 0, 0, 0, 3, 3, 0, 0, 4, 0]);
objective = 47222;
----------
assign = array1d(1..26, [3, 4, 0, 0, 0, 0, 0, 1, 2, 5, 6, 8, 9, 10, 0, 0, 0, 0, 0, 0, 3, 3, 0, 4, 7, 0]);
objective = 47822;
----------
assign = array1d(1..26, [3, 4, 0, 0, 0, 0, 0, 1, 2, 5, 6, 8, 9, 10, 0, 0, 0, 0, 0, 3, 4, 3, 0, 0, 7, 0]);
objective = 48278;
----------
==========
