mznc2018_probs/team-assignment/data2_6_12.dzn
Team = array1d(1..72, [1, 2, 3, 4, 5, 6, 7, 8, 9, 10, 11, 12, 1, 2, 3, 4, 5, 6, 7, 8, 9, 10, 11, 12, 1, 2, 3, 4, 5, 6, 7, 8, 9, 10, 11, 12, 1, 2, 3, 4, 5, 6, 7, 8, 9, 10, 11, 12, 1, 2, 3, 4, 5, 6, 7, 8, 9, 10, 11, 12, 1, 2, 3, 4, 5, 6, 7, 8, 9, 10, 11, 12]);
objective = 601;
----------
Team = array1d(1..72, [1, 2, 3, 4, 5, 6, 7, 8, 9, 10, 11, 12, 1, 2, 3, 4, 5, 6, 7, 8, 9, 10, 11, 12, 1, 2, 3, 4, 5, 6, 7, 8, 9, 10, 11, 12, 1, 2, 3, 4, 5, 6, 7, 8, 9, 10, 11, 12, 1, 2, 3, 4, 5, 6, 7, 8, 9, 10, 11, 12, 1, 2, 3, 4, 5, 6, 7, 8, 9, 10, 12, 11]);
objective = 604;
----------
Team = array1d(1..72, [1, 2, 3, 4, 5, 6, 7, 8, 9, 10, 11, 12, 1, 2, 3, 4, 5, 6, 7, 8, 9, 10, 11, 12, 1, 2, 3, 4, 5, 6, 7, 8, 9, 10, 11, 12, 1, 2, 3, 4, 5, 6, 7, 8, 9, 10, 11, 12, 1, 2, 3, 4, 5, 6, 7, 8, 9, 10, 11, 12, 1, 2, 3, 4, 5, 6, 7, 8, 9, 12, 10, 11]);
objective = 612;
----------
Team = array1d(1..72, [1, 2, 3, 4, 5, 6, 7, 8, 9, 10, 11, 12, 1, 2, 3, 4, 5, 6, 7, 8, 9, 10, 11, 12, 1, 2, 3, 4, 5, 6, 7, 8, 9, 10, 11, 12, 1, 2, 3, 4, 5, 6, 7, 8, 9, 10, 11, 12, 1, 2, 3, 4, 5, 6, 7, 8, 9, 10, 11, 12, 1, 2, 3, 4, 5, 6, 7, 8, 12, 9, 10, 11]);
objective = 614;
----------
Team = array1d(1..72, [1, 2, 3, 4, 5, 6, 7, 8, 9, 10, 11, 12, 1, 2, 3, 4, 5, 6, 7, 8, 9, 10, 11, 12, 1, 2, 3, 4, 5, 6, 7, 8, 9, 10, 11, 12, 1, 2, 3, 4, 5, 6, 7, 8, 9, 10, 11, 12, 1, 2, 3, 4, 5, 6, 7, 8, 9, 10, 11, 12, 1, 2, 3, 4, 5, 6, 7, 12, 8, 9, 10, 11]);
objective = 620;
----------
Team = array1d(1..72, [1, 2, 3, 4, 5, 6, 7, 8, 9, 10, 11, 12, 1, 2, 3, 4, 5, 6, 7, 8, 9, 10, 11, 12, 1, 2, 3, 4, 5, 6, 7, 8, 9, 10, 11, 12, 1, 2, 3, 4, 5, 6, 7, 8, 9, 10, 11, 12, 1, 2, 3, 4, 5, 6, 7, 8, 9, 10, 11, 12, 1, 2, 3, 4, 5, 6, 12, 7, 8, 9, 10, 11]);
objective = 627;
----------
Team = array1d(1..72, [1, 2, 3, 4, 5, 6, 7, 8, 9, 10, 11, 12, 1, 2, 3, 4, 5, 6, 7, 8, 9, 10, 11, 12, 1, 2, 3, 4, 5, 6, 7, 8, 9, 10, 11, 12, 1, 2, 3, 4, 5, 6, 7, 8, 9, 10, 11, 12, 1, 2, 3, 4, 5, 6, 7, 8, 9, 10, 11, 12, 1, 2, 3, 4, 5, 6, 12, 7, 8, 9, 11, 10]);
objective = 630;
----------
Team = array1d(1..72, [1, 2, 3, 4, 5, 6, 7, 8, 9, 10, 11, 12, 1, 2, 3, 4, 5, 6, 7, 8, 9, 10, 11, 12, 1, 2, 3, 4, 5, 6, 7, 8, 9, 10, 11, 12, 1, 2, 3, 4, 5, 6, 7, 8, 9, 10, 11, 12, 1, 2, 3, 4, 5, 6, 7, 8, 9, 10, 11, 12, 1, 2, 3, 4, 5, 6, 12, 7, 8, 11, 9, 10]);
objective = 636;
----------
Team = array1d(1..72, [1, 2, 3, 4, 5, 6, 7, 8, 9, 10, 11, 12, 1, 2, 3, 4, 5, 6, 7, 8, 9, 10, 11, 12, 1, 2, 3, 4, 5, 6, 7, 8, 9, 10, 11, 12, 1, 2, 3, 4, 5, 6, 7, 8, 9, 10, 11, 12, 1, 2, 3, 4, 5, 6, 7, 8, 9, 10, 11, 12, 1, 2, 3, 4, 5, 11, 6, 7, 8, 9, 10, 12]);
objective = 1601;
----------
Team = array1d(1..72, [1, 2, 3, 4, 5, 6, 7, 8, 9, 10, 11, 12, 1, 2, 3, 4, 5, 6, 7, 8, 9, 10, 11, 12, 1, 2, 3, 4, 5, 6, 7, 8, 9, 10, 11, 12, 1, 2, 3, 4, 5, 6, 7, 8, 9, 10, 11, 12, 1, 2, 3, 4, 5, 6, 7, 8, 9, 10, 11, 12, 1, 2, 3, 4, 5, 11, 6, 7, 8, 9, 12, 10]);
objective = 1604;
----------
Team = array1d(1..72, [1, 2, 3, 4, 5, 6, 7, 8, 9, 10, 11, 12, 1, 2, 3, 4, 5, 6, 7, 8, 9, 10, 11, 12, 1, 2, 3, 4, 5, 6, 7, 8, 9, 10, 11, 12, 1, 2, 3, 4, 5, 6, 7, 8, 9, 10, 11, 12, 1, 2, 3, 4, 5, 6, 7, 8, 9, 10, 11, 12, 1, 2, 3, 4, 5, 11, 6, 7, 8, 12, 9, 10]);
objective = 1612;
----------
Team = array1d(1..72, [1, 2, 3, 4, 5, 6, 7, 8, 9, 10, 11, 12, 1, 2, 3, 4, 5, 6, 7, 8, 9, 10, 11, 12, 1, 2, 3, 4, 5, 6, 7, 8, 9, 10, 11, 12, 1, 2, 3, 4, 5, 6, 7, 8, 9, 10, 11, 12, 1, 2, 3, 4, 5, 6, 7, 8, 9, 10, 11, 12, 1, 2, 3, 4, 5, 11, 6, 7, 12, 8, 9, 10]);
objective = 1614;
----------
Team = array1d(1..72, [1, 2, 3, 4, 5, 6, 7, 8, 9, 10, 11, 12, 1, 2, 3, 4, 5, 6, 7, 8, 9, 10, 11, 12, 1, 2, 3, 4, 5, 6, 7, 8, 9, 10, 11, 12, 1, 2, 3, 4, 5, 6, 7, 8, 9, 10, 11, 12, 1, 2, 3, 4, 5, 6, 7, 8, 9, 10, 11, 12, 1, 2, 3, 4, 5, 11, 6, 12, 7, 8, 9, 10]);
objective = 1620;
----------
Team = array1d(1..72, [1, 2, 3, 4, 5, 6, 7, 8, 9, 10, 11, 12, 1, 2, 3, 4, 5, 6, 7, 8, 9, 10, 11, 12, 1, 2, 3, 4, 5, 6, 7, 8, 9, 10, 11, 12, 1, 2, 3, 4, 5, 6, 7, 8, 9, 10, 11, 12, 1, 2, 3, 4, 5, 6, 7, 8, 9, 10, 11, 12, 1, 2, 3, 4, 5, 11, 12, 6, 7, 8, 9, 10]);
objective = 1636;
----------
Team = array1d(1..72, [1, 2, 3, 4, 5, 6, 7, 8, 9, 10, 11, 12, 1, 2, 3, 4, 5, 6, 7, 8, 9, 10, 11, 12, 1, 2, 3, 4, 5, 6, 7, 8, 9, 10, 11, 12, 1, 2, 3, 4, 5, 6, 7, 8, 9, 10, 11, 12, 1, 2, 3, 4, 5, 6, 7, 8, 9, 10, 11, 12, 1, 2, 3, 4, 6, 11, 5, 7, 8, 9, 10, 12]);
objective = 2601;
----------
Team = array1d(1..72, [1, 2, 3, 4, 5, 6, 7, 8, 9, 10, 11, 12, 1, 2, 3, 4, 5, 6, 7, 8, 9, 10, 11, 12, 1, 2, 3, 4, 5, 6, 7, 8, 9, 10, 11, 12, 1, 2, 3, 4, 5, 6, 7, 8, 9, 10, 11, 12, 1, 2, 3, 4, 5, 6, 7, 8, 9, 10, 11, 12, 1, 2, 3, 4, 6, 11, 5, 7, 8, 9, 12, 10]);
objective = 2604;
----------
Team = array1d(1..72, [1, 2, 3, 4, 5, 6, 7, 8, 9, 10, 11, 12, 1, 2, 3, 4, 5, 6, 7, 8, 9, 10, 11, 12, 1, 2, 3, 4, 5, 6, 7, 8, 9, 10, 11, 12, 1, 2, 3, 4, 5, 6, 7, 8, 9, 10, 11, 12, 1, 2, 3, 4, 5, 6, 7, 8, 9, 10, 11, 12, 1, 2, 3, 4, 6, 11, 5, 7, 8, 12, 9, 10]);
objective = 2612;
----------
Team = array1d(1..72, [1, 2, 3, 4, 5, 6, 7, 8, 9, 10, 11, 12, 1, 2, 3, 4, 5, 6, 7, 8, 9, 10, 11, 12, 1, 2, 3, 4, 5, 6, 7, 8, 9, 10, 11, 12, 1, 2, 3, 4, 5, 6, 7, 8, 9, 10, 11, 12, 1, 2, 3, 4, 5, 6, 7, 8, 9, 10, 11, 12, 1, 2, 3, 4, 6, 11, 5, 7, 12, 8, 9, 10]);
objective = 2614;
----------
Team = array1d(1..72, [1, 2, 3, 4, 5, 6, 7, 8, 9, 10, 11, 12, 1, 2, 3, 4, 5, 6, 7, 8, 9, 10, 11, 12, 1, 2, 3, 4, 5, 6, 7, 8, 9, 10, 11, 12, 1, 2, 3, 4, 5, 6, 7, 8, 9, 10, 11, 12, 1, 2, 3, 4, 5, 6, 7, 8, 9, 10, 11, 12, 1, 2, 3, 4, 6, 11, 5, 12, 7, 8, 9, 10]);
objective = 2620;
----------
Team = array1d(1..72, [1, 2, 3, 4, 5, 6, 7, 8, 9, 10, 11, 12, 1, 2, 3, 4, 5, 6, 7, 8, 9, 10, 11, 12, 1, 2, 3, 4, 5, 6, 7, 8, 9, 10, 11, 12, 1, 2, 3, 4, 5, 6, 7, 8, 9, 10, 11, 12, 1, 2, 3, 4, 5, 6, 7, 8, 9, 10, 11, 12, 1, 2, 3, 4, 12, 11, 5, 6, 7, 8, 9, 10]);
objective = 2643;
----------
Team = array1d(1..72, [1, 2, 3, 4, 5, 6, 7, 8, 9, 10, 11, 12, 1, 2, 3, 4, 5, 6, 7, 8, 9, 10, 11, 12, 1, 2, 3, 4, 5, 6, 7, 8, 9, 10, 11, 12, 1, 2, 3, 4, 5, 6, 7, 8, 9, 10, 11, 12, 1, 2, 3, 4, 5, 6, 7, 8, 9, 10, 11, 12, 1, 2, 3, 12, 4, 11, 5, 6, 7, 8, 9, 10]);
objective = 2655;
----------
Team = array1d(1..72, [1, 2, 3, 4, 5, 6, 7, 8, 9, 10, 11, 12, 1, 2, 3, 4, 5, 6, 7, 8, 9, 10, 11, 12, 1, 2, 3, 4, 5, 6, 7, 8, 9, 10, 11, 12, 1, 2, 3, 4, 5, 6, 7, 8, 9, 10, 11, 12, 1, 2, 3, 4, 5, 6, 7, 8, 9, 10, 11, 12, 1, 2, 6, 3, 4, 11, 5, 7, 8, 9, 10, 12]);
objective = 3601;
----------
Team = array1d(1..72, [1, 2, 3, 4, 5, 6, 7, 8, 9, 10, 11, 12, 1, 2, 3, 4, 5, 6, 7, 8, 9, 10, 11, 12, 1, 2, 3, 4, 5, 6, 7, 8, 9, 10, 11, 12, 1, 2, 3, 4, 5, 6, 7, 8, 9, 10, 11, 12, 1, 2, 3, 4, 5, 6, 7, 8, 9, 10, 11, 12, 1, 2, 6, 3, 4, 11, 5, 7, 8, 9, 12, 10]);
objective = 3604;
----------
Team = array1d(1..72, [1, 2, 3, 4, 5, 6, 7, 8, 9, 10, 11, 12, 1, 2, 3, 4, 5, 6, 7, 8, 9, 10, 11, 12, 1, 2, 3, 4, 5, 6, 7, 8, 9, 10, 11, 12, 1, 2, 3, 4, 5, 6, 7, 8, 9, 10, 11, 12, 1, 2, 3, 4, 5, 6, 7, 8, 9, 10, 11, 12, 1, 2, 6, 3, 4, 11, 5, 7, 8, 12, 9, 10]);
objective = 3612;
----------
Team = array1d(1..72, [1, 2, 3, 4, 5, 6, 7, 8, 9, 10, 11, 12, 1, 2, 3, 4, 5, 6, 7, 8, 9, 10, 11, 12, 1, 2, 3, 4, 5, 6, 7, 8, 9, 10, 11, 12, 1, 2, 3, 4, 5, 6, 7, 8, 9, 10, 11, 12, 1, 2, 3, 4, 5, 6, 7, 8, 9, 10, 11, 12, 1, 2, 6, 3, 4, 11, 5, 7, 12, 8, 9, 10]);
objective = 3614;
----------
Team = array1d(1..72, [1, 2, 3, 4, 5, 6, 7, 8, 9, 10, 11, 12, 1, 2, 3, 4, 5, 6, 7, 8, 9, 10, 11, 12, 1, 2, 3, 4, 5, 6, 7, 8, 9, 10, 11, 12, 1, 2, 3, 4, 5, 6, 7, 8, 9, 10, 11, 12, 1, 2, 3, 4, 5, 6, 7, 8, 9, 10, 11, 12, 1, 2, 6, 3, 4, 11, 5, 12, 7, 8, 9, 10]);
objective = 3620;
----------
Team = array1d(1..72, [1, 2, 3, 4, 5, 6, 7, 8, 9, 10, 11, 12, 1, 2, 3, 4, 5, 6, 7, 8, 9, 10, 11, 12, 1, 2, 3, 4, 5, 6, 7, 8, 9, 10, 11, 12, 1, 2, 3, 4, 5, 6, 7, 8, 9, 10, 11, 12, 1, 2, 3, 4, 5, 6, 7, 8, 9, 10, 11, 12, 1, 2, 6, 3, 12, 11, 5, 4, 7, 8, 9, 10]);
objective = 3643;
----------
Team = array1d(1..72, [1, 2, 3, 4, 5, 6, 7, 8, 9, 10, 11, 12, 1, 2, 3, 4, 5, 6, 7, 8, 9, 10, 11, 12, 1, 2, 3, 4, 5, 6, 7, 8, 9, 10, 11, 12, 1, 2, 3, 4, 5, 6, 7, 8, 9, 10, 11, 12, 1, 2, 3, 4, 5, 6, 7, 8, 9, 10, 11, 12, 1, 2, 6, 12, 3, 11, 5, 4, 7, 8, 9, 10]);
objective = 3655;
----------
Team = array1d(1..72, [1, 2, 3, 4, 5, 6, 7, 8, 9, 10, 11, 12, 1, 2, 3, 4, 5, 6, 7, 8, 9, 10, 11, 12, 1, 2, 3, 4, 5, 6, 7, 8, 9, 10, 11, 12, 1, 2, 3, 4, 5, 6, 7, 8, 9, 10, 11, 12, 1, 2, 3, 4, 5, 6, 7, 8, 9, 10, 11, 12, 1, 12, 6, 2, 3, 11, 5, 4, 7, 8, 10, 9]);
objective = 3658;
----------
Team = array1d(1..72, [1, 2, 3, 4, 5, 6, 7, 8, 9, 10, 11, 12, 1, 2, 3, 4, 5, 6, 7, 8, 9, 10, 11, 12, 1, 2, 3, 4, 5, 6, 7, 8, 9, 10, 11, 12, 1, 2, 3, 4, 5, 6, 7, 8, 9, 10, 11, 12, 1, 2, 3, 4, 5, 6, 7, 8, 9, 10, 11, 12, 1, 12, 6, 2, 3, 11, 5, 4, 7, 10, 8, 9]);
objective = 3664;
----------
Team = array1d(1..72, [1, 2, 3, 4, 5, 6, 7, 8, 9, 10, 11, 12, 1, 2, 3, 4, 5, 6, 7, 8, 9, 10, 11, 12, 1, 2, 3, 4, 5, 6, 7, 8, 9, 10, 11, 12, 1, 2, 3, 4, 5, 6, 7, 8, 9, 10, 11, 12, 1, 2, 3, 4, 5, 6, 7, 8, 9, 10, 11, 12, 3, 2, 6, 4, 12, 11, 5, 1, 7, 8, 9, 10]);
objective = 3681;
----------
Team = array1d(1..72, [1, 2, 3, 4, 5, 6, 7, 8, 9, 10, 11, 12, 1, 2, 3, 4, 5, 6, 7, 8, 9, 10, 11, 12, 1, 2, 3, 4, 5, 6, 7, 8, 9, 10, 11, 12, 1, 2, 3, 4, 5, 6, 7, 8, 9, 10, 11, 12, 1, 2, 3, 4, 5, 6, 7, 8, 9, 10, 11, 12, 3, 2, 6, 12, 4, 11, 5, 1, 7, 8, 9, 10]);
objective = 3693;
----------
Team = array1d(1..72, [1, 2, 3, 4, 5, 6, 7, 8, 9, 10, 11, 12, 1, 2, 3, 4, 5, 6, 7, 8, 9, 10, 11, 12, 1, 2, 3, 4, 5, 6, 7, 8, 9, 10, 11, 12, 1, 2, 3, 4, 5, 6, 7, 8, 9, 10, 11, 12, 1, 2, 3, 4, 5, 6, 7, 8, 9, 10, 11, 12, 3, 4, 6, 12, 2, 11, 5, 1, 7, 8, 9, 10]);
objective = 3701;
----------
Team = array1d(1..72, [1, 2, 3, 4, 5, 6, 7, 8, 9, 10, 11, 12, 1, 2, 3, 4, 5, 6, 7, 8, 9, 10, 11, 12, 1, 2, 3, 4, 5, 6, 7, 8, 9, 10, 11, 12, 1, 2, 3, 4, 5, 6, 7, 8, 9, 10, 11, 12, 1, 2, 3, 4, 5, 6, 7, 8, 9, 10, 11, 12, 3, 12, 6, 2, 4, 11, 5, 1, 7, 8, 10, 9]);
objective = 3704;
----------
Team = array1d(1..72, [1, 2, 3, 4, 5, 6, 7, 8, 9, 10, 11, 12, 1, 2, 3, 4, 5, 6, 7, 8, 9, 10, 11, 12, 1, 2, 3, 4, 5, 6, 7, 8, 9, 10, 11, 12, 1, 2, 3, 4, 5, 6, 7, 8, 9, 10, 11, 12, 1, 2, 3, 4, 5, 6, 7, 8, 9, 10, 11, 12, 3, 12, 6, 2, 4, 11, 5, 1, 7, 10, 8, 9]);
objective = 3710;
----------
Team = array1d(1..72, [1, 2, 3, 4, 5, 6, 7, 8, 9, 10, 11, 12, 1, 2, 3, 4, 5, 6, 7, 8, 9, 10, 11, 12, 1, 2, 3, 4, 5, 6, 7, 8, 9, 10, 11, 12, 1, 2, 3, 4, 5, 6, 7, 8, 9, 10, 11, 12, 1, 2, 3, 4, 5, 6, 7, 8, 9, 10, 11, 12, 4, 7, 6, 12, 2, 11, 5, 3, 8, 1, 9, 10]);
objective = 3712;
----------
Team = array1d(1..72, [1, 2, 3, 4, 5, 6, 7, 8, 9, 10, 11, 12, 1, 2, 3, 4, 5, 6, 7, 8, 9, 10, 11, 12, 1, 2, 3, 4, 5, 6, 7, 8, 9, 10, 11, 12, 1, 2, 3, 4, 5, 6, 7, 8, 9, 10, 11, 12, 1, 2, 3, 4, 5, 6, 7, 8, 9, 10, 11, 12, 4, 7, 6, 12, 2, 11, 5, 3, 8, 9, 1, 10]);
objective = 3715;
----------
Team = array1d(1..72, [1, 2, 3, 4, 5, 6, 7, 8, 9, 10, 11, 12, 1, 2, 3, 4, 5, 6, 7, 8, 9, 10, 11, 12, 1, 2, 3, 4, 5, 6, 7, 8, 9, 10, 11, 12, 1, 2, 3, 4, 5, 6, 7, 8, 9, 10, 11, 12, 1, 2, 3, 4, 5, 6, 7, 8, 9, 10, 11, 12, 4, 12, 6, 3, 2, 11, 5, 7, 1, 10, 8, 9]);
objective = 3719;
----------
Team = array1d(1..72, [1, 2, 3, 4, 5, 6, 7, 8, 9, 10, 11, 12, 1, 2, 3, 4, 5, 6, 7, 8, 9, 10, 11, 12, 1, 2, 3, 4, 5, 6, 7, 8, 9, 10, 11, 12, 1, 2, 3, 4, 5, 6, 7, 8, 9, 10, 11, 12, 1, 2, 3, 4, 5, 6, 7, 8, 9, 10, 11, 12, 4, 12, 6, 3, 2, 11, 5, 7, 8, 10, 1, 9]);
objective = 3724;
----------
Team = array1d(1..72, [1, 2, 3, 4, 5, 6, 7, 8, 9, 10, 11, 12, 1, 2, 3, 4, 5, 6, 7, 8, 9, 10, 11, 12, 1, 2, 3, 4, 5, 6, 7, 8, 9, 10, 11, 12, 1, 2, 3, 4, 5, 6, 7, 8, 9, 10, 11, 12, 1, 2, 3, 4, 5, 6, 7, 8, 9, 11, 10, 12, 4, 12, 6, 3, 2, 11, 5, 7, 8, 10, 1, 9]);
objective = 3725;
----------
Team = array1d(1..72, [1, 2, 3, 4, 5, 6, 7, 8, 9, 10, 11, 12, 1, 2, 3, 4, 5, 6, 7, 8, 9, 10, 11, 12, 1, 2, 3, 4, 5, 6, 7, 8, 9, 10, 11, 12, 1, 2, 3, 4, 5, 6, 7, 8, 9, 10, 11, 12, 1, 2, 3, 4, 5, 6, 7, 8, 9, 11, 12, 10, 1, 2, 6, 3, 4, 11, 5, 7, 8, 9, 10, 12]);
objective = 4602;
----------
Team = array1d(1..72, [1, 2, 3, 4, 5, 6, 7, 8, 9, 10, 11, 12, 1, 2, 3, 4, 5, 6, 7, 8, 9, 10, 11, 12, 1, 2, 3, 4, 5, 6, 7, 8, 9, 10, 11, 12, 1, 2, 3, 4, 5, 6, 7, 8, 9, 10, 11, 12, 1, 2, 3, 4, 5, 6, 7, 8, 9, 11, 12, 10, 1, 2, 6, 3, 4, 11, 5, 7, 8, 9, 12, 10]);
objective = 4605;
----------
Team = array1d(1..72, [1, 2, 3, 4, 5, 6, 7, 8, 9, 10, 11, 12, 1, 2, 3, 4, 5, 6, 7, 8, 9, 10, 11, 12, 1, 2, 3, 4, 5, 6, 7, 8, 9, 10, 11, 12, 1, 2, 3, 4, 5, 6, 7, 8, 9, 10, 11, 12, 1, 2, 3, 4, 5, 6, 7, 8, 9, 11, 12, 10, 1, 2, 6, 3, 4, 11, 5, 7, 8, 12, 9, 10]);
objective = 4613;
----------
Team = array1d(1..72, [1, 2, 3, 4, 5, 6, 7, 8, 9, 10, 11, 12, 1, 2, 3, 4, 5, 6, 7, 8, 9, 10, 11, 12, 1, 2, 3, 4, 5, 6, 7, 8, 9, 10, 11, 12, 1, 2, 3, 4, 5, 6, 7, 8, 9, 10, 11, 12, 1, 2, 3, 4, 5, 6, 7, 8, 9, 11, 12, 10, 1, 2, 6, 3, 4, 11, 5, 7, 12, 8, 9, 10]);
objective = 4615;
----------
Team = array1d(1..72, [1, 2, 3, 4, 5, 6, 7, 8, 9, 10, 11, 12, 1, 2, 3, 4, 5, 6, 7, 8, 9, 10, 11, 12, 1, 2, 3, 4, 5, 6, 7, 8, 9, 10, 11, 12, 1, 2, 3, 4, 5, 6, 7, 8, 9, 10, 11, 12, 1, 2, 3, 4, 5, 6, 7, 8, 9, 11, 12, 10, 1, 2, 6, 3, 4, 11, 5, 12, 7, 8, 9, 10]);
objective = 4621;
----------
Team = array1d(1..72, [1, 2, 3, 4, 5, 6, 7, 8, 9, 10, 11, 12, 1, 2, 3, 4, 5, 6, 7, 8, 9, 10, 11, 12, 1, 2, 3, 4, 5, 6, 7, 8, 9, 10, 11, 12, 1, 2, 3, 4, 5, 6, 7, 8, 9, 10, 11, 12, 1, 2, 3, 4, 5, 6, 7, 8, 9, 11, 12, 10, 1, 2, 6, 3, 12, 11, 5, 4, 7, 8, 9, 10]);
objective = 4644;
----------
Team = array1d(1..72, [1, 2, 3, 4, 5, 6, 7, 8, 9, 10, 11, 12, 1, 2, 3, 4, 5, 6, 7, 8, 9, 10, 11, 12, 1, 2, 3, 4, 5, 6, 7, 8, 9, 10, 11, 12, 1, 2, 3, 4, 5, 6, 7, 8, 9, 10, 11, 12, 1, 2, 3, 4, 5, 6, 7, 8, 9, 11, 12, 10, 1, 2, 6, 12, 3, 11, 5, 4, 7, 8, 9, 10]);
objective = 4653;
----------
Team = array1d(1..72, [1, 2, 3, 4, 5, 6, 7, 8, 9, 10, 11, 12, 1, 2, 3, 4, 5, 6, 7, 8, 9, 10, 11, 12, 1, 2, 3, 4, 5, 6, 7, 8, 9, 10, 11, 12, 1, 2, 3, 4, 5, 6, 7, 8, 9, 10, 11, 12, 1, 2, 3, 4, 5, 6, 7, 8, 9, 11, 12, 10, 1, 2, 6, 12, 3, 11, 5, 4, 7, 8, 10, 9]);
objective = 4656;
----------
Team = array1d(1..72, [1, 2, 3, 4, 5, 6, 7, 8, 9, 10, 11, 12, 1, 2, 3, 4, 5, 6, 7, 8, 9, 10, 11, 12, 1, 2, 3, 4, 5, 6, 7, 8, 9, 10, 11, 12, 1, 2, 3, 4, 5, 6, 7, 8, 9, 10, 11, 12, 1, 2, 3, 4, 5, 6, 7, 8, 9, 11, 12, 10, 1, 12, 6, 2, 3, 11, 5, 4, 7, 10, 8, 9]);
objective = 4664;
----------
Team = array1d(1..72, [1, 2, 3, 4, 5, 6, 7, 8, 9, 10, 11, 12, 1, 2, 3, 4, 5, 6, 7, 8, 9, 10, 11, 12, 1, 2, 3, 4, 5, 6, 7, 8, 9, 10, 11, 12, 1, 2, 3, 4, 5, 6, 7, 8, 9, 10, 11, 12, 1, 2, 3, 4, 5, 6, 7, 8, 9, 11, 12, 10, 1, 12, 6, 2, 3, 11, 5, 4, 10, 7, 8, 9]);
objective = 4665;
----------
Team = array1d(1..72, [1, 2, 3, 4, 5, 6, 7, 8, 9, 10, 11, 12, 1, 2, 3, 4, 5, 6, 7, 8, 9, 10, 11, 12, 1, 2, 3, 4, 5, 6, 7, 8, 9, 10, 11, 12, 1, 2, 3, 4, 5, 6, 7, 8, 9, 10, 11, 12, 1, 2, 3, 4, 5, 6, 7, 8, 9, 11, 12, 10, 3, 2, 6, 4, 12, 11, 5, 1, 7, 8, 9, 10]);
objective = 4682;
----------
Team = array1d(1..72, [1, 2, 3, 4, 5, 6, 7, 8, 9, 10, 11, 12, 1, 2, 3, 4, 5, 6, 7, 8, 9, 10, 11, 12, 1, 2, 3, 4, 5, 6, 7, 8, 9, 10, 11, 12, 1, 2, 3, 4, 5, 6, 7, 8, 9, 10, 11, 12, 1, 2, 3, 4, 5, 6, 7, 8, 9, 11, 12, 10, 3, 2, 6, 12, 4, 11, 5, 1, 7, 8, 9, 10]);
objective = 4691;
----------
Team = array1d(1..72, [1, 2, 3, 4, 5, 6, 7, 8, 9, 10, 11, 12, 1, 2, 3, 4, 5, 6, 7, 8, 9, 10, 11, 12, 1, 2, 3, 4, 5, 6, 7, 8, 9, 10, 11, 12, 1, 2, 3, 4, 5, 6, 7, 8, 9, 10, 11, 12, 1, 2, 3, 4, 5, 6, 7, 8, 9, 11, 12, 10, 3, 2, 6, 12, 4, 11, 5, 1, 7, 8, 10, 9]);
objective = 4694;
----------
Team = array1d(1..72, [1, 2, 3, 4, 5, 6, 7, 8, 9, 10, 11, 12, 1, 2, 3, 4, 5, 6, 7, 8, 9, 10, 11, 12, 1, 2, 3, 4, 5, 6, 7, 8, 9, 10, 11, 12, 1, 2, 3, 4, 5, 6, 7, 8, 9, 10, 11, 12, 1, 2, 3, 4, 5, 6, 7, 8, 9, 11, 12, 10, 3, 4, 6, 12, 2, 11, 5, 1, 7, 8, 9, 10]);
objective = 4699;
----------
Team = array1d(1..72, [1, 2, 3, 4, 5, 6, 7, 8, 9, 10, 11, 12, 1, 2, 3, 4, 5, 6, 7, 8, 9, 10, 11, 12, 1, 2, 3, 4, 5, 6, 7, 8, 9, 10, 11, 12, 1, 2, 3, 4, 5, 6, 7, 8, 9, 10, 11, 12, 1, 2, 3, 4, 5, 6, 7, 8, 9, 11, 12, 10, 3, 4, 6, 12, 2, 11, 5, 1, 7, 8, 10, 9]);
objective = 4702;
----------
Team = array1d(1..72, [1, 2, 3, 4, 5, 6, 7, 8, 9, 10, 11, 12, 1, 2, 3, 4, 5, 6, 7, 8, 9, 10, 11, 12, 1, 2, 3, 4, 5, 6, 7, 8, 9, 10, 11, 12, 1, 2, 3, 4, 5, 6, 7, 8, 9, 10, 11, 12, 1, 2, 3, 4, 5, 6, 7, 8, 9, 11, 12, 10, 3, 12, 6, 2, 4, 11, 5, 1, 7, 10, 8, 9]);
objective = 4710;
----------
Team = array1d(1..72, [1, 2, 3, 4, 5, 6, 7, 8, 9, 10, 11, 12, 1, 2, 3, 4, 5, 6, 7, 8, 9, 10, 11, 12, 1, 2, 3, 4, 5, 6, 7, 8, 9, 10, 11, 12, 1, 2, 3, 4, 5, 6, 7, 8, 9, 10, 11, 12, 1, 2, 3, 4, 5, 6, 7, 8, 9, 11, 12, 10, 3, 12, 6, 2, 4, 11, 5, 1, 10, 7, 8, 9]);
objective = 4711;
----------
Team = array1d(1..72, [1, 2, 3, 4, 5, 6, 7, 8, 9, 10, 11, 12, 1, 2, 3, 4, 5, 6, 7, 8, 9, 10, 11, 12, 1, 2, 3, 4, 5, 6, 7, 8, 9, 10, 11, 12, 1, 2, 3, 4, 5, 6, 7, 8, 9, 10, 11, 12, 1, 2, 3, 4, 5, 6, 7, 8, 9, 11, 12, 10, 4, 7, 6, 12, 2, 11, 5, 3, 8, 1, 10, 9]);
objective = 4713;
----------
Team = array1d(1..72, [1, 2, 3, 4, 5, 6, 7, 8, 9, 10, 11, 12, 1, 2, 3, 4, 5, 6, 7, 8, 9, 10, 11, 12, 1, 2, 3, 4, 5, 6, 7, 8, 9, 10, 11, 12, 1, 2, 3, 4, 5, 6, 7, 8, 9, 10, 11, 12, 1, 2, 3, 4, 5, 6, 7, 8, 9, 11, 12, 10, 4, 7, 6, 12, 2, 11, 5, 3, 8, 9, 10, 1]);
objective = 4716;
----------
Team = array1d(1..72, [1, 2, 3, 4, 5, 6, 7, 8, 9, 10, 11, 12, 1, 2, 3, 4, 5, 6, 7, 8, 9, 10, 11, 12, 1, 2, 3, 4, 5, 6, 7, 8, 9, 10, 11, 12, 1, 2, 3, 4, 5, 6, 7, 8, 9, 10, 11, 12, 1, 2, 3, 4, 5, 6, 7, 8, 9, 11, 12, 10, 4, 12, 6, 3, 2, 11, 5, 7, 1, 10, 8, 9]);
objective = 4719;
----------
Team = array1d(1..72, [1, 2, 3, 4, 5, 6, 7, 8, 9, 10, 11, 12, 1, 2, 3, 4, 5, 6, 7, 8, 9, 10, 11, 12, 1, 2, 3, 4, 5, 6, 7, 8, 9, 10, 11, 12, 1, 2, 3, 4, 5, 6, 7, 8, 9, 10, 11, 12, 1, 2, 3, 4, 5, 6, 7, 8, 9, 11, 12, 10, 4, 12, 6, 3, 2, 11, 5, 7, 8, 10, 1, 9]);
objective = 4724;
----------
Team = array1d(1..72, [1, 2, 3, 4, 5, 6, 7, 8, 9, 10, 11, 12, 1, 2, 3, 4, 5, 6, 7, 8, 9, 10, 11, 12, 1, 2, 3, 4, 5, 6, 7, 8, 9, 10, 11, 12, 1, 2, 3, 4, 5, 6, 7, 8, 9, 10, 11, 12, 1, 2, 3, 4, 5, 6, 7, 8, 9, 11, 12, 10, 4, 12, 6, 3, 2, 11, 5, 7, 10, 8, 1, 9]);
objective = 4725;
----------
Team = array1d(1..72, [1, 2, 3, 4, 5, 6, 7, 8, 9, 10, 11, 12, 1, 2, 3, 4, 5, 6, 7, 8, 9, 10, 11, 12, 1, 2, 3, 4, 5, 6, 7, 8, 9, 10, 11, 12, 1, 2, 3, 4, 5, 6, 7, 8, 9, 10, 11, 12, 1, 2, 3, 4, 5, 6, 7, 8, 12, 9, 11, 10, 1, 2, 6, 3, 4, 11, 5, 7, 8, 9, 10, 12]);
objective = 5603;
----------
Team = array1d(1..72, [1, 2, 3, 4, 5, 6, 7, 8, 9, 10, 11, 12, 1, 2, 3, 4, 5, 6, 7, 8, 9, 10, 11, 12, 1, 2, 3, 4, 5, 6, 7, 8, 9, 10, 11, 12, 1, 2, 3, 4, 5, 6, 7, 8, 9, 10, 11, 12, 1, 2, 3, 4, 5, 6, 7, 8, 12, 9, 11, 10, 1, 2, 6, 3, 4, 11, 5, 7, 8, 9, 12, 10]);
objective = 5606;
----------
Team = array1d(1..72, [1, 2, 3, 4, 5, 6, 7, 8, 9, 10, 11, 12, 1, 2, 3, 4, 5, 6, 7, 8, 9, 10, 11, 12, 1, 2, 3, 4, 5, 6, 7, 8, 9, 10, 11, 12, 1, 2, 3, 4, 5, 6, 7, 8, 9, 10, 11, 12, 1, 2, 3, 4, 5, 6, 7, 8, 12, 9, 11, 10, 1, 2, 6, 3, 4, 11, 5, 7, 8, 12, 9, 10]);
objective = 5614;
----------
Team = array1d(1..72, [1, 2, 3, 4, 5, 6, 7, 8, 9, 10, 11, 12, 1, 2, 3, 4, 5, 6, 7, 8, 9, 10, 11, 12, 1, 2, 3, 4, 5, 6, 7, 8, 9, 10, 11, 12, 1, 2, 3, 4, 5, 6, 7, 8, 9, 10, 11, 12, 1, 2, 3, 4, 5, 6, 7, 8, 12, 9, 11, 10, 1, 2, 6, 3, 4, 11, 5, 7, 12, 8, 9, 10]);
objective = 5616;
----------
Team = array1d(1..72, [1, 2, 3, 4, 5, 6, 7, 8, 9, 10, 11, 12, 1, 2, 3, 4, 5, 6, 7, 8, 9, 10, 11, 12, 1, 2, 3, 4, 5, 6, 7, 8, 9, 10, 11, 12, 1, 2, 3, 4, 5, 6, 7, 8, 9, 10, 11, 12, 1, 2, 3, 4, 5, 6, 7, 8, 12, 9, 11, 10, 1, 2, 6, 3, 4, 11, 5, 12, 7, 8, 9, 10]);
objective = 5622;
----------
Team = array1d(1..72, [1, 2, 3, 4, 5, 6, 7, 8, 9, 10, 11, 12, 1, 2, 3, 4, 5, 6, 7, 8, 9, 10, 11, 12, 1, 2, 3, 4, 5, 6, 7, 8, 9, 10, 11, 12, 1, 2, 3, 4, 5, 6, 7, 8, 9, 10, 11, 12, 1, 2, 3, 4, 5, 6, 7, 8, 12, 9, 11, 10, 1, 2, 6, 3, 12, 11, 5, 4, 7, 8, 9, 10]);
objective = 5645;
----------
Team = array1d(1..72, [1, 2, 3, 4, 5, 6, 7, 8, 9, 10, 11, 12, 1, 2, 3, 4, 5, 6, 7, 8, 9, 10, 11, 12, 1, 2, 3, 4, 5, 6, 7, 8, 9, 10, 11, 12, 1, 2, 3, 4, 5, 6, 7, 8, 9, 10, 11, 12, 1, 2, 3, 4, 5, 6, 7, 8, 12, 9, 11, 10, 1, 2, 6, 12, 3, 11, 5, 4, 7, 8, 9, 10]);
objective = 5653;
----------
Team = array1d(1..72, [1, 2, 3, 4, 5, 6, 7, 8, 9, 10, 11, 12, 1, 2, 3, 4, 5, 6, 7, 8, 9, 10, 11, 12, 1, 2, 3, 4, 5, 6, 7, 8, 9, 10, 11, 12, 1, 2, 3, 4, 5, 6, 7, 8, 9, 10, 11, 12, 1, 2, 3, 4, 5, 6, 7, 8, 12, 9, 11, 10, 1, 2, 6, 12, 3, 11, 5, 4, 7, 8, 10, 9]);
objective = 5656;
----------
Team = array1d(1..72, [1, 2, 3, 4, 5, 6, 7, 8, 9, 10, 11, 12, 1, 2, 3, 4, 5, 6, 7, 8, 9, 10, 11, 12, 1, 2, 3, 4, 5, 6, 7, 8, 9, 10, 11, 12, 1, 2, 3, 4, 5, 6, 7, 8, 9, 10, 11, 12, 1, 2, 3, 4, 5, 6, 7, 8, 12, 9, 11, 10, 1, 2, 6, 12, 3, 11, 5, 4, 7, 10, 8, 9]);
objective = 5657;
----------
Team = array1d(1..72, [1, 2, 3, 4, 5, 6, 7, 8, 9, 10, 11, 12, 1, 2, 3, 4, 5, 6, 7, 8, 9, 10, 11, 12, 1, 2, 3, 4, 5, 6, 7, 8, 9, 10, 11, 12, 1, 2, 3, 4, 5, 6, 7, 8, 9, 10, 11, 12, 1, 2, 3, 4, 5, 6, 7, 8, 12, 9, 11, 10, 1, 12, 6, 2, 3, 11, 5, 4, 7, 10, 8, 9]);
objective = 5664;
----------
Team = array1d(1..72, [1, 2, 3, 4, 5, 6, 7, 8, 9, 10, 11, 12, 1, 2, 3, 4, 5, 6, 7, 8, 9, 10, 11, 12, 1, 2, 3, 4, 5, 6, 7, 8, 9, 10, 11, 12, 1, 2, 3, 4, 5, 6, 7, 8, 9, 10, 11, 12, 1, 2, 3, 4, 5, 6, 7, 8, 12, 9, 11, 10, 3, 2, 6, 4, 12, 11, 5, 1, 7, 8, 9, 10]);
objective = 5683;
----------
Team = array1d(1..72, [1, 2, 3, 4, 5, 6, 7, 8, 9, 10, 11, 12, 1, 2, 3, 4, 5, 6, 7, 8, 9, 10, 11, 12, 1, 2, 3, 4, 5, 6, 7, 8, 9, 10, 11, 12, 1, 2, 3, 4, 5, 6, 7, 8, 9, 10, 11, 12, 1, 2, 3, 4, 5, 6, 7, 8, 12, 9, 11, 10, 3, 2, 6, 12, 4, 11, 5, 1, 7, 8, 9, 10]);
objective = 5691;
----------
Team = array1d(1..72, [1, 2, 3, 4, 5, 6, 7, 8, 9, 10, 11, 12, 1, 2, 3, 4, 5, 6, 7, 8, 9, 10, 11, 12, 1, 2, 3, 4, 5, 6, 7, 8, 9, 10, 11, 12, 1, 2, 3, 4, 5, 6, 7, 8, 9, 10, 11, 12, 1, 2, 3, 4, 5, 6, 7, 8, 12, 9, 11, 10, 3, 2, 6, 12, 4, 11, 5, 1, 7, 8, 10, 9]);
objective = 5694;
----------
Team = array1d(1..72, [1, 2, 3, 4, 5, 6, 7, 8, 9, 10, 11, 12, 1, 2, 3, 4, 5, 6, 7, 8, 9, 10, 11, 12, 1, 2, 3, 4, 5, 6, 7, 8, 9, 10, 11, 12, 1, 2, 3, 4, 5, 6, 7, 8, 9, 10, 11, 12, 1, 2, 3, 4, 5, 6, 7, 8, 12, 9, 11, 10, 3, 2, 6, 12, 4, 11, 5, 1, 7, 10, 8, 9]);
objective = 5695;
----------
Team = array1d(1..72, [1, 2, 3, 4, 5, 6, 7, 8, 9, 10, 11, 12, 1, 2, 3, 4, 5, 6, 7, 8, 9, 10, 11, 12, 1, 2, 3, 4, 5, 6, 7, 8, 9, 10, 11, 12, 1, 2, 3, 4, 5, 6, 7, 8, 9, 10, 11, 12, 1, 2, 3, 4, 5, 6, 7, 8, 12, 9, 11, 10, 3, 4, 6, 12, 2, 11, 5, 1, 7, 8, 9, 10]);
objective = 5699;
----------
Team = array1d(1..72, [1, 2, 3, 4, 5, 6, 7, 8, 9, 10, 11, 12, 1, 2, 3, 4, 5, 6, 7, 8, 9, 10, 11, 12, 1, 2, 3, 4, 5, 6, 7, 8, 9, 10, 11, 12, 1, 2, 3, 4, 5, 6, 7, 8, 9, 10, 11, 12, 1, 2, 3, 4, 5, 6, 7, 8, 12, 9, 11, 10, 3, 4, 6, 12, 2, 11, 5, 1, 7, 8, 10, 9]);
objective = 5702;
----------
Team = array1d(1..72, [1, 2, 3, 4, 5, 6, 7, 8, 9, 10, 11, 12, 1, 2, 3, 4, 5, 6, 7, 8, 9, 10, 11, 12, 1, 2, 3, 4, 5, 6, 7, 8, 9, 10, 11, 12, 1, 2, 3, 4, 5, 6, 7, 8, 9, 10, 11, 12, 1, 2, 3, 4, 5, 6, 7, 8, 12, 9, 11, 10, 3, 4, 6, 12, 2, 11, 5, 1, 7, 10, 8, 9]);
objective = 5703;
----------
Team = array1d(1..72, [1, 2, 3, 4, 5, 6, 7, 8, 9, 10, 11, 12, 1, 2, 3, 4, 5, 6, 7, 8, 9, 10, 11, 12, 1, 2, 3, 4, 5, 6, 7, 8, 9, 10, 11, 12, 1, 2, 3, 4, 5, 6, 7, 8, 9, 10, 11, 12, 1, 2, 3, 4, 5, 6, 7, 8, 12, 9, 11, 10, 3, 12, 6, 2, 4, 11, 5, 1, 7, 10, 8, 9]);
objective = 5710;
----------
Team = array1d(1..72, [1, 2, 3, 4, 5, 6, 7, 8, 9, 10, 11, 12, 1, 2, 3, 4, 5, 6, 7, 8, 9, 10, 11, 12, 1, 2, 3, 4, 5, 6, 7, 8, 9, 10, 11, 12, 1, 2, 3, 4, 5, 6, 7, 8, 9, 10, 11, 12, 1, 2, 3, 4, 5, 6, 7, 8, 12, 9, 11, 10, 4, 7, 6, 12, 2, 11, 5, 3, 1, 8, 10, 9]);
objective = 5711;
----------
Team = array1d(1..72, [1, 2, 3, 4, 5, 6, 7, 8, 9, 10, 11, 12, 1, 2, 3, 4, 5, 6, 7, 8, 9, 10, 11, 12, 1, 2, 3, 4, 5, 6, 7, 8, 9, 10, 11, 12, 1, 2, 3, 4, 5, 6, 7, 8, 9, 10, 11, 12, 1, 2, 3, 4, 5, 6, 7, 8, 12, 9, 11, 10, 4, 7, 6, 12, 2, 11, 5, 3, 1, 10, 8, 9]);
objective = 5712;
----------
Team = array1d(1..72, [1, 2, 3, 4, 5, 6, 7, 8, 9, 10, 11, 12, 1, 2, 3, 4, 5, 6, 7, 8, 9, 10, 11, 12, 1, 2, 3, 4, 5, 6, 7, 8, 9, 10, 11, 12, 1, 2, 3, 4, 5, 6, 7, 8, 9, 10, 11, 12, 1, 2, 3, 4, 5, 6, 7, 8, 12, 9, 11, 10, 4, 7, 6, 12, 2, 11, 5, 3, 8, 1, 10, 9]);
objective = 5713;
----------
Team = array1d(1..72, [1, 2, 3, 4, 5, 6, 7, 8, 9, 10, 11, 12, 1, 2, 3, 4, 5, 6, 7, 8, 9, 10, 11, 12, 1, 2, 3, 4, 5, 6, 7, 8, 9, 10, 11, 12, 1, 2, 3, 4, 5, 6, 7, 8, 9, 10, 11, 12, 1, 2, 3, 4, 5, 6, 7, 8, 12, 9, 11, 10, 4, 7, 6, 12, 2, 11, 5, 3, 8, 9, 10, 1]);
objective = 5716;
----------
Team = array1d(1..72, [1, 2, 3, 4, 5, 6, 7, 8, 9, 10, 11, 12, 1, 2, 3, 4, 5, 6, 7, 8, 9, 10, 11, 12, 1, 2, 3, 4, 5, 6, 7, 8, 9, 10, 11, 12, 1, 2, 3, 4, 5, 6, 7, 8, 9, 10, 11, 12, 1, 2, 3, 4, 5, 6, 7, 8, 12, 9, 11, 10, 4, 7, 6, 12, 2, 11, 5, 3, 8, 10, 1, 9]);
objective = 5717;
----------
Team = array1d(1..72, [1, 2, 3, 4, 5, 6, 7, 8, 9, 10, 11, 12, 1, 2, 3, 4, 5, 6, 7, 8, 9, 10, 11, 12, 1, 2, 3, 4, 5, 6, 7, 8, 9, 10, 11, 12, 1, 2, 3, 4, 5, 6, 7, 8, 9, 10, 11, 12, 1, 2, 3, 4, 5, 6, 7, 8, 12, 9, 11, 10, 4, 12, 6, 3, 2, 11, 5, 7, 1, 10, 8, 9]);
objective = 5719;
----------
Team = array1d(1..72, [1, 2, 3, 4, 5, 6, 7, 8, 9, 10, 11, 12, 1, 2, 3, 4, 5, 6, 7, 8, 9, 10, 11, 12, 1, 2, 3, 4, 5, 6, 7, 8, 9, 10, 11, 12, 1, 2, 3, 4, 5, 6, 7, 8, 9, 10, 11, 12, 1, 2, 3, 4, 5, 6, 7, 8, 12, 9, 11, 10, 4, 12, 6, 3, 2, 11, 5, 7, 8, 10, 1, 9]);
objective = 5724;
----------
Team = array1d(1..72, [1, 2, 3, 4, 5, 6, 7, 8, 9, 10, 11, 12, 1, 2, 3, 4, 5, 6, 7, 8, 9, 10, 11, 12, 1, 2, 3, 4, 5, 6, 7, 8, 9, 10, 11, 12, 1, 2, 3, 4, 5, 6, 7, 8, 9, 10, 11, 12, 1, 2, 3, 4, 5, 6, 7, 8, 12, 11, 9, 10, 4, 12, 6, 3, 2, 11, 5, 7, 10, 8, 1, 9]);
objective = 5725;
----------
Team = array1d(1..72, [1, 2, 3, 4, 5, 6, 7, 8, 9, 10, 11, 12, 1, 2, 3, 4, 5, 6, 7, 8, 9, 10, 11, 12, 1, 2, 3, 4, 5, 6, 7, 8, 9, 10, 11, 12, 1, 2, 3, 4, 5, 6, 7, 8, 9, 10, 11, 12, 1, 2, 3, 4, 5, 6, 7, 11, 12, 8, 9, 10, 4, 12, 6, 3, 2, 11, 5, 7, 10, 8, 1, 9]);
objective = 5726;
----------
Team = array1d(1..72, [1, 2, 3, 4, 5, 6, 7, 8, 9, 10, 11, 12, 1, 2, 3, 4, 5, 6, 7, 8, 9, 10, 11, 12, 1, 2, 3, 4, 5, 6, 7, 8, 9, 10, 11, 12, 1, 2, 3, 4, 5, 6, 7, 8, 9, 10, 11, 12, 1, 2, 3, 4, 5, 6, 7, 11, 12, 8, 9, 10, 4, 12, 6, 3, 2, 11, 5, 10, 7, 8, 1, 9]);
objective = 5727;
----------
Team = array1d(1..72, [1, 2, 3, 4, 5, 6, 7, 8, 9, 10, 11, 12, 1, 2, 3, 4, 5, 6, 7, 8, 9, 10, 11, 12, 1, 2, 3, 4, 5, 6, 7, 8, 9, 10, 11, 12, 1, 2, 3, 4, 5, 6, 7, 8, 9, 10, 11, 12, 1, 2, 3, 4, 5, 6, 7, 11, 12, 8, 9, 10, 12, 4, 6, 3, 2, 11, 5, 10, 7, 8, 1, 9]);
objective = 5730;
----------
Team = array1d(1..72, [1, 2, 3, 4, 5, 6, 7, 8, 9, 10, 11, 12, 1, 2, 3, 4, 5, 6, 7, 8, 9, 10, 11, 12, 1, 2, 3, 4, 5, 6, 7, 8, 9, 10, 11, 12, 1, 2, 3, 4, 5, 6, 7, 8, 9, 10, 11, 12, 1, 2, 3, 4, 5, 6, 11, 7, 12, 8, 9, 10, 12, 4, 6, 3, 2, 11, 5, 10, 7, 8, 1, 9]);
objective = 5731;
----------
Team = array1d(1..72, [1, 2, 3, 4, 5, 6, 7, 8, 9, 10, 11, 12, 1, 2, 3, 4, 5, 6, 7, 8, 9, 10, 11, 12, 1, 2, 3, 4, 5, 6, 7, 8, 9, 10, 11, 12, 1, 2, 3, 4, 5, 6, 7, 8, 9, 10, 11, 12, 1, 2, 3, 4, 5, 8, 6, 7, 12, 9, 11, 10, 1, 2, 6, 3, 4, 11, 5, 7, 8, 9, 10, 12]);
objective = 6603;
----------
Team = array1d(1..72, [1, 2, 3, 4, 5, 6, 7, 8, 9, 10, 11, 12, 1, 2, 3, 4, 5, 6, 7, 8, 9, 10, 11, 12, 1, 2, 3, 4, 5, 6, 7, 8, 9, 10, 11, 12, 1, 2, 3, 4, 5, 6, 7, 8, 9, 10, 11, 12, 1, 2, 3, 4, 5, 8, 6, 7, 12, 9, 11, 10, 1, 2, 6, 3, 4, 11, 5, 7, 8, 9, 12, 10]);
objective = 6606;
----------
Team = array1d(1..72, [1, 2, 3, 4, 5, 6, 7, 8, 9, 10, 11, 12, 1, 2, 3, 4, 5, 6, 7, 8, 9, 10, 11, 12, 1, 2, 3, 4, 5, 6, 7, 8, 9, 10, 11, 12, 1, 2, 3, 4, 5, 6, 7, 8, 9, 10, 11, 12, 1, 2, 3, 4, 5, 8, 6, 7, 12, 9, 11, 10, 1, 2, 6, 3, 4, 11, 5, 7, 8, 12, 9, 10]);
objective = 6614;
----------
Team = array1d(1..72, [1, 2, 3, 4, 5, 6, 7, 8, 9, 10, 11, 12, 1, 2, 3, 4, 5, 6, 7, 8, 9, 10, 11, 12, 1, 2, 3, 4, 5, 6, 7, 8, 9, 10, 11, 12, 1, 2, 3, 4, 5, 6, 7, 8, 9, 10, 11, 12, 1, 2, 3, 4, 5, 8, 6, 7, 12, 9, 11, 10, 1, 2, 6, 3, 4, 11, 5, 7, 12, 8, 9, 10]);
objective = 6616;
----------
Team = array1d(1..72, [1, 2, 3, 4, 5, 6, 7, 8, 9, 10, 11, 12, 1, 2, 3, 4, 5, 6, 7, 8, 9, 10, 11, 12, 1, 2, 3, 4, 5, 6, 7, 8, 9, 10, 11, 12, 1, 2, 3, 4, 5, 6, 7, 8, 9, 10, 11, 12, 1, 2, 3, 4, 5, 8, 6, 7, 12, 9, 11, 10, 1, 2, 6, 3, 4, 11, 5, 12, 7, 8, 9, 10]);
objective = 6622;
----------
Team = array1d(1..72, [1, 2, 3, 4, 5, 6, 7, 8, 9, 10, 11, 12, 1, 2, 3, 4, 5, 6, 7, 8, 9, 10, 11, 12, 1, 2, 3, 4, 5, 6, 7, 8, 9, 10, 11, 12, 1, 2, 3, 4, 5, 6, 7, 8, 9, 10, 11, 12, 1, 2, 3, 4, 5, 8, 6, 7, 12, 9, 11, 10, 1, 2, 6, 3, 12, 11, 5, 4, 7, 8, 9, 10]);
objective = 6645;
----------
Team = array1d(1..72, [1, 2, 3, 4, 5, 6, 7, 8, 9, 10, 11, 12, 1, 2, 3, 4, 5, 6, 7, 8, 9, 10, 11, 12, 1, 2, 3, 4, 5, 6, 7, 8, 9, 10, 11, 12, 1, 2, 3, 4, 5, 6, 7, 8, 9, 10, 11, 12, 1, 2, 3, 4, 5, 8, 6, 7, 12, 9, 11, 10, 1, 2, 6, 12, 3, 11, 5, 4, 7, 8, 9, 10]);
objective = 6653;
----------
Team = array1d(1..72, [1, 2, 3, 4, 5, 6, 7, 8, 9, 10, 11, 12, 1, 2, 3, 4, 5, 6, 7, 8, 9, 10, 11, 12, 1, 2, 3, 4, 5, 6, 7, 8, 9, 10, 11, 12, 1, 2, 3, 4, 5, 6, 7, 8, 9, 10, 11, 12, 1, 2, 3, 4, 5, 8, 6, 7, 12, 9, 11, 10, 1, 2, 6, 12, 3, 11, 5, 4, 7, 8, 10, 9]);
objective = 6656;
----------
Team = array1d(1..72, [1, 2, 3, 4, 5, 6, 7, 8, 9, 10, 11, 12, 1, 2, 3, 4, 5, 6, 7, 8, 9, 10, 11, 12, 1, 2, 3, 4, 5, 6, 7, 8, 9, 10, 11, 12, 1, 2, 3, 4, 5, 6, 7, 8, 9, 10, 11, 12, 1, 2, 3, 4, 5, 8, 6, 7, 12, 9, 11, 10, 1, 2, 6, 12, 3, 11, 5, 4, 7, 10, 8, 9]);
objective = 6657;
----------
Team = array1d(1..72, [1, 2, 3, 4, 5, 6, 7, 8, 9, 10, 11, 12, 1, 2, 3, 4, 5, 6, 7, 8, 9, 10, 11, 12, 1, 2, 3, 4, 5, 6, 7, 8, 9, 10, 11, 12, 1, 2, 3, 4, 5, 6, 7, 8, 9, 10, 11, 12, 1, 2, 3, 4, 5, 8, 6, 7, 12, 9, 11, 10, 1, 12, 6, 2, 3, 11, 5, 4, 7, 10, 8, 9]);
objective = 6664;
----------
Team = array1d(1..72, [1, 2, 3, 4, 5, 6, 7, 8, 9, 10, 11, 12, 1, 2, 3, 4, 5, 6, 7, 8, 9, 10, 11, 12, 1, 2, 3, 4, 5, 6, 7, 8, 9, 10, 11, 12, 1, 2, 3, 4, 5, 6, 7, 8, 9, 10, 11, 12, 1, 2, 3, 4, 5, 8, 6, 7, 12, 9, 11, 10, 3, 2, 6, 4, 12, 11, 5, 1, 7, 8, 9, 10]);
objective = 6683;
----------
Team = array1d(1..72, [1, 2, 3, 4, 5, 6, 7, 8, 9, 10, 11, 12, 1, 2, 3, 4, 5, 6, 7, 8, 9, 10, 11, 12, 1, 2, 3, 4, 5, 6, 7, 8, 9, 10, 11, 12, 1, 2, 3, 4, 5, 6, 7, 8, 9, 10, 11, 12, 1, 2, 3, 4, 5, 8, 6, 7, 12, 9, 11, 10, 3, 2, 6, 12, 4, 11, 5, 1, 7, 8, 9, 10]);
objective = 6691;
----------
Team = array1d(1..72, [1, 2, 3, 4, 5, 6, 7, 8, 9, 10, 11, 12, 1, 2, 3, 4, 5, 6, 7, 8, 9, 10, 11, 12, 1, 2, 3, 4, 5, 6, 7, 8, 9, 10, 11, 12, 1, 2, 3, 4, 5, 6, 7, 8, 9, 10, 11, 12, 1, 2, 3, 4, 5, 8, 6, 7, 12, 9, 11, 10, 3, 2, 6, 12, 4, 11, 5, 1, 7, 8, 10, 9]);
objective = 6694;
----------
Team = array1d(1..72, [1, 2, 3, 4, 5, 6, 7, 8, 9, 10, 11, 12, 1, 2, 3, 4, 5, 6, 7, 8, 9, 10, 11, 12, 1, 2, 3, 4, 5, 6, 7, 8, 9, 10, 11, 12, 1, 2, 3, 4, 5, 6, 7, 8, 9, 10, 11, 12, 1, 2, 3, 4, 5, 8, 6, 7, 12, 9, 11, 10, 3, 2, 6, 12, 4, 11, 5, 1, 7, 10, 8, 9]);
objective = 6695;
----------
Team = array1d(1..72, [1, 2, 3, 4, 5, 6, 7, 8, 9, 10, 11, 12, 1, 2, 3, 4, 5, 6, 7, 8, 9, 10, 11, 12, 1, 2, 3, 4, 5, 6, 7, 8, 9, 10, 11, 12, 1, 2, 3, 4, 5, 6, 7, 8, 9, 10, 11, 12, 1, 2, 3, 4, 5, 8, 6, 7, 12, 9, 11, 10, 3, 4, 6, 12, 2, 11, 5, 1, 7, 8, 9, 10]);
objective = 6699;
----------
Team = array1d(1..72, [1, 2, 3, 4, 5, 6, 7, 8, 9, 10, 11, 12, 1, 2, 3, 4, 5, 6, 7, 8, 9, 10, 11, 12, 1, 2, 3, 4, 5, 6, 7, 8, 9, 10, 11, 12, 1, 2, 3, 4, 5, 6, 7, 8, 9, 10, 11, 12, 1, 2, 3, 4, 5, 8, 6, 7, 12, 9, 11, 10, 3, 4, 6, 12, 2, 11, 5, 1, 7, 8, 10, 9]);
objective = 6702;
----------
Team = array1d(1..72, [1, 2, 3, 4, 5, 6, 7, 8, 9, 10, 11, 12, 1, 2, 3, 4, 5, 6, 7, 8, 9, 10, 11, 12, 1, 2, 3, 4, 5, 6, 7, 8, 9, 10, 11, 12, 1, 2, 3, 4, 5, 6, 7, 8, 9, 10, 11, 12, 1, 2, 3, 4, 5, 8, 6, 7, 12, 9, 11, 10, 3, 4, 6, 12, 2, 11, 5, 1, 7, 10, 8, 9]);
objective = 6703;
----------
Team = array1d(1..72, [1, 2, 3, 4, 5, 6, 7, 8, 9, 10, 11, 12, 1, 2, 3, 4, 5, 6, 7, 8, 9, 10, 11, 12, 1, 2, 3, 4, 5, 6, 7, 8, 9, 10, 11, 12, 1, 2, 3, 4, 5, 6, 7, 8, 9, 10, 11, 12, 1, 2, 3, 4, 5, 8, 6, 7, 12, 9, 11, 10, 3, 12, 6, 2, 4, 11, 5, 1, 7, 10, 8, 9]);
objective = 6710;
----------
Team = array1d(1..72, [1, 2, 3, 4, 5, 6, 7, 8, 9, 10, 11, 12, 1, 2, 3, 4, 5, 6, 7, 8, 9, 10, 11, 12, 1, 2, 3, 4, 5, 6, 7, 8, 9, 10, 11, 12, 1, 2, 3, 4, 5, 6, 7, 8, 9, 10, 11, 12, 1, 2, 3, 4, 5, 8, 6, 7, 12, 9, 11, 10, 4, 7, 6, 12, 2, 11, 5, 3, 1, 8, 10, 9]);
objective = 6711;
----------
Team = array1d(1..72, [1, 2, 3, 4, 5, 6, 7, 8, 9, 10, 11, 12, 1, 2, 3, 4, 5, 6, 7, 8, 9, 10, 11, 12, 1, 2, 3, 4, 5, 6, 7, 8, 9, 10, 11, 12, 1, 2, 3, 4, 5, 6, 7, 8, 9, 10, 11, 12, 1, 2, 3, 4, 5, 8, 6, 7, 12, 9, 11, 10, 4, 7, 6, 12, 2, 11, 5, 3, 1, 10, 8, 9]);
objective = 6712;
----------
Team = array1d(1..72, [1, 2, 3, 4, 5, 6, 7, 8, 9, 10, 11, 12, 1, 2, 3, 4, 5, 6, 7, 8, 9, 10, 11, 12, 1, 2, 3, 4, 5, 6, 7, 8, 9, 10, 11, 12, 1, 2, 3, 4, 5, 6, 7, 8, 9, 10, 11, 12, 1, 2, 3, 4, 5, 8, 6, 7, 12, 9, 11, 10, 4, 7, 6, 12, 2, 11, 5, 3, 8, 1, 10, 9]);
objective = 6713;
----------
Team = array1d(1..72, [1, 2, 3, 4, 5, 6, 7, 8, 9, 10, 11, 12, 1, 2, 3, 4, 5, 6, 7, 8, 9, 10, 11, 12, 1, 2, 3, 4, 5, 6, 7, 8, 9, 10, 11, 12, 1, 2, 3, 4, 5, 6, 7, 8, 9, 10, 11, 12, 1, 2, 3, 4, 5, 8, 6, 7, 12, 9, 11, 10, 4, 7, 6, 12, 2, 11, 5, 3, 8, 9, 10, 1]);
objective = 6716;
----------
Team = array1d(1..72, [1, 2, 3, 4, 5, 6, 7, 8, 9, 10, 11, 12, 1, 2, 3, 4, 5, 6, 7, 8, 9, 10, 11, 12, 1, 2, 3, 4, 5, 6, 7, 8, 9, 10, 11, 12, 1, 2, 3, 4, 5, 6, 7, 8, 9, 10, 11, 12, 1, 2, 3, 4, 5, 8, 6, 7, 12, 9, 11, 10, 4, 7, 6, 12, 2, 11, 5, 3, 8, 10, 1, 9]);
objective = 6717;
----------
Team = array1d(1..72, [1, 2, 3, 4, 5, 6, 7, 8, 9, 10, 11, 12, 1, 2, 3, 4, 5, 6, 7, 8, 9, 10, 11, 12, 1, 2, 3, 4, 5, 6, 7, 8, 9, 10, 11, 12, 1, 2, 3, 4, 5, 6, 7, 8, 9, 10, 11, 12, 1, 2, 3, 4, 5, 8, 6, 7, 12, 9, 11, 10, 4, 12, 6, 3, 2, 11, 5, 7, 1, 10, 8, 9]);
objective = 6719;
----------
Team = array1d(1..72, [1, 2, 3, 4, 5, 6, 7, 8, 9, 10, 11, 12, 1, 2, 3, 4, 5, 6, 7, 8, 9, 10, 11, 12, 1, 2, 3, 4, 5, 6, 7, 8, 9, 10, 11, 12, 1, 2, 3, 4, 5, 6, 7, 8, 9, 10, 11, 12, 1, 2, 3, 4, 5, 8, 6, 7, 12, 9, 11, 10, 4, 12, 6, 3, 2, 11, 5, 7, 8, 10, 1, 9]);
objective = 6724;
----------
Team = array1d(1..72, [1, 2, 3, 4, 5, 6, 7, 8, 9, 10, 11, 12, 1, 2, 3, 4, 5, 6, 7, 8, 9, 10, 11, 12, 1, 2, 3, 4, 5, 6, 7, 8, 9, 10, 11, 12, 1, 2, 3, 4, 5, 6, 7, 8, 9, 10, 11, 12, 1, 2, 3, 4, 5, 8, 6, 7, 12, 11, 9, 10, 4, 12, 6, 3, 2, 11, 5, 7, 10, 8, 1, 9]);
objective = 6725;
----------
Team = array1d(1..72, [1, 2, 3, 4, 5, 6, 7, 8, 9, 10, 11, 12, 1, 2, 3, 4, 5, 6, 7, 8, 9, 10, 11, 12, 1, 2, 3, 4, 5, 6, 7, 8, 9, 10, 11, 12, 1, 2, 3, 4, 5, 6, 7, 8, 9, 10, 11, 12, 1, 2, 3, 4, 5, 8, 6, 11, 12, 7, 9, 10, 4, 12, 6, 3, 2, 11, 5, 7, 10, 8, 1, 9]);
objective = 6726;
----------
Team = array1d(1..72, [1, 2, 3, 4, 5, 6, 7, 8, 9, 10, 11, 12, 1, 2, 3, 4, 5, 6, 7, 8, 9, 10, 11, 12, 1, 2, 3, 4, 5, 6, 7, 8, 9, 10, 11, 12, 1, 2, 3, 4, 5, 6, 7, 8, 9, 10, 11, 12, 1, 2, 3, 4, 5, 8, 6, 11, 12, 7, 9, 10, 4, 12, 6, 3, 2, 11, 5, 10, 7, 8, 1, 9]);
objective = 6727;
----------
Team = array1d(1..72, [1, 2, 3, 4, 5, 6, 7, 8, 9, 10, 11, 12, 1, 2, 3, 4, 5, 6, 7, 8, 9, 10, 11, 12, 1, 2, 3, 4, 5, 6, 7, 8, 9, 10, 11, 12, 1, 2, 3, 4, 5, 6, 7, 8, 9, 10, 11, 12, 1, 2, 3, 4, 5, 8, 6, 11, 12, 7, 9, 10, 12, 4, 6, 3, 2, 11, 5, 10, 7, 8, 1, 9]);
objective = 6730;
----------
Team = array1d(1..72, [1, 2, 3, 4, 5, 6, 7, 8, 9, 10, 11, 12, 1, 2, 3, 4, 5, 6, 7, 8, 9, 10, 11, 12, 1, 2, 3, 4, 5, 6, 7, 8, 9, 10, 11, 12, 1, 2, 3, 4, 5, 6, 7, 8, 9, 10, 11, 12, 1, 2, 3, 4, 5, 8, 11, 6, 12, 7, 9, 10, 12, 4, 6, 3, 2, 11, 5, 10, 7, 8, 1, 9]);
objective = 6731;
----------
Team = array1d(1..72, [1, 2, 3, 4, 5, 6, 7, 8, 9, 10, 11, 12, 1, 2, 3, 4, 5, 6, 7, 8, 9, 10, 11, 12, 1, 2, 3, 4, 5, 6, 7, 8, 9, 10, 11, 12, 1, 2, 3, 4, 5, 6, 7, 8, 9, 10, 11, 12, 1, 2, 3, 5, 4, 8, 6, 7, 12, 9, 11, 10, 1, 2, 6, 3, 4, 11, 5, 7, 8, 9, 10, 12]);
objective = 7603;
----------
Team = array1d(1..72, [1, 2, 3, 4, 5, 6, 7, 8, 9, 10, 11, 12, 1, 2, 3, 4, 5, 6, 7, 8, 9, 10, 11, 12, 1, 2, 3, 4, 5, 6, 7, 8, 9, 10, 11, 12, 1, 2, 3, 4, 5, 6, 7, 8, 9, 10, 11, 12, 1, 2, 3, 5, 4, 8, 6, 7, 12, 9, 11, 10, 1, 2, 6, 3, 4, 11, 5, 7, 8, 9, 12, 10]);
objective = 7606;
----------
Team = array1d(1..72, [1, 2, 3, 4, 5, 6, 7, 8, 9, 10, 11, 12, 1, 2, 3, 4, 5, 6, 7, 8, 9, 10, 11, 12, 1, 2, 3, 4, 5, 6, 7, 8, 9, 10, 11, 12, 1, 2, 3, 4, 5, 6, 7, 8, 9, 10, 11, 12, 1, 2, 3, 5, 4, 8, 6, 7, 12, 9, 11, 10, 1, 2, 6, 3, 4, 11, 5, 7, 8, 12, 9, 10]);
objective = 7614;
----------
Team = array1d(1..72, [1, 2, 3, 4, 5, 6, 7, 8, 9, 10, 11, 12, 1, 2, 3, 4, 5, 6, 7, 8, 9, 10, 11, 12, 1, 2, 3, 4, 5, 6, 7, 8, 9, 10, 11, 12, 1, 2, 3, 4, 5, 6, 7, 8, 9, 10, 11, 12, 1, 2, 3, 5, 4, 8, 6, 7, 12, 9, 11, 10, 1, 2, 6, 3, 4, 11, 5, 7, 12, 8, 9, 10]);
objective = 7616;
----------
Team = array1d(1..72, [1, 2, 3, 4, 5, 6, 7, 8, 9, 10, 11, 12, 1, 2, 3, 4, 5, 6, 7, 8, 9, 10, 11, 12, 1, 2, 3, 4, 5, 6, 7, 8, 9, 10, 11, 12, 1, 2, 3, 4, 5, 6, 7, 8, 9, 10, 11, 12, 1, 2, 3, 5, 4, 8, 6, 7, 12, 9, 11, 10, 1, 2, 6, 3, 4, 11, 5, 12, 7, 8, 9, 10]);
objective = 7622;
----------
Team = array1d(1..72, [1, 2, 3, 4, 5, 6, 7, 8, 9, 10, 11, 12, 1, 2, 3, 4, 5, 6, 7, 8, 9, 10, 11, 12, 1, 2, 3, 4, 5, 6, 7, 8, 9, 10, 11, 12, 1, 2, 3, 4, 5, 6, 7, 8, 9, 10, 11, 12, 1, 2, 3, 5, 4, 8, 6, 7, 12, 9, 11, 10, 1, 2, 6, 3, 12, 11, 5, 4, 7, 8, 9, 10]);
objective = 7645;
----------
Team = array1d(1..72, [1, 2, 3, 4, 5, 6, 7, 8, 9, 10, 11, 12, 1, 2, 3, 4, 5, 6, 7, 8, 9, 10, 11, 12, 1, 2, 3, 4, 5, 6, 7, 8, 9, 10, 11, 12, 1, 2, 3, 4, 5, 6, 7, 8, 9, 10, 11, 12, 1, 2, 3, 5, 4, 8, 6, 7, 12, 9, 11, 10, 1, 2, 6, 12, 3, 11, 5, 4, 7, 8, 9, 10]);
objective = 7653;
----------
Team = array1d(1..72, [1, 2, 3, 4, 5, 6, 7, 8, 9, 10, 11, 12, 1, 2, 3, 4, 5, 6, 7, 8, 9, 10, 11, 12, 1, 2, 3, 4, 5, 6, 7, 8, 9, 10, 11, 12, 1, 2, 3, 4, 5, 6, 7, 8, 9, 10, 11, 12, 1, 2, 3, 5, 4, 8, 6, 7, 12, 9, 11, 10, 1, 2, 6, 12, 3, 11, 5, 4, 7, 8, 10, 9]);
objective = 7656;
----------
Team = array1d(1..72, [1, 2, 3, 4, 5, 6, 7, 8, 9, 10, 11, 12, 1, 2, 3, 4, 5, 6, 7, 8, 9, 10, 11, 12, 1, 2, 3, 4, 5, 6, 7, 8, 9, 10, 11, 12, 1, 2, 3, 4, 5, 6, 7, 8, 9, 10, 11, 12, 1, 2, 3, 5, 4, 8, 6, 7, 12, 9, 11, 10, 1, 2, 6, 12, 3, 11, 5, 4, 7, 10, 8, 9]);
objective = 7657;
----------
Team = array1d(1..72, [1, 2, 3, 4, 5, 6, 7, 8, 9, 10, 11, 12, 1, 2, 3, 4, 5, 6, 7, 8, 9, 10, 11, 12, 1, 2, 3, 4, 5, 6, 7, 8, 9, 10, 11, 12, 1, 2, 3, 4, 5, 6, 7, 8, 9, 10, 11, 12, 1, 2, 3, 5, 4, 8, 6, 7, 12, 9, 11, 10, 1, 12, 6, 2, 3, 11, 5, 4, 7, 10, 8, 9]);
objective = 7664;
----------
Team = array1d(1..72, [1, 2, 3, 4, 5, 6, 7, 8, 9, 10, 11, 12, 1, 2, 3, 4, 5, 6, 7, 8, 9, 10, 11, 12, 1, 2, 3, 4, 5, 6, 7, 8, 9, 10, 11, 12, 1, 2, 3, 4, 5, 6, 7, 8, 9, 10, 11, 12, 1, 2, 3, 5, 4, 8, 6, 7, 12, 9, 11, 10, 3, 2, 6, 4, 12, 11, 5, 1, 7, 8, 9, 10]);
objective = 7683;
----------
Team = array1d(1..72, [1, 2, 3, 4, 5, 6, 7, 8, 9, 10, 11, 12, 1, 2, 3, 4, 5, 6, 7, 8, 9, 10, 11, 12, 1, 2, 3, 4, 5, 6, 7, 8, 9, 10, 11, 12, 1, 2, 3, 4, 5, 6, 7, 8, 9, 10, 11, 12, 1, 2, 3, 5, 4, 8, 6, 7, 12, 9, 11, 10, 3, 2, 6, 12, 4, 11, 5, 1, 7, 8, 9, 10]);
objective = 7691;
----------
Team = array1d(1..72, [1, 2, 3, 4, 5, 6, 7, 8, 9, 10, 11, 12, 1, 2, 3, 4, 5, 6, 7, 8, 9, 10, 11, 12, 1, 2, 3, 4, 5, 6, 7, 8, 9, 10, 11, 12, 1, 2, 3, 4, 5, 6, 7, 8, 9, 10, 11, 12, 1, 2, 3, 5, 4, 8, 6, 7, 12, 9, 11, 10, 3, 2, 6, 12, 4, 11, 5, 1, 7, 8, 10, 9]);
objective = 7694;
----------
Team = array1d(1..72, [1, 2, 3, 4, 5, 6, 7, 8, 9, 10, 11, 12, 1, 2, 3, 4, 5, 6, 7, 8, 9, 10, 11, 12, 1, 2, 3, 4, 5, 6, 7, 8, 9, 10, 11, 12, 1, 2, 3, 4, 5, 6, 7, 8, 9, 10, 11, 12, 1, 2, 3, 5, 4, 8, 6, 7, 12, 9, 11, 10, 3, 2, 6, 12, 4, 11, 5, 1, 7, 10, 8, 9]);
objective = 7695;
----------
Team = array1d(1..72, [1, 2, 3, 4, 5, 6, 7, 8, 9, 10, 11, 12, 1, 2, 3, 4, 5, 6, 7, 8, 9, 10, 11, 12, 1, 2, 3, 4, 5, 6, 7, 8, 9, 10, 11, 12, 1, 2, 3, 4, 5, 6, 7, 8, 9, 10, 11, 12, 1, 2, 3, 5, 4, 8, 6, 7, 12, 9, 11, 10, 3, 4, 6, 12, 2, 11, 5, 1, 7, 8, 9, 10]);
objective = 7699;
----------
Team = array1d(1..72, [1, 2, 3, 4, 5, 6, 7, 8, 9, 10, 11, 12, 1, 2, 3, 4, 5, 6, 7, 8, 9, 10, 11, 12, 1, 2, 3, 4, 5, 6, 7, 8, 9, 10, 11, 12, 1, 2, 3, 4, 5, 6, 7, 8, 9, 10, 11, 12, 1, 2, 3, 5, 4, 8, 6, 7, 12, 9, 11, 10, 3, 4, 6, 12, 2, 11, 5, 1, 7, 8, 10, 9]);
objective = 7702;
----------
Team = array1d(1..72, [1, 2, 3, 4, 5, 6, 7, 8, 9, 10, 11, 12, 1, 2, 3, 4, 5, 6, 7, 8, 9, 10, 11, 12, 1, 2, 3, 4, 5, 6, 7, 8, 9, 10, 11, 12, 1, 2, 3, 4, 5, 6, 7, 8, 9, 10, 11, 12, 1, 2, 3, 5, 4, 8, 6, 7, 12, 9, 11, 10, 3, 4, 6, 12, 2, 11, 5, 1, 7, 10, 8, 9]);
objective = 7703;
----------
Team = array1d(1..72, [1, 2, 3, 4, 5, 6, 7, 8, 9, 10, 11, 12, 1, 2, 3, 4, 5, 6, 7, 8, 9, 10, 11, 12, 1, 2, 3, 4, 5, 6, 7, 8, 9, 10, 11, 12, 1, 2, 3, 4, 5, 6, 7, 8, 9, 10, 11, 12, 1, 2, 3, 5, 4, 8, 6, 7, 12, 9, 11, 10, 3, 12, 6, 2, 4, 11, 5, 1, 7, 10, 8, 9]);
objective = 7710;
----------
Team = array1d(1..72, [1, 2, 3, 4, 5, 6, 7, 8, 9, 10, 11, 12, 1, 2, 3, 4, 5, 6, 7, 8, 9, 10, 11, 12, 1, 2, 3, 4, 5, 6, 7, 8, 9, 10, 11, 12, 1, 2, 3, 4, 5, 6, 7, 8, 9, 10, 11, 12, 1, 2, 3, 5, 4, 8, 6, 7, 12, 9, 11, 10, 4, 7, 6, 12, 2, 11, 5, 3, 1, 8, 10, 9]);
objective = 7711;
----------
Team = array1d(1..72, [1, 2, 3, 4, 5, 6, 7, 8, 9, 10, 11, 12, 1, 2, 3, 4, 5, 6, 7, 8, 9, 10, 11, 12, 1, 2, 3, 4, 5, 6, 7, 8, 9, 10, 11, 12, 1, 2, 3, 4, 5, 6, 7, 8, 9, 10, 11, 12, 1, 2, 3, 5, 4, 8, 6, 7, 12, 9, 11, 10, 4, 7, 6, 12, 2, 11, 5, 3, 1, 10, 8, 9]);
objective = 7712;
----------
Team = array1d(1..72, [1, 2, 3, 4, 5, 6, 7, 8, 9, 10, 11, 12, 1, 2, 3, 4, 5, 6, 7, 8, 9, 10, 11, 12, 1, 2, 3, 4, 5, 6, 7, 8, 9, 10, 11, 12, 1, 2, 3, 4, 5, 6, 7, 8, 9, 10, 11, 12, 1, 2, 3, 5, 4, 8, 6, 7, 12, 9, 11, 10, 4, 7, 6, 12, 2, 11, 5, 3, 8, 1, 10, 9]);
objective = 7713;
----------
Team = array1d(1..72, [1, 2, 3, 4, 5, 6, 7, 8, 9, 10, 11, 12, 1, 2, 3, 4, 5, 6, 7, 8, 9, 10, 11, 12, 1, 2, 3, 4, 5, 6, 7, 8, 9, 10, 11, 12, 1, 2, 3, 4, 5, 6, 7, 8, 9, 10, 11, 12, 1, 2, 3, 5, 4, 8, 6, 7, 12, 9, 11, 10, 4, 7, 6, 12, 2, 11, 5, 3, 8, 9, 10, 1]);
objective = 7716;
----------
Team = array1d(1..72, [1, 2, 3, 4, 5, 6, 7, 8, 9, 10, 11, 12, 1, 2, 3, 4, 5, 6, 7, 8, 9, 10, 11, 12, 1, 2, 3, 4, 5, 6, 7, 8, 9, 10, 11, 12, 1, 2, 3, 4, 5, 6, 7, 8, 9, 10, 11, 12, 1, 2, 3, 5, 4, 8, 6, 7, 12, 9, 11, 10, 4, 7, 6, 12, 2, 11, 5, 3, 8, 10, 1, 9]);
objective = 7717;
----------
Team = array1d(1..72, [1, 2, 3, 4, 5, 6, 7, 8, 9, 10, 11, 12, 1, 2, 3, 4, 5, 6, 7, 8, 9, 10, 11, 12, 1, 2, 3, 4, 5, 6, 7, 8, 9, 10, 11, 12, 1, 2, 3, 4, 5, 6, 7, 8, 9, 10, 11, 12, 1, 2, 3, 5, 4, 8, 6, 7, 12, 9, 11, 10, 4, 12, 6, 3, 2, 11, 5, 7, 1, 10, 8, 9]);
objective = 7719;
----------
Team = array1d(1..72, [1, 2, 3, 4, 5, 6, 7, 8, 9, 10, 11, 12, 1, 2, 3, 4, 5, 6, 7, 8, 9, 10, 11, 12, 1, 2, 3, 4, 5, 6, 7, 8, 9, 10, 11, 12, 1, 2, 3, 4, 5, 6, 7, 8, 9, 10, 11, 12, 1, 2, 3, 5, 4, 8, 6, 7, 12, 9, 11, 10, 4, 12, 6, 3, 2, 11, 5, 7, 8, 10, 1, 9]);
objective = 7724;
----------
Team = array1d(1..72, [1, 2, 3, 4, 5, 6, 7, 8, 9, 10, 11, 12, 1, 2, 3, 4, 5, 6, 7, 8, 9, 10, 11, 12, 1, 2, 3, 4, 5, 6, 7, 8, 9, 10, 11, 12, 1, 2, 3, 4, 5, 6, 7, 8, 9, 10, 11, 12, 1, 2, 3, 5, 4, 8, 6, 7, 12, 11, 9, 10, 4, 12, 6, 3, 2, 11, 5, 7, 10, 8, 1, 9]);
objective = 7725;
----------
Team = array1d(1..72, [1, 2, 3, 4, 5, 6, 7, 8, 9, 10, 11, 12, 1, 2, 3, 4, 5, 6, 7, 8, 9, 10, 11, 12, 1, 2, 3, 4, 5, 6, 7, 8, 9, 10, 11, 12, 1, 2, 3, 4, 5, 6, 7, 8, 9, 10, 11, 12, 1, 2, 3, 5, 4, 8, 6, 11, 12, 7, 9, 10, 4, 12, 6, 3, 2, 11, 5, 7, 10, 8, 1, 9]);
objective = 7726;
----------
Team = array1d(1..72, [1, 2, 3, 4, 5, 6, 7, 8, 9, 10, 11, 12, 1, 2, 3, 4, 5, 6, 7, 8, 9, 10, 11, 12, 1, 2, 3, 4, 5, 6, 7, 8, 9, 10, 11, 12, 1, 2, 3, 4, 5, 6, 7, 8, 9, 10, 11, 12, 1, 2, 3, 5, 4, 8, 6, 11, 12, 7, 9, 10, 4, 12, 6, 3, 2, 11, 5, 10, 7, 8, 1, 9]);
objective = 7727;
----------
Team = array1d(1..72, [1, 2, 3, 4, 5, 6, 7, 8, 9, 10, 11, 12, 1, 2, 3, 4, 5, 6, 7, 8, 9, 10, 11, 12, 1, 2, 3, 4, 5, 6, 7, 8, 9, 10, 11, 12, 1, 2, 3, 4, 5, 6, 7, 8, 9, 10, 11, 12, 1, 2, 3, 5, 4, 8, 6, 11, 12, 7, 9, 10, 12, 4, 6, 3, 2, 11, 5, 10, 7, 8, 1, 9]);
objective = 7730;
----------
Team = array1d(1..72, [1, 2, 3, 4, 5, 6, 7, 8, 9, 10, 11, 12, 1, 2, 3, 4, 5, 6, 7, 8, 9, 10, 11, 12, 1, 2, 3, 4, 5, 6, 7, 8, 9, 10, 11, 12, 1, 2, 3, 4, 5, 6, 7, 8, 9, 10, 11, 12, 1, 2, 3, 5, 4, 8, 11, 6, 12, 7, 9, 10, 12, 4, 6, 3, 2, 11, 5, 10, 7, 8, 1, 9]);
objective = 7731;
----------
Team = array1d(1..72, [1, 2, 3, 4, 5, 6, 7, 8, 9, 10, 11, 12, 1, 2, 3, 4, 5, 6, 7, 8, 9, 10, 11, 12, 1, 2, 3, 4, 5, 6, 7, 8, 9, 10, 11, 12, 1, 2, 3, 4, 5, 6, 7, 8, 9, 10, 11, 12, 1, 2, 3, 11, 4, 8, 5, 6, 12, 7, 9, 10, 1, 2, 6, 3, 4, 11, 5, 7, 8, 9, 10, 12]);
objective = 8603;
----------
Team = array1d(1..72, [1, 2, 3, 4, 5, 6, 7, 8, 9, 10, 11, 12, 1, 2, 3, 4, 5, 6, 7, 8, 9, 10, 11, 12, 1, 2, 3, 4, 5, 6, 7, 8, 9, 10, 11, 12, 1, 2, 3, 4, 5, 6, 7, 8, 9, 10, 11, 12, 1, 2, 3, 11, 4, 8, 5, 6, 12, 7, 9, 10, 1, 2, 6, 3, 4, 11, 5, 7, 8, 9, 12, 10]);
objective = 8606;
----------
Team = array1d(1..72, [1, 2, 3, 4, 5, 6, 7, 8, 9, 10, 11, 12, 1, 2, 3, 4, 5, 6, 7, 8, 9, 10, 11, 12, 1, 2, 3, 4, 5, 6, 7, 8, 9, 10, 11, 12, 1, 2, 3, 4, 5, 6, 7, 8, 9, 10, 11, 12, 1, 2, 3, 11, 4, 8, 5, 6, 12, 7, 9, 10, 1, 2, 6, 3, 4, 11, 5, 7, 8, 12, 9, 10]);
objective = 8614;
----------
Team = array1d(1..72, [1, 2, 3, 4, 5, 6, 7, 8, 9, 10, 11, 12, 1, 2, 3, 4, 5, 6, 7, 8, 9, 10, 11, 12, 1, 2, 3, 4, 5, 6, 7, 8, 9, 10, 11, 12, 1, 2, 3, 4, 5, 6, 7, 8, 9, 10, 11, 12, 1, 2, 3, 11, 4, 8, 5, 6, 12, 7, 9, 10, 1, 2, 6, 3, 4, 11, 5, 7, 12, 8, 9, 10]);
objective = 8616;
----------
Team = array1d(1..72, [1, 2, 3, 4, 5, 6, 7, 8, 9, 10, 11, 12, 1, 2, 3, 4, 5, 6, 7, 8, 9, 10, 11, 12, 1, 2, 3, 4, 5, 6, 7, 8, 9, 10, 11, 12, 1, 2, 3, 4, 5, 6, 7, 8, 9, 10, 11, 12, 1, 2, 3, 11, 4, 8, 5, 6, 12, 7, 9, 10, 1, 2, 6, 3, 4, 11, 5, 12, 7, 8, 9, 10]);
objective = 8622;
----------
Team = array1d(1..72, [1, 2, 3, 4, 5, 6, 7, 8, 9, 10, 11, 12, 1, 2, 3, 4, 5, 6, 7, 8, 9, 10, 11, 12, 1, 2, 3, 4, 5, 6, 7, 8, 9, 10, 11, 12, 1, 2, 3, 4, 5, 6, 7, 8, 9, 10, 11, 12, 1, 2, 3, 11, 4, 8, 5, 6, 12, 7, 9, 10, 1, 2, 6, 3, 12, 11, 5, 4, 7, 8, 9, 10]);
objective = 8645;
----------
Team = array1d(1..72, [1, 2, 3, 4, 5, 6, 7, 8, 9, 10, 11, 12, 1, 2, 3, 4, 5, 6, 7, 8, 9, 10, 11, 12, 1, 2, 3, 4, 5, 6, 7, 8, 9, 10, 11, 12, 1, 2, 3, 4, 5, 6, 7, 8, 9, 10, 11, 12, 1, 2, 3, 11, 4, 8, 5, 6, 12, 7, 9, 10, 1, 2, 6, 12, 3, 11, 5, 4, 7, 8, 9, 10]);
objective = 8653;
----------
Team = array1d(1..72, [1, 2, 3, 4, 5, 6, 7, 8, 9, 10, 11, 12, 1, 2, 3, 4, 5, 6, 7, 8, 9, 10, 11, 12, 1, 2, 3, 4, 5, 6, 7, 8, 9, 10, 11, 12, 1, 2, 3, 4, 5, 6, 7, 8, 9, 10, 11, 12, 1, 2, 3, 11, 4, 8, 5, 6, 12, 7, 9, 10, 1, 2, 6, 12, 3, 11, 5, 4, 7, 8, 10, 9]);
objective = 8656;
----------
Team = array1d(1..72, [1, 2, 3, 4, 5, 6, 7, 8, 9, 10, 11, 12, 1, 2, 3, 4, 5, 6, 7, 8, 9, 10, 11, 12, 1, 2, 3, 4, 5, 6, 7, 8, 9, 10, 11, 12, 1, 2, 3, 4, 5, 6, 7, 8, 9, 10, 11, 12, 1, 2, 3, 11, 4, 8, 5, 6, 12, 7, 9, 10, 1, 2, 6, 12, 3, 11, 5, 4, 7, 10, 8, 9]);
objective = 8657;
----------
Team = array1d(1..72, [1, 2, 3, 4, 5, 6, 7, 8, 9, 10, 11, 12, 1, 2, 3, 4, 5, 6, 7, 8, 9, 10, 11, 12, 1, 2, 3, 4, 5, 6, 7, 8, 9, 10, 11, 12, 1, 2, 3, 4, 5, 6, 7, 8, 9, 10, 11, 12, 1, 2, 3, 11, 4, 8, 5, 6, 12, 7, 9, 10, 1, 12, 6, 2, 3, 11, 5, 4, 7, 10, 8, 9]);
objective = 8664;
----------
Team = array1d(1..72, [1, 2, 3, 4, 5, 6, 7, 8, 9, 10, 11, 12, 1, 2, 3, 4, 5, 6, 7, 8, 9, 10, 11, 12, 1, 2, 3, 4, 5, 6, 7, 8, 9, 10, 11, 12, 1, 2, 3, 4, 5, 6, 7, 8, 9, 10, 11, 12, 1, 2, 3, 11, 4, 8, 5, 6, 12, 7, 9, 10, 1, 12, 6, 2, 3, 11, 5, 4, 10, 7, 8, 9]);
objective = 8666;
----------
Team = array1d(1..72, [1, 2, 3, 4, 5, 6, 7, 8, 9, 10, 11, 12, 1, 2, 3, 4, 5, 6, 7, 8, 9, 10, 11, 12, 1, 2, 3, 4, 5, 6, 7, 8, 9, 10, 11, 12, 1, 2, 3, 4, 5, 6, 7, 8, 9, 10, 11, 12, 1, 2, 3, 11, 4, 8, 5, 6, 12, 7, 9, 10, 1, 12, 6, 2, 3, 11, 5, 10, 4, 7, 8, 9]);
objective = 8667;
----------
Team = array1d(1..72, [1, 2, 3, 4, 5, 6, 7, 8, 9, 10, 11, 12, 1, 2, 3, 4, 5, 6, 7, 8, 9, 10, 11, 12, 1, 2, 3, 4, 5, 6, 7, 8, 9, 10, 11, 12, 1, 2, 3, 4, 5, 6, 7, 8, 9, 10, 11, 12, 1, 2, 3, 11, 4, 8, 5, 6, 12, 7, 9, 10, 3, 2, 6, 4, 12, 11, 5, 1, 7, 8, 9, 10]);
objective = 8683;
----------
Team = array1d(1..72, [1, 2, 3, 4, 5, 6, 7, 8, 9, 10, 11, 12, 1, 2, 3, 4, 5, 6, 7, 8, 9, 10, 11, 12, 1, 2, 3, 4, 5, 6, 7, 8, 9, 10, 11, 12, 1, 2, 3, 4, 5, 6, 7, 8, 9, 10, 11, 12, 1, 2, 3, 11, 4, 8, 5, 6, 12, 7, 9, 10, 3, 2, 6, 12, 4, 11, 5, 1, 7, 8, 9, 10]);
objective = 8691;
----------
Team = array1d(1..72, [1, 2, 3, 4, 5, 6, 7, 8, 9, 10, 11, 12, 1, 2, 3, 4, 5, 6, 7, 8, 9, 10, 11, 12, 1, 2, 3, 4, 5, 6, 7, 8, 9, 10, 11, 12, 1, 2, 3, 4, 5, 6, 7, 8, 9, 10, 11, 12, 1, 2, 3, 11, 4, 8, 5, 6, 12, 7, 9, 10, 3, 2, 6, 12, 4, 11, 5, 1, 7, 8, 10, 9]);
objective = 8694;
----------
Team = array1d(1..72, [1, 2, 3, 4, 5, 6, 7, 8, 9, 10, 11, 12, 1, 2, 3, 4, 5, 6, 7, 8, 9, 10, 11, 12, 1, 2, 3, 4, 5, 6, 7, 8, 9, 10, 11, 12, 1, 2, 3, 4, 5, 6, 7, 8, 9, 10, 11, 12, 1, 2, 3, 11, 4, 8, 5, 6, 12, 7, 9, 10, 3, 2, 6, 12, 4, 11, 5, 1, 7, 10, 8, 9]);
objective = 8695;
----------
Team = array1d(1..72, [1, 2, 3, 4, 5, 6, 7, 8, 9, 10, 11, 12, 1, 2, 3, 4, 5, 6, 7, 8, 9, 10, 11, 12, 1, 2, 3, 4, 5, 6, 7, 8, 9, 10, 11, 12, 1, 2, 3, 4, 5, 6, 7, 8, 9, 10, 11, 12, 1, 2, 3, 11, 4, 8, 5, 6, 12, 7, 9, 10, 3, 4, 6, 12, 2, 11, 5, 1, 7, 8, 9, 10]);
objective = 8699;
----------
Team = array1d(1..72, [1, 2, 3, 4, 5, 6, 7, 8, 9, 10, 11, 12, 1, 2, 3, 4, 5, 6, 7, 8, 9, 10, 11, 12, 1, 2, 3, 4, 5, 6, 7, 8, 9, 10, 11, 12, 1, 2, 3, 4, 5, 6, 7, 8, 9, 10, 11, 12, 1, 2, 3, 11, 4, 8, 5, 6, 12, 7, 9, 10, 3, 4, 6, 12, 2, 11, 5, 1, 7, 8, 10, 9]);
objective = 8702;
----------
Team = array1d(1..72, [1, 2, 3, 4, 5, 6, 7, 8, 9, 10, 11, 12, 1, 2, 3, 4, 5, 6, 7, 8, 9, 10, 11, 12, 1, 2, 3, 4, 5, 6, 7, 8, 9, 10, 11, 12, 1, 2, 3, 4, 5, 6, 7, 8, 9, 10, 11, 12, 1, 2, 3, 11, 4, 8, 5, 6, 12, 7, 9, 10, 3, 4, 6, 12, 2, 11, 5, 1, 7, 10, 8, 9]);
objective = 8703;
----------
Team = array1d(1..72, [1, 2, 3, 4, 5, 6, 7, 8, 9, 10, 11, 12, 1, 2, 3, 4, 5, 6, 7, 8, 9, 10, 11, 12, 1, 2, 3, 4, 5, 6, 7, 8, 9, 10, 11, 12, 1, 2, 3, 4, 5, 6, 7, 8, 9, 10, 11, 12, 1, 2, 3, 11, 4, 8, 5, 6, 12, 7, 9, 10, 3, 12, 6, 2, 4, 11, 5, 1, 7, 10, 8, 9]);
objective = 8710;
----------
Team = array1d(1..72, [1, 2, 3, 4, 5, 6, 7, 8, 9, 10, 11, 12, 1, 2, 3, 4, 5, 6, 7, 8, 9, 10, 11, 12, 1, 2, 3, 4, 5, 6, 7, 8, 9, 10, 11, 12, 1, 2, 3, 4, 5, 6, 7, 8, 9, 10, 11, 12, 1, 2, 3, 11, 4, 8, 5, 6, 12, 7, 9, 10, 3, 12, 6, 2, 4, 11, 5, 1, 10, 7, 8, 9]);
objective = 8712;
----------
Team = array1d(1..72, [1, 2, 3, 4, 5, 6, 7, 8, 9, 10, 11, 12, 1, 2, 3, 4, 5, 6, 7, 8, 9, 10, 11, 12, 1, 2, 3, 4, 5, 6, 7, 8, 9, 10, 11, 12, 1, 2, 3, 4, 5, 6, 7, 8, 9, 10, 11, 12, 1, 2, 3, 11, 4, 8, 5, 6, 12, 7, 9, 10, 3, 12, 6, 2, 4, 11, 5, 10, 1, 7, 8, 9]);
objective = 8713;
----------
Team = array1d(1..72, [1, 2, 3, 4, 5, 6, 7, 8, 9, 10, 11, 12, 1, 2, 3, 4, 5, 6, 7, 8, 9, 10, 11, 12, 1, 2, 3, 4, 5, 6, 7, 8, 9, 10, 11, 12, 1, 2, 3, 4, 5, 6, 7, 8, 9, 10, 11, 12, 1, 2, 3, 11, 4, 8, 5, 6, 12, 7, 9, 10, 4, 7, 6, 12, 2, 11, 5, 3, 8, 9, 10, 1]);
objective = 8716;
----------
Team = array1d(1..72, [1, 2, 3, 4, 5, 6, 7, 8, 9, 10, 11, 12, 1, 2, 3, 4, 5, 6, 7, 8, 9, 10, 11, 12, 1, 2, 3, 4, 5, 6, 7, 8, 9, 10, 11, 12, 1, 2, 3, 4, 5, 6, 7, 8, 9, 10, 11, 12, 1, 2, 3, 11, 4, 8, 5, 6, 12, 7, 9, 10, 4, 7, 6, 12, 2, 11, 5, 3, 8, 10, 1, 9]);
objective = 8717;
----------
Team = array1d(1..72, [1, 2, 3, 4, 5, 6, 7, 8, 9, 10, 11, 12, 1, 2, 3, 4, 5, 6, 7, 8, 9, 10, 11, 12, 1, 2, 3, 4, 5, 6, 7, 8, 9, 10, 11, 12, 1, 2, 3, 4, 5, 6, 7, 8, 9, 10, 11, 12, 1, 2, 3, 11, 4, 8, 5, 6, 12, 7, 9, 10, 4, 12, 6, 3, 2, 11, 5, 7, 1, 10, 8, 9]);
objective = 8719;
----------
Team = array1d(1..72, [1, 2, 3, 4, 5, 6, 7, 8, 9, 10, 11, 12, 1, 2, 3, 4, 5, 6, 7, 8, 9, 10, 11, 12, 1, 2, 3, 4, 5, 6, 7, 8, 9, 10, 11, 12, 1, 2, 3, 4, 5, 6, 7, 8, 9, 10, 11, 12, 1, 2, 3, 11, 4, 8, 5, 6, 12, 7, 9, 10, 4, 12, 6, 3, 2, 11, 5, 7, 8, 10, 1, 9]);
objective = 8724;
----------
Team = array1d(1..72, [1, 2, 3, 4, 5, 6, 7, 8, 9, 10, 11, 12, 1, 2, 3, 4, 5, 6, 7, 8, 9, 10, 11, 12, 1, 2, 3, 4, 5, 6, 7, 8, 9, 10, 11, 12, 1, 2, 3, 4, 5, 6, 7, 8, 9, 10, 11, 12, 1, 2, 3, 11, 4, 8, 5, 6, 12, 7, 9, 10, 4, 12, 6, 3, 2, 11, 5, 7, 10, 8, 1, 9]);
objective = 8726;
----------
Team = array1d(1..72, [1, 2, 3, 4, 5, 6, 7, 8, 9, 10, 11, 12, 1, 2, 3, 4, 5, 6, 7, 8, 9, 10, 11, 12, 1, 2, 3, 4, 5, 6, 7, 8, 9, 10, 11, 12, 1, 2, 3, 4, 5, 6, 7, 8, 9, 10, 11, 12, 1, 2, 3, 11, 4, 8, 5, 6, 12, 7, 9, 10, 4, 12, 6, 3, 2, 11, 5, 10, 7, 8, 1, 9]);
objective = 8727;
----------
Team = array1d(1..72, [1, 2, 3, 4, 5, 6, 7, 8, 9, 10, 11, 12, 1, 2, 3, 4, 5, 6, 7, 8, 9, 10, 11, 12, 1, 2, 3, 4, 5, 6, 7, 8, 9, 10, 11, 12, 1, 2, 3, 4, 5, 6, 7, 8, 9, 10, 11, 12, 1, 2, 3, 11, 4, 8, 5, 6, 12, 7, 9, 10, 12, 4, 6, 3, 2, 11, 5, 10, 7, 1, 8, 9]);
objective = 8728;
----------
Team = array1d(1..72, [1, 2, 3, 4, 5, 6, 7, 8, 9, 10, 11, 12, 1, 2, 3, 4, 5, 6, 7, 8, 9, 10, 11, 12, 1, 2, 3, 4, 5, 6, 7, 8, 9, 10, 11, 12, 1, 2, 3, 4, 5, 6, 7, 8, 9, 10, 11, 12, 1, 2, 3, 11, 4, 8, 5, 6, 12, 7, 9, 10, 12, 4, 6, 3, 2, 11, 5, 10, 7, 8, 1, 9]);
objective = 8731;
----------
Team = array1d(1..72, [1, 2, 3, 4, 5, 6, 7, 8, 9, 10, 11, 12, 1, 2, 3, 4, 5, 6, 7, 8, 9, 10, 11, 12, 1, 2, 3, 4, 5, 6, 7, 8, 9, 10, 11, 12, 1, 2, 3, 4, 5, 6, 7, 8, 9, 10, 11, 12, 1, 3, 2, 11, 4, 8, 5, 6, 12, 7, 9, 10, 4, 12, 6, 5, 2, 11, 3, 7, 10, 8, 9, 1]);
objective = 8732;
----------
Team = array1d(1..72, [1, 2, 3, 4, 5, 6, 7, 8, 9, 10, 11, 12, 1, 2, 3, 4, 5, 6, 7, 8, 9, 10, 11, 12, 1, 2, 3, 4, 5, 6, 7, 8, 9, 10, 11, 12, 1, 2, 3, 4, 5, 6, 7, 8, 9, 10, 11, 12, 1, 3, 2, 11, 4, 8, 5, 6, 12, 7, 9, 10, 4, 12, 6, 5, 2, 11, 3, 10, 7, 8, 9, 1]);
objective = 8733;
----------
Team = array1d(1..72, [1, 2, 3, 4, 5, 6, 7, 8, 9, 10, 11, 12, 1, 2, 3, 4, 5, 6, 7, 8, 9, 10, 11, 12, 1, 2, 3, 4, 5, 6, 7, 8, 9, 10, 11, 12, 1, 2, 3, 4, 5, 6, 7, 8, 9, 10, 11, 12, 1, 3, 2, 11, 4, 8, 5, 6, 12, 7, 9, 10, 12, 4, 6, 5, 2, 11, 3, 10, 7, 8, 1, 9]);
objective = 8736;
----------
Team = array1d(1..72, [1, 2, 3, 4, 5, 6, 7, 8, 9, 10, 11, 12, 1, 2, 3, 4, 5, 6, 7, 8, 9, 10, 11, 12, 1, 2, 3, 4, 5, 6, 7, 8, 9, 10, 11, 12, 1, 2, 3, 4, 5, 6, 7, 8, 9, 10, 11, 12, 1, 3, 2, 11, 4, 8, 5, 6, 12, 7, 9, 10, 12, 4, 6, 5, 2, 11, 3, 10, 7, 8, 9, 1]);
objective = 8737;
----------
Team = array1d(1..72, [1, 2, 3, 4, 5, 6, 7, 8, 9, 10, 11, 12, 1, 2, 3, 4, 5, 6, 7, 8, 9, 10, 11, 12, 1, 2, 3, 4, 5, 6, 7, 8, 9, 10, 11, 12, 1, 2, 3, 4, 5, 6, 7, 8, 9, 10, 11, 12, 1, 3, 5, 11, 4, 8, 2, 6, 12, 7, 9, 10, 12, 4, 6, 2, 7, 11, 5, 10, 3, 8, 9, 1]);
objective = 8738;
----------
Team = array1d(1..72, [1, 2, 3, 4, 5, 6, 7, 8, 9, 10, 11, 12, 1, 2, 3, 4, 5, 6, 7, 8, 9, 10, 11, 12, 1, 2, 3, 4, 5, 6, 7, 8, 9, 10, 11, 12, 1, 2, 3, 4, 5, 6, 7, 8, 9, 10, 11, 12, 1, 3, 5, 11, 4, 8, 2, 6, 12, 7, 9, 10, 12, 4, 6, 5, 2, 11, 3, 10, 7, 8, 9, 1]);
objective = 8739;
----------
Team = array1d(1..72, [1, 2, 3, 4, 5, 6, 7, 8, 9, 10, 11, 12, 1, 2, 3, 4, 5, 6, 7, 8, 9, 10, 11, 12, 1, 2, 3, 4, 5, 6, 7, 8, 9, 10, 11, 12, 1, 2, 3, 4, 5, 6, 7, 8, 9, 10, 11, 12, 1, 3, 5, 11, 4, 8, 6, 12, 2, 7, 9, 10, 4, 12, 6, 2, 7, 11, 5, 10, 3, 8, 9, 1]);
objective = 8740;
----------
Team = array1d(1..72, [1, 2, 3, 4, 5, 6, 7, 8, 9, 10, 11, 12, 1, 2, 3, 4, 5, 6, 7, 8, 9, 10, 11, 12, 1, 2, 3, 4, 5, 6, 7, 8, 9, 10, 11, 12, 1, 2, 3, 4, 5, 6, 7, 8, 9, 10, 11, 12, 1, 3, 5, 11, 4, 8, 6, 12, 2, 7, 9, 10, 12, 2, 6, 4, 10, 11, 5, 3, 7, 8, 9, 1]);
objective = 8742;
----------
Team = array1d(1..72, [1, 2, 3, 4, 5, 6, 7, 8, 9, 10, 11, 12, 1, 2, 3, 4, 5, 6, 7, 8, 9, 10, 11, 12, 1, 2, 3, 4, 5, 6, 7, 8, 9, 10, 11, 12, 1, 2, 3, 4, 5, 6, 7, 8, 9, 10, 11, 12, 1, 3, 5, 11, 4, 8, 6, 12, 2, 7, 9, 10, 12, 2, 6, 4, 10, 11, 5, 3, 7, 9, 8, 1]);
objective = 8744;
----------
Team = array1d(1..72, [1, 2, 3, 4, 5, 6, 7, 8, 9, 10, 11, 12, 1, 2, 3, 4, 5, 6, 7, 8, 9, 10, 11, 12, 1, 2, 3, 4, 5, 6, 7, 8, 9, 10, 11, 12, 1, 2, 3, 4, 5, 6, 7, 8, 9, 10, 11, 12, 1, 3, 5, 11, 4, 8, 12, 6, 2, 7, 9, 10, 4, 12, 6, 2, 10, 11, 5, 3, 7, 9, 1, 8]);
objective = 8747;
----------
Team = array1d(1..72, [1, 2, 3, 4, 5, 6, 7, 8, 9, 10, 11, 12, 1, 2, 3, 4, 5, 6, 7, 8, 9, 10, 11, 12, 1, 2, 3, 4, 5, 6, 7, 8, 9, 10, 11, 12, 1, 2, 3, 4, 5, 6, 7, 8, 9, 10, 11, 12, 1, 3, 5, 11, 4, 8, 12, 6, 2, 7, 9, 10, 4, 12, 6, 2, 10, 11, 5, 3, 7, 9, 8, 1]);
objective = 8750;
----------
Team = array1d(1..72, [1, 2, 3, 4, 5, 6, 7, 8, 9, 10, 11, 12, 1, 2, 3, 4, 5, 6, 7, 8, 9, 10, 11, 12, 1, 2, 3, 4, 5, 6, 7, 8, 9, 10, 11, 12, 1, 2, 3, 4, 5, 6, 7, 8, 9, 10, 11, 12, 1, 3, 5, 11, 4, 8, 12, 6, 2, 7, 9, 10, 4, 12, 6, 2, 10, 11, 5, 3, 9, 7, 8, 1]);
objective = 8751;
----------
Team = array1d(1..72, [1, 2, 3, 4, 5, 6, 7, 8, 9, 10, 11, 12, 1, 2, 3, 4, 5, 6, 7, 8, 9, 10, 11, 12, 1, 2, 3, 4, 5, 6, 7, 8, 9, 10, 11, 12, 1, 2, 3, 4, 5, 6, 7, 8, 9, 10, 11, 12, 1, 3, 5, 11, 4, 8, 12, 6, 2, 7, 9, 10, 12, 2, 6, 4, 10, 11, 5, 3, 9, 7, 8, 1]);
objective = 8752;
----------
Team = array1d(1..72, [1, 2, 3, 4, 5, 6, 7, 8, 9, 10, 11, 12, 1, 2, 3, 4, 5, 6, 7, 8, 9, 10, 11, 12, 1, 2, 3, 4, 5, 6, 7, 8, 9, 10, 11, 12, 1, 2, 3, 4, 5, 6, 7, 8, 9, 10, 11, 12, 1, 3, 5, 11, 4, 8, 12, 6, 2, 7, 9, 10, 12, 2, 6, 4, 10, 11, 5, 9, 3, 7, 8, 1]);
objective = 8755;
----------
