mznc2017_probs/gbac/reduced_UD4-gbac.dzn
objective = 15791;
period_of = array1d(1..36, [1, 1, 1, 1, 2, 1, 2, 1, 1, 1, 1, 1, 1, 1, 2, 1, 2, 2, 1, 1, 2, 1, 1, 1, 1, 1, 2, 1, 1, 2, 1, 1, 2, 2, 2, 2]);
----------
objective = 15360;
period_of = array1d(1..36, [1, 1, 1, 1, 2, 1, 2, 1, 1, 1, 1, 1, 1, 1, 2, 1, 2, 2, 1, 1, 2, 1, 1, 1, 1, 1, 2, 1, 1, 2, 1, 1, 2, 2, 3, 2]);
----------
objective = 15359;
period_of = array1d(1..36, [1, 1, 1, 1, 2, 1, 2, 1, 1, 1, 1, 1, 1, 1, 2, 1, 2, 2, 1, 1, 2, 1, 1, 1, 1, 1, 2, 1, 1, 2, 1, 1, 2, 2, 4, 2]);
----------
objective = 15286;
period_of = array1d(1..36, [1, 1, 1, 1, 2, 1, 2, 1, 1, 1, 1, 1, 1, 1, 2, 1, 2, 2, 1, 1, 2, 1, 1, 1, 1, 1, 2, 1, 2, 2, 1, 1, 2, 2, 2, 2]);
----------
objective = 14567;
period_of = array1d(1..36, [1, 1, 1, 1, 2, 1, 2, 1, 1, 1, 1, 1, 1, 1, 2, 1, 2, 2, 1, 1, 2, 1, 1, 1, 1, 1, 2, 1, 2, 2, 1, 1, 2, 2, 3, 2]);
----------
objective = 14566;
period_of = array1d(1..36, [1, 1, 1, 1, 2, 1, 2, 1, 1, 1, 1, 1, 1, 1, 2, 1, 2, 2, 1, 1, 2, 1, 1, 1, 1, 1, 2, 1, 2, 2, 1, 1, 2, 2, 4, 2]);
----------
objective = 14423;
period_of = array1d(1..36, [1, 1, 1, 1, 2, 1, 2, 1, 1, 1, 1, 1, 1, 1, 2, 1, 2, 2, 1, 1, 2, 1, 1, 1, 1, 1, 2, 1, 3, 2, 1, 1, 2, 2, 3, 2]);
----------
objective = 14134;
period_of = array1d(1..36, [1, 1, 1, 1, 2, 1, 2, 1, 1, 1, 1, 1, 1, 1, 2, 1, 2, 2, 1, 1, 2, 1, 1, 1, 1, 1, 2, 1, 3, 2, 1, 1, 2, 2, 4, 2]);
----------
objective = 13919;
period_of = array1d(1..36, [1, 1, 1, 1, 2, 1, 2, 1, 1, 1, 1, 1, 1, 1, 2, 1, 2, 2, 1, 1, 2, 1, 1, 1, 1, 1, 2, 2, 3, 2, 1, 1, 2, 2, 3, 2]);
----------
objective = 13630;
period_of = array1d(1..36, [1, 1, 1, 1, 2, 1, 2, 1, 1, 1, 1, 1, 1, 1, 2, 1, 2, 2, 1, 1, 2, 1, 1, 1, 1, 1, 2, 2, 3, 2, 1, 1, 2, 2, 4, 2]);
----------
objective = 13487;
period_of = array1d(1..36, [1, 1, 1, 1, 2, 1, 2, 1, 1, 1, 1, 1, 1, 1, 2, 1, 2, 2, 1, 1, 2, 1, 1, 1, 1, 1, 2, 3, 3, 2, 1, 1, 2, 2, 4, 2]);
----------
objective = 13200;
period_of = array1d(1..36, [1, 1, 1, 1, 2, 1, 2, 1, 1, 1, 1, 1, 1, 1, 2, 1, 2, 2, 1, 1, 2, 1, 1, 1, 1, 1, 2, 3, 4, 2, 1, 1, 2, 2, 5, 2]);
----------
objective = 13199;
period_of = array1d(1..36, [1, 1, 1, 1, 2, 1, 2, 1, 1, 1, 1, 1, 1, 1, 2, 1, 2, 2, 1, 1, 2, 1, 1, 1, 1, 1, 2, 3, 5, 2, 1, 1, 2, 2, 4, 2]);
----------
objective = 13198;
period_of = array1d(1..36, [1, 1, 1, 1, 2, 1, 2, 1, 1, 1, 1, 1, 1, 1, 2, 1, 2, 2, 1, 1, 2, 1, 1, 1, 1, 1, 2, 4, 3, 2, 1, 1, 2, 2, 5, 2]);
----------
objective = 13197;
period_of = array1d(1..36, [1, 1, 1, 1, 2, 1, 2, 1, 1, 1, 1, 1, 1, 1, 2, 1, 2, 2, 1, 1, 2, 1, 1, 1, 1, 2, 2, 1, 3, 2, 1, 1, 2, 2, 4, 2]);
----------
objective = 12982;
period_of = array1d(1..36, [1, 1, 1, 1, 2, 1, 2, 1, 1, 1, 1, 1, 1, 1, 2, 1, 2, 2, 1, 1, 2, 1, 1, 1, 1, 2, 2, 2, 3, 2, 1, 1, 2, 2, 3, 2]);
----------
objective = 12693;
period_of = array1d(1..36, [1, 1, 1, 1, 2, 1, 2, 1, 1, 1, 1, 1, 1, 1, 2, 1, 2, 2, 1, 1, 2, 1, 1, 1, 1, 2, 2, 2, 3, 2, 1, 1, 2, 2, 4, 2]);
----------
objective = 12550;
period_of = array1d(1..36, [1, 1, 1, 1, 2, 1, 2, 1, 1, 1, 1, 1, 1, 1, 2, 1, 2, 2, 1, 1, 2, 1, 1, 1, 1, 2, 2, 3, 3, 2, 1, 1, 2, 2, 4, 2]);
----------
objective = 12263;
period_of = array1d(1..36, [1, 1, 1, 1, 2, 1, 2, 1, 1, 1, 1, 1, 1, 1, 2, 1, 2, 2, 1, 1, 2, 1, 1, 1, 1, 2, 2, 3, 4, 2, 1, 1, 2, 2, 5, 2]);
----------
objective = 12262;
period_of = array1d(1..36, [1, 1, 1, 1, 2, 1, 2, 1, 1, 1, 1, 1, 1, 1, 2, 1, 2, 2, 1, 1, 2, 1, 1, 1, 1, 2, 2, 3, 5, 2, 1, 1, 2, 2, 4, 2]);
----------
objective = 12261;
period_of = array1d(1..36, [1, 1, 1, 1, 2, 1, 2, 1, 1, 1, 1, 1, 1, 1, 2, 1, 2, 2, 1, 1, 2, 1, 1, 1, 1, 2, 2, 4, 3, 2, 1, 1, 2, 2, 5, 2]);
----------
objective = 11975;
period_of = array1d(1..36, [1, 1, 1, 1, 2, 1, 2, 1, 1, 1, 1, 1, 1, 1, 2, 1, 2, 2, 1, 1, 2, 1, 1, 1, 1, 3, 2, 3, 4, 2, 1, 1, 2, 2, 5, 2]);
----------
objective = 11974;
period_of = array1d(1..36, [1, 1, 1, 1, 2, 1, 2, 1, 1, 1, 1, 1, 1, 1, 2, 1, 2, 2, 1, 1, 2, 1, 1, 1, 1, 3, 2, 3, 5, 2, 1, 1, 2, 2, 4, 2]);
----------
objective = 11973;
period_of = array1d(1..36, [1, 1, 1, 1, 2, 1, 2, 1, 1, 1, 1, 1, 1, 1, 2, 1, 2, 2, 1, 1, 2, 1, 1, 1, 1, 3, 2, 4, 3, 2, 1, 1, 2, 2, 5, 2]);
----------
objective = 11761;
period_of = array1d(1..36, [1, 1, 1, 1, 2, 1, 2, 1, 1, 1, 1, 1, 1, 1, 2, 1, 2, 2, 1, 1, 2, 1, 1, 1, 2, 1, 2, 3, 4, 2, 1, 1, 2, 2, 5, 2]);
----------
objective = 11760;
period_of = array1d(1..36, [1, 1, 1, 1, 2, 1, 2, 1, 1, 1, 1, 1, 1, 1, 2, 1, 2, 2, 1, 1, 2, 1, 1, 1, 2, 1, 2, 3, 5, 2, 1, 1, 2, 2, 4, 2]);
----------
objective = 11759;
period_of = array1d(1..36, [1, 1, 1, 1, 2, 1, 2, 1, 1, 1, 1, 1, 1, 1, 2, 1, 2, 2, 1, 1, 2, 1, 1, 1, 2, 1, 2, 4, 3, 2, 1, 1, 2, 2, 5, 2]);
----------
objective = 11542;
period_of = array1d(1..36, [1, 1, 1, 1, 2, 1, 2, 1, 1, 1, 1, 1, 1, 1, 2, 1, 2, 2, 1, 1, 2, 1, 1, 1, 2, 3, 2, 2, 3, 2, 1, 1, 2, 2, 4, 2]);
----------
objective = 11399;
period_of = array1d(1..36, [1, 1, 1, 1, 2, 1, 2, 1, 1, 1, 1, 1, 1, 1, 2, 1, 2, 2, 1, 1, 2, 1, 1, 1, 2, 3, 2, 3, 3, 2, 1, 1, 2, 2, 4, 2]);
----------
objective = 11112;
period_of = array1d(1..36, [1, 1, 1, 1, 2, 1, 2, 1, 1, 1, 1, 1, 1, 1, 2, 1, 2, 2, 1, 1, 2, 1, 1, 1, 2, 3, 2, 3, 4, 2, 1, 1, 2, 2, 5, 2]);
----------
objective = 11111;
period_of = array1d(1..36, [1, 1, 1, 1, 2, 1, 2, 1, 1, 1, 1, 1, 1, 1, 2, 1, 2, 2, 1, 1, 2, 1, 1, 1, 2, 3, 2, 3, 5, 2, 1, 1, 2, 2, 4, 2]);
----------
objective = 11110;
period_of = array1d(1..36, [1, 1, 1, 1, 2, 1, 2, 1, 1, 1, 1, 1, 1, 1, 2, 1, 2, 2, 1, 1, 2, 1, 1, 1, 2, 3, 2, 4, 3, 2, 1, 1, 2, 2, 5, 2]);
----------
objective = 11040;
period_of = array1d(1..36, [1, 1, 1, 1, 2, 1, 2, 1, 1, 1, 1, 1, 1, 1, 2, 1, 2, 2, 1, 1, 2, 1, 1, 1, 3, 1, 2, 3, 3, 2, 1, 1, 2, 2, 4, 2]);
----------
objective = 10753;
period_of = array1d(1..36, [1, 1, 1, 1, 2, 1, 2, 1, 1, 1, 1, 1, 1, 1, 2, 1, 2, 2, 1, 1, 2, 1, 1, 1, 3, 1, 2, 3, 4, 2, 1, 1, 2, 2, 5, 2]);
----------
objective = 10752;
period_of = array1d(1..36, [1, 1, 1, 1, 2, 1, 2, 1, 1, 1, 1, 1, 1, 1, 2, 1, 2, 2, 1, 1, 2, 1, 1, 1, 3, 1, 2, 3, 5, 2, 1, 1, 2, 2, 4, 2]);
----------
objective = 10751;
period_of = array1d(1..36, [1, 1, 1, 1, 2, 1, 2, 1, 1, 1, 1, 1, 1, 1, 2, 1, 2, 2, 1, 1, 2, 1, 1, 1, 3, 1, 2, 4, 3, 2, 1, 1, 2, 2, 5, 2]);
----------
objective = 10679;
period_of = array1d(1..36, [1, 1, 1, 1, 2, 1, 2, 1, 1, 1, 1, 1, 1, 1, 2, 1, 2, 2, 1, 1, 2, 1, 1, 1, 3, 2, 2, 3, 3, 2, 1, 1, 2, 2, 4, 2]);
----------
objective = 10392;
period_of = array1d(1..36, [1, 1, 1, 1, 2, 1, 2, 1, 1, 1, 1, 1, 1, 1, 2, 1, 2, 2, 1, 1, 2, 1, 1, 1, 3, 2, 2, 3, 4, 2, 1, 1, 2, 2, 5, 2]);
----------
objective = 10391;
period_of = array1d(1..36, [1, 1, 1, 1, 2, 1, 2, 1, 1, 1, 1, 1, 1, 1, 2, 1, 2, 2, 1, 1, 2, 1, 1, 1, 3, 2, 2, 3, 5, 2, 1, 1, 2, 2, 4, 2]);
----------
objective = 10390;
period_of = array1d(1..36, [1, 1, 1, 1, 2, 1, 2, 1, 1, 1, 1, 1, 1, 1, 2, 1, 2, 2, 1, 1, 2, 1, 1, 1, 3, 2, 2, 4, 3, 2, 1, 1, 2, 2, 5, 2]);
----------
objective = 10105;
period_of = array1d(1..36, [1, 1, 1, 1, 2, 1, 2, 1, 1, 1, 1, 1, 1, 1, 2, 1, 2, 2, 1, 1, 2, 1, 1, 1, 3, 4, 2, 3, 4, 2, 1, 1, 2, 2, 5, 2]);
----------
objective = 10104;
period_of = array1d(1..36, [1, 1, 1, 1, 2, 1, 2, 1, 1, 1, 1, 1, 1, 1, 2, 1, 2, 2, 1, 1, 2, 1, 1, 1, 3, 4, 2, 3, 5, 2, 1, 1, 2, 2, 4, 2]);
----------
objective = 10103;
period_of = array1d(1..36, [1, 1, 1, 1, 2, 1, 2, 1, 1, 1, 1, 1, 1, 1, 2, 1, 2, 2, 1, 1, 2, 1, 1, 1, 3, 4, 2, 4, 3, 2, 1, 1, 2, 2, 5, 2]);
----------
objective = 10102;
period_of = array1d(1..36, [1, 1, 1, 1, 2, 1, 2, 1, 1, 1, 1, 1, 1, 1, 2, 1, 2, 2, 1, 1, 2, 1, 1, 1, 3, 5, 2, 4, 3, 2, 1, 1, 2, 2, 5, 2]);
----------
objective = 10101;
period_of = array1d(1..36, [1, 1, 1, 1, 2, 1, 2, 1, 1, 1, 1, 1, 1, 1, 2, 1, 2, 2, 1, 1, 2, 1, 1, 1, 4, 3, 2, 4, 3, 2, 1, 1, 2, 2, 5, 2]);
----------
objective = 9817;
period_of = array1d(1..36, [1, 1, 1, 1, 2, 1, 2, 1, 1, 1, 1, 1, 1, 1, 2, 1, 2, 2, 1, 1, 2, 1, 1, 1, 3, 2, 3, 3, 4, 2, 1, 1, 2, 2, 5, 2]);
----------
objective = 9816;
period_of = array1d(1..36, [1, 1, 1, 1, 2, 1, 2, 1, 1, 1, 1, 1, 1, 1, 2, 1, 2, 2, 1, 1, 2, 1, 1, 1, 3, 2, 3, 3, 5, 2, 1, 1, 2, 2, 4, 2]);
----------
objective = 9815;
period_of = array1d(1..36, [1, 1, 1, 1, 2, 1, 2, 1, 1, 1, 1, 1, 1, 1, 2, 1, 2, 2, 1, 1, 2, 1, 1, 1, 3, 2, 3, 4, 3, 2, 1, 1, 2, 2, 5, 2]);
----------
objective = 9530;
period_of = array1d(1..36, [1, 1, 1, 1, 2, 1, 2, 1, 1, 1, 1, 1, 1, 1, 2, 1, 2, 2, 1, 1, 2, 1, 1, 1, 3, 4, 3, 3, 4, 2, 1, 1, 2, 2, 5, 2]);
----------
objective = 9529;
period_of = array1d(1..36, [1, 1, 1, 1, 2, 1, 2, 1, 1, 1, 1, 1, 1, 1, 2, 1, 2, 2, 1, 1, 2, 1, 1, 1, 3, 4, 3, 3, 5, 2, 1, 1, 2, 2, 4, 2]);
----------
objective = 9528;
period_of = array1d(1..36, [1, 1, 1, 1, 2, 1, 2, 1, 1, 1, 1, 1, 1, 1, 2, 1, 2, 2, 1, 1, 2, 1, 1, 1, 3, 4, 3, 4, 3, 2, 1, 1, 2, 2, 5, 2]);
----------
objective = 9527;
period_of = array1d(1..36, [1, 1, 1, 1, 2, 1, 2, 1, 1, 1, 1, 1, 1, 1, 2, 1, 2, 2, 1, 1, 2, 1, 1, 1, 3, 5, 3, 4, 3, 2, 1, 1, 2, 2, 5, 2]);
----------
objective = 9384;
period_of = array1d(1..36, [1, 1, 1, 1, 2, 1, 2, 1, 1, 1, 1, 1, 1, 1, 2, 1, 2, 2, 1, 1, 2, 1, 1, 1, 4, 3, 3, 3, 4, 2, 1, 1, 2, 2, 5, 2]);
----------
objective = 9383;
period_of = array1d(1..36, [1, 1, 1, 1, 2, 1, 2, 1, 1, 1, 1, 1, 1, 1, 2, 1, 2, 2, 1, 1, 2, 1, 1, 1, 4, 3, 3, 3, 5, 2, 1, 1, 2, 2, 4, 2]);
----------
objective = 9382;
period_of = array1d(1..36, [1, 1, 1, 1, 2, 1, 2, 1, 1, 1, 1, 1, 1, 1, 2, 1, 2, 2, 1, 1, 2, 1, 1, 1, 4, 3, 3, 4, 3, 2, 1, 1, 2, 2, 5, 2]);
----------
objective = 9381;
period_of = array1d(1..36, [1, 1, 1, 1, 2, 1, 2, 1, 1, 1, 1, 1, 1, 1, 2, 1, 2, 2, 1, 1, 2, 1, 1, 1, 4, 3, 5, 4, 3, 2, 1, 1, 2, 2, 5, 2]);
----------
objective = 9312;
period_of = array1d(1..36, [1, 1, 1, 1, 2, 1, 2, 1, 1, 1, 1, 1, 1, 1, 2, 1, 2, 2, 1, 1, 2, 1, 1, 2, 3, 1, 4, 3, 4, 2, 1, 1, 2, 2, 5, 2]);
----------
objective = 9311;
period_of = array1d(1..36, [1, 1, 1, 1, 2, 1, 2, 1, 1, 1, 1, 1, 1, 1, 2, 1, 2, 2, 1, 1, 2, 1, 1, 2, 3, 1, 4, 3, 5, 2, 1, 1, 2, 2, 4, 2]);
----------
objective = 9310;
period_of = array1d(1..36, [1, 1, 1, 1, 2, 1, 2, 1, 1, 1, 1, 1, 1, 1, 2, 1, 2, 2, 1, 1, 2, 1, 1, 2, 3, 1, 4, 4, 3, 2, 1, 1, 2, 2, 5, 2]);
----------
objective = 9096;
period_of = array1d(1..36, [1, 1, 1, 1, 2, 1, 2, 1, 1, 1, 1, 1, 1, 1, 2, 1, 2, 2, 1, 1, 2, 1, 1, 2, 3, 2, 3, 3, 4, 2, 1, 1, 2, 2, 5, 2]);
----------
objective = 9095;
period_of = array1d(1..36, [1, 1, 1, 1, 2, 1, 2, 1, 1, 1, 1, 1, 1, 1, 2, 1, 2, 2, 1, 1, 2, 1, 1, 2, 3, 2, 3, 3, 5, 2, 1, 1, 2, 2, 4, 2]);
----------
objective = 9094;
period_of = array1d(1..36, [1, 1, 1, 1, 2, 1, 2, 1, 1, 1, 1, 1, 1, 1, 2, 1, 2, 2, 1, 1, 2, 1, 1, 2, 3, 2, 3, 4, 3, 2, 1, 1, 2, 2, 5, 2]);
----------
objective = 8951;
period_of = array1d(1..36, [1, 1, 1, 1, 2, 1, 2, 1, 1, 1, 1, 1, 1, 1, 2, 1, 2, 2, 1, 1, 2, 1, 1, 2, 3, 2, 4, 3, 4, 2, 1, 1, 2, 2, 5, 2]);
----------
objective = 8950;
period_of = array1d(1..36, [1, 1, 1, 1, 2, 1, 2, 1, 1, 1, 1, 1, 1, 1, 2, 1, 2, 2, 1, 1, 2, 1, 1, 2, 3, 2, 4, 3, 5, 2, 1, 1, 2, 2, 4, 2]);
----------
objective = 8949;
period_of = array1d(1..36, [1, 1, 1, 1, 2, 1, 2, 1, 1, 1, 1, 1, 1, 1, 2, 1, 2, 2, 1, 1, 2, 1, 1, 2, 3, 2, 4, 4, 3, 2, 1, 1, 2, 2, 5, 2]);
----------
objective = 8809;
period_of = array1d(1..36, [1, 1, 1, 1, 2, 1, 2, 1, 1, 1, 1, 1, 1, 1, 2, 1, 2, 2, 1, 1, 2, 1, 1, 2, 3, 4, 3, 3, 4, 2, 1, 1, 2, 2, 5, 2]);
----------
objective = 8808;
period_of = array1d(1..36, [1, 1, 1, 1, 2, 1, 2, 1, 1, 1, 1, 1, 1, 1, 2, 1, 2, 2, 1, 1, 2, 1, 1, 2, 3, 4, 3, 3, 5, 2, 1, 1, 2, 2, 4, 2]);
----------
objective = 8807;
period_of = array1d(1..36, [1, 1, 1, 1, 2, 1, 2, 1, 1, 1, 1, 1, 1, 1, 2, 1, 2, 2, 1, 1, 2, 1, 1, 2, 3, 4, 3, 4, 3, 2, 1, 1, 2, 2, 5, 2]);
----------
objective = 8664;
period_of = array1d(1..36, [1, 1, 1, 1, 2, 1, 2, 1, 1, 1, 1, 1, 1, 1, 2, 1, 2, 2, 1, 1, 2, 1, 1, 2, 3, 4, 4, 3, 4, 2, 1, 1, 2, 2, 5, 2]);
----------
objective = 8663;
period_of = array1d(1..36, [1, 1, 1, 1, 2, 1, 2, 1, 1, 1, 1, 1, 1, 1, 2, 1, 2, 2, 1, 1, 2, 1, 1, 2, 3, 4, 4, 3, 5, 2, 1, 1, 2, 2, 4, 2]);
----------
objective = 8662;
period_of = array1d(1..36, [1, 1, 1, 1, 2, 1, 2, 1, 1, 1, 1, 1, 1, 1, 2, 1, 2, 2, 1, 1, 2, 1, 1, 2, 3, 4, 4, 4, 3, 2, 1, 1, 2, 2, 5, 2]);
----------
objective = 8661;
period_of = array1d(1..36, [1, 1, 1, 1, 2, 1, 2, 1, 1, 1, 1, 1, 1, 1, 2, 1, 2, 2, 1, 1, 2, 1, 1, 2, 3, 5, 4, 4, 3, 2, 1, 1, 2, 2, 5, 2]);
----------
objective = 8660;
period_of = array1d(1..36, [1, 1, 1, 1, 2, 1, 2, 1, 1, 1, 1, 1, 1, 1, 2, 1, 2, 2, 1, 1, 2, 1, 1, 2, 4, 3, 5, 4, 3, 2, 1, 1, 2, 2, 5, 2]);
----------
objective = 8375;
period_of = array1d(1..36, [1, 1, 1, 1, 2, 1, 2, 1, 1, 1, 1, 1, 1, 1, 2, 1, 2, 2, 1, 1, 2, 1, 1, 3, 3, 2, 4, 3, 4, 2, 1, 1, 2, 2, 5, 2]);
----------
objective = 8374;
period_of = array1d(1..36, [1, 1, 1, 1, 2, 1, 2, 1, 1, 1, 1, 1, 1, 1, 2, 1, 2, 2, 1, 1, 2, 1, 1, 3, 3, 2, 4, 3, 5, 2, 1, 1, 2, 2, 4, 2]);
----------
objective = 8373;
period_of = array1d(1..36, [1, 1, 1, 1, 2, 1, 2, 1, 1, 1, 1, 1, 1, 1, 2, 1, 2, 2, 1, 1, 2, 1, 1, 3, 3, 2, 4, 4, 3, 2, 1, 1, 2, 2, 5, 2]);
----------
objective = 8088;
period_of = array1d(1..36, [1, 1, 1, 1, 2, 1, 2, 1, 1, 1, 1, 1, 1, 1, 2, 1, 2, 2, 1, 1, 2, 1, 1, 3, 3, 4, 4, 3, 4, 2, 1, 1, 2, 2, 5, 2]);
----------
objective = 8087;
period_of = array1d(1..36, [1, 1, 1, 1, 2, 1, 2, 1, 1, 1, 1, 1, 1, 1, 2, 1, 2, 2, 1, 1, 2, 1, 1, 3, 3, 4, 4, 3, 5, 2, 1, 1, 2, 2, 4, 2]);
----------
objective = 8086;
period_of = array1d(1..36, [1, 1, 1, 1, 2, 1, 2, 1, 1, 1, 1, 1, 1, 1, 2, 1, 2, 2, 1, 1, 2, 1, 1, 3, 3, 4, 4, 4, 3, 2, 1, 1, 2, 2, 5, 2]);
----------
objective = 8085;
period_of = array1d(1..36, [1, 1, 1, 1, 2, 1, 2, 1, 1, 1, 1, 1, 1, 1, 2, 1, 2, 2, 1, 1, 2, 1, 1, 3, 3, 5, 4, 4, 3, 2, 1, 1, 2, 2, 5, 2]);
----------
objective = 8084;
period_of = array1d(1..36, [1, 1, 1, 1, 2, 1, 2, 1, 1, 1, 1, 1, 1, 1, 2, 1, 2, 2, 1, 1, 2, 1, 1, 3, 4, 3, 4, 4, 3, 2, 1, 1, 2, 2, 5, 2]);
----------
objective = 7942;
period_of = array1d(1..36, [1, 1, 1, 1, 2, 1, 2, 1, 1, 1, 1, 1, 1, 1, 2, 1, 2, 2, 1, 1, 2, 1, 1, 3, 4, 3, 5, 3, 4, 2, 1, 1, 2, 2, 5, 2]);
----------
objective = 7941;
period_of = array1d(1..36, [1, 1, 1, 1, 2, 1, 2, 1, 1, 1, 1, 1, 1, 1, 2, 1, 2, 2, 1, 1, 2, 1, 1, 3, 4, 3, 5, 3, 5, 2, 1, 1, 2, 2, 4, 2]);
----------
objective = 7940;
period_of = array1d(1..36, [1, 1, 1, 1, 2, 1, 2, 1, 1, 1, 1, 1, 1, 1, 2, 1, 2, 2, 1, 1, 2, 1, 1, 3, 4, 3, 5, 4, 3, 2, 1, 1, 2, 2, 5, 2]);
----------
objective = 7798;
period_of = array1d(1..36, [1, 1, 1, 1, 2, 1, 2, 1, 1, 1, 1, 1, 1, 1, 2, 1, 2, 2, 1, 1, 2, 2, 1, 3, 4, 3, 5, 3, 4, 2, 1, 1, 2, 2, 5, 2]);
----------
objective = 7797;
period_of = array1d(1..36, [1, 1, 1, 1, 2, 1, 2, 1, 1, 1, 1, 1, 1, 1, 2, 1, 2, 2, 1, 1, 2, 2, 1, 3, 4, 3, 5, 3, 5, 2, 1, 1, 2, 2, 4, 2]);
----------
objective = 7796;
period_of = array1d(1..36, [1, 1, 1, 1, 2, 1, 2, 1, 1, 1, 1, 1, 1, 1, 2, 1, 2, 2, 1, 1, 2, 2, 1, 3, 4, 3, 5, 4, 3, 2, 1, 1, 2, 2, 5, 2]);
----------
objective = 7655;
period_of = array1d(1..36, [1, 1, 1, 1, 2, 1, 2, 1, 1, 1, 1, 1, 1, 1, 2, 1, 2, 2, 1, 1, 2, 3, 1, 3, 4, 3, 5, 3, 4, 2, 1, 1, 2, 2, 5, 2]);
----------
objective = 7654;
period_of = array1d(1..36, [1, 1, 1, 1, 2, 1, 2, 1, 1, 1, 1, 1, 1, 1, 2, 1, 2, 2, 1, 1, 2, 3, 1, 3, 4, 3, 5, 3, 5, 2, 1, 1, 2, 2, 4, 2]);
----------
objective = 7653;
period_of = array1d(1..36, [1, 1, 1, 1, 2, 1, 2, 1, 1, 1, 1, 1, 1, 1, 2, 1, 2, 2, 1, 1, 2, 3, 1, 3, 4, 3, 5, 4, 3, 2, 1, 1, 2, 2, 5, 2]);
----------
objective = 7514;
period_of = array1d(1..36, [1, 1, 1, 1, 2, 1, 2, 1, 1, 1, 1, 1, 1, 1, 2, 1, 2, 2, 1, 1, 2, 3, 1, 4, 3, 4, 5, 3, 4, 2, 1, 1, 2, 2, 5, 2]);
----------
objective = 7513;
period_of = array1d(1..36, [1, 1, 1, 1, 2, 1, 2, 1, 1, 1, 1, 1, 1, 1, 2, 1, 2, 2, 1, 1, 2, 3, 1, 4, 3, 4, 5, 3, 5, 2, 1, 1, 2, 2, 4, 2]);
----------
objective = 7512;
period_of = array1d(1..36, [1, 1, 1, 1, 2, 1, 2, 1, 1, 1, 1, 1, 1, 1, 2, 1, 2, 2, 1, 1, 2, 3, 1, 4, 3, 4, 5, 4, 3, 2, 1, 1, 2, 2, 5, 2]);
----------
objective = 7511;
period_of = array1d(1..36, [1, 1, 1, 1, 2, 1, 2, 1, 1, 1, 1, 1, 1, 1, 2, 1, 2, 2, 1, 1, 2, 3, 1, 4, 3, 5, 5, 4, 3, 2, 1, 1, 2, 2, 5, 2]);
----------
objective = 7510;
period_of = array1d(1..36, [1, 1, 1, 1, 2, 1, 2, 1, 1, 1, 1, 1, 1, 1, 2, 1, 2, 2, 1, 1, 2, 3, 1, 5, 3, 5, 4, 4, 3, 2, 1, 1, 2, 2, 5, 2]);
----------
objective = 7509;
period_of = array1d(1..36, [1, 1, 1, 1, 2, 1, 2, 1, 1, 1, 1, 1, 1, 1, 2, 1, 2, 2, 1, 1, 2, 3, 1, 6, 4, 3, 5, 4, 3, 2, 1, 1, 2, 2, 5, 2]);
----------
objective = 7508;
period_of = array1d(1..36, [1, 1, 1, 1, 2, 1, 2, 1, 1, 1, 1, 1, 1, 1, 2, 1, 2, 2, 1, 1, 2, 4, 1, 3, 4, 3, 5, 4, 3, 2, 1, 1, 2, 2, 5, 2]);
----------
objective = 7440;
period_of = array1d(1..36, [1, 1, 1, 1, 2, 1, 2, 1, 1, 1, 1, 1, 1, 1, 2, 1, 2, 2, 1, 2, 2, 3, 1, 3, 4, 3, 5, 3, 4, 2, 1, 1, 2, 2, 5, 2]);
----------
objective = 7439;
period_of = array1d(1..36, [1, 1, 1, 1, 2, 1, 2, 1, 1, 1, 1, 1, 1, 1, 2, 1, 2, 2, 1, 2, 2, 3, 1, 3, 4, 3, 5, 3, 5, 2, 1, 1, 2, 2, 4, 2]);
----------
objective = 7438;
period_of = array1d(1..36, [1, 1, 1, 1, 2, 1, 2, 1, 1, 1, 1, 1, 1, 1, 2, 1, 2, 2, 1, 2, 2, 3, 1, 3, 4, 3, 5, 4, 3, 2, 1, 1, 2, 2, 5, 2]);
----------
objective = 7299;
period_of = array1d(1..36, [1, 1, 1, 1, 2, 1, 2, 1, 1, 1, 1, 1, 1, 1, 2, 1, 2, 2, 1, 2, 2, 3, 1, 4, 3, 4, 5, 3, 4, 2, 1, 1, 2, 2, 5, 2]);
----------
objective = 7298;
period_of = array1d(1..36, [1, 1, 1, 1, 2, 1, 2, 1, 1, 1, 1, 1, 1, 1, 2, 1, 2, 2, 1, 2, 2, 3, 1, 4, 3, 4, 5, 3, 5, 2, 1, 1, 2, 2, 4, 2]);
----------
objective = 7297;
period_of = array1d(1..36, [1, 1, 1, 1, 2, 1, 2, 1, 1, 1, 1, 1, 1, 1, 2, 1, 2, 2, 1, 2, 2, 3, 1, 4, 3, 4, 5, 4, 3, 2, 1, 1, 2, 2, 5, 2]);
----------
objective = 7296;
period_of = array1d(1..36, [1, 1, 1, 1, 2, 1, 2, 1, 1, 1, 1, 1, 1, 1, 2, 1, 2, 2, 1, 2, 2, 3, 1, 4, 3, 5, 5, 4, 3, 2, 1, 1, 2, 2, 5, 2]);
----------
objective = 7295;
period_of = array1d(1..36, [1, 1, 1, 1, 2, 1, 2, 1, 1, 1, 1, 1, 1, 1, 2, 1, 2, 2, 1, 2, 2, 3, 1, 5, 3, 5, 4, 4, 3, 2, 1, 1, 2, 2, 5, 2]);
----------
objective = 7294;
period_of = array1d(1..36, [1, 1, 1, 1, 2, 1, 2, 1, 1, 1, 1, 1, 1, 1, 2, 1, 2, 2, 1, 2, 2, 3, 1, 6, 4, 3, 5, 4, 3, 2, 1, 1, 2, 2, 5, 2]);
----------
objective = 7293;
period_of = array1d(1..36, [1, 1, 1, 1, 2, 1, 2, 1, 1, 1, 1, 1, 1, 1, 2, 1, 2, 2, 1, 2, 2, 4, 1, 3, 4, 3, 5, 4, 3, 2, 1, 1, 2, 2, 5, 2]);
----------
objective = 7222;
period_of = array1d(1..36, [1, 1, 1, 1, 2, 1, 2, 1, 1, 1, 1, 1, 1, 1, 2, 1, 2, 2, 1, 3, 2, 1, 1, 3, 4, 3, 5, 3, 4, 2, 1, 1, 2, 2, 5, 2]);
----------
objective = 7221;
period_of = array1d(1..36, [1, 1, 1, 1, 2, 1, 2, 1, 1, 1, 1, 1, 1, 1, 2, 1, 2, 2, 1, 3, 2, 1, 1, 3, 4, 3, 5, 3, 5, 2, 1, 1, 2, 2, 4, 2]);
----------
objective = 7220;
period_of = array1d(1..36, [1, 1, 1, 1, 2, 1, 2, 1, 1, 1, 1, 1, 1, 1, 2, 1, 2, 2, 1, 3, 2, 1, 1, 3, 4, 3, 5, 4, 3, 2, 1, 1, 2, 2, 5, 2]);
----------
objective = 7009;
period_of = array1d(1..36, [1, 1, 1, 1, 2, 1, 2, 1, 1, 1, 1, 1, 1, 1, 2, 1, 2, 2, 1, 3, 2, 1, 1, 4, 3, 4, 5, 3, 4, 2, 1, 1, 2, 2, 5, 2]);
----------
objective = 7008;
period_of = array1d(1..36, [1, 1, 1, 1, 2, 1, 2, 1, 1, 1, 1, 1, 1, 1, 2, 1, 2, 2, 1, 3, 2, 1, 1, 4, 3, 4, 5, 3, 5, 2, 1, 1, 2, 2, 4, 2]);
----------
objective = 7007;
period_of = array1d(1..36, [1, 1, 1, 1, 2, 1, 2, 1, 1, 1, 1, 1, 1, 1, 2, 1, 2, 2, 1, 3, 2, 1, 1, 4, 3, 4, 5, 4, 3, 2, 1, 1, 2, 2, 5, 2]);
----------
objective = 7006;
period_of = array1d(1..36, [1, 1, 1, 1, 2, 1, 2, 1, 1, 1, 1, 1, 1, 1, 2, 1, 2, 2, 1, 3, 2, 1, 1, 4, 3, 5, 5, 4, 3, 2, 1, 1, 2, 2, 5, 2]);
----------
objective = 7005;
period_of = array1d(1..36, [1, 1, 1, 1, 2, 1, 2, 1, 1, 1, 1, 1, 1, 1, 2, 1, 2, 2, 1, 3, 2, 1, 1, 4, 4, 3, 5, 4, 3, 2, 1, 1, 2, 2, 5, 2]);
----------
objective = 6865;
period_of = array1d(1..36, [1, 1, 1, 1, 2, 1, 2, 1, 1, 1, 1, 1, 1, 1, 2, 1, 2, 2, 1, 3, 2, 1, 1, 4, 5, 3, 6, 3, 4, 2, 1, 1, 2, 2, 5, 2]);
----------
objective = 6864;
period_of = array1d(1..36, [1, 1, 1, 1, 2, 1, 2, 1, 1, 1, 1, 1, 1, 1, 2, 1, 2, 2, 1, 3, 2, 1, 1, 4, 5, 3, 6, 3, 5, 2, 1, 1, 2, 2, 4, 2]);
----------
objective = 6863;
period_of = array1d(1..36, [1, 1, 1, 1, 2, 1, 2, 1, 1, 1, 1, 1, 1, 1, 2, 1, 2, 2, 1, 3, 2, 1, 1, 4, 5, 3, 6, 4, 3, 2, 1, 1, 2, 2, 5, 2]);
----------
objective = 6862;
period_of = array1d(1..36, [1, 1, 1, 1, 2, 1, 2, 1, 1, 1, 1, 1, 1, 1, 2, 1, 2, 2, 1, 3, 2, 1, 1, 4, 6, 3, 5, 4, 3, 2, 1, 1, 2, 2, 5, 2]);
----------
objective = 6861;
period_of = array1d(1..36, [1, 1, 1, 1, 2, 1, 2, 1, 1, 1, 1, 1, 1, 1, 2, 1, 2, 2, 1, 3, 2, 1, 1, 5, 4, 3, 6, 4, 3, 2, 1, 1, 2, 2, 5, 2]);
----------
objective = 6860;
period_of = array1d(1..36, [1, 1, 1, 1, 2, 1, 2, 1, 1, 1, 1, 1, 1, 1, 2, 1, 2, 2, 1, 3, 2, 1, 1, 6, 4, 3, 5, 4, 3, 2, 1, 1, 2, 2, 5, 2]);
----------
objective = 6722;
period_of = array1d(1..36, [1, 1, 1, 1, 2, 1, 2, 1, 1, 1, 1, 1, 1, 1, 2, 1, 2, 2, 1, 3, 2, 3, 1, 4, 5, 3, 6, 3, 4, 2, 1, 1, 2, 2, 5, 2]);
----------
objective = 6721;
period_of = array1d(1..36, [1, 1, 1, 1, 2, 1, 2, 1, 1, 1, 1, 1, 1, 1, 2, 1, 2, 2, 1, 3, 2, 3, 1, 4, 5, 3, 6, 3, 5, 2, 1, 1, 2, 2, 4, 2]);
----------
objective = 6720;
period_of = array1d(1..36, [1, 1, 1, 1, 2, 1, 2, 1, 1, 1, 1, 1, 1, 1, 2, 1, 2, 2, 1, 3, 2, 3, 1, 4, 5, 3, 6, 4, 3, 2, 1, 1, 2, 2, 5, 2]);
----------
objective = 6719;
period_of = array1d(1..36, [1, 1, 1, 1, 2, 1, 2, 1, 1, 1, 1, 1, 1, 1, 2, 1, 2, 2, 1, 3, 2, 3, 1, 4, 6, 3, 5, 4, 3, 2, 1, 1, 2, 2, 5, 2]);
----------
objective = 6718;
period_of = array1d(1..36, [1, 1, 1, 1, 2, 1, 2, 1, 1, 1, 1, 1, 1, 1, 2, 1, 2, 2, 1, 3, 2, 3, 1, 5, 4, 3, 6, 4, 3, 2, 1, 1, 2, 2, 5, 2]);
----------
objective = 6717;
period_of = array1d(1..36, [1, 1, 1, 1, 2, 1, 2, 1, 1, 1, 1, 1, 1, 1, 2, 1, 2, 2, 1, 3, 2, 3, 1, 6, 4, 3, 5, 4, 3, 2, 1, 1, 2, 2, 5, 2]);
----------
objective = 6575;
period_of = array1d(1..36, [1, 1, 1, 1, 2, 1, 2, 1, 1, 1, 1, 1, 1, 1, 2, 1, 2, 2, 1, 3, 2, 4, 1, 5, 4, 3, 6, 3, 4, 2, 1, 1, 2, 2, 5, 2]);
----------
objective = 6574;
period_of = array1d(1..36, [1, 1, 1, 1, 2, 1, 2, 1, 1, 1, 1, 1, 1, 1, 2, 1, 2, 2, 1, 3, 2, 4, 1, 5, 4, 3, 6, 3, 5, 2, 1, 1, 2, 2, 4, 2]);
----------
objective = 6573;
period_of = array1d(1..36, [1, 1, 1, 1, 2, 1, 2, 1, 1, 1, 1, 1, 1, 1, 2, 1, 2, 2, 1, 3, 2, 4, 1, 5, 4, 3, 6, 4, 3, 2, 1, 1, 2, 2, 5, 2]);
----------
objective = 6572;
period_of = array1d(1..36, [1, 1, 1, 1, 2, 1, 2, 1, 1, 1, 1, 1, 1, 1, 2, 1, 2, 2, 1, 3, 2, 4, 1, 6, 4, 3, 5, 4, 3, 2, 1, 1, 2, 2, 5, 2]);
----------
objective = 6505;
period_of = array1d(1..36, [1, 1, 1, 1, 2, 1, 2, 1, 1, 1, 1, 1, 1, 1, 2, 1, 2, 2, 3, 1, 2, 1, 1, 4, 5, 4, 6, 3, 4, 2, 1, 1, 2, 2, 5, 2]);
----------
objective = 6504;
period_of = array1d(1..36, [1, 1, 1, 1, 2, 1, 2, 1, 1, 1, 1, 1, 1, 1, 2, 1, 2, 2, 3, 1, 2, 1, 1, 4, 5, 4, 6, 3, 5, 2, 1, 1, 2, 2, 4, 2]);
----------
objective = 6503;
period_of = array1d(1..36, [1, 1, 1, 1, 2, 1, 2, 1, 1, 1, 1, 1, 1, 1, 2, 1, 2, 2, 3, 1, 2, 1, 1, 4, 5, 4, 6, 4, 3, 2, 1, 1, 2, 2, 5, 2]);
----------
objective = 6502;
period_of = array1d(1..36, [1, 1, 1, 1, 2, 1, 2, 1, 1, 1, 1, 1, 1, 1, 2, 1, 2, 2, 3, 1, 2, 1, 1, 4, 5, 6, 6, 4, 3, 2, 1, 1, 2, 2, 5, 2]);
----------
objective = 6501;
period_of = array1d(1..36, [1, 1, 1, 1, 2, 1, 2, 1, 1, 1, 1, 1, 1, 1, 2, 1, 2, 2, 3, 1, 2, 1, 1, 4, 6, 5, 5, 4, 3, 2, 1, 1, 2, 2, 5, 2]);
----------
objective = 6500;
period_of = array1d(1..36, [1, 1, 1, 1, 2, 1, 2, 1, 1, 1, 1, 1, 1, 1, 2, 1, 2, 2, 3, 1, 2, 1, 1, 5, 4, 5, 6, 4, 3, 2, 1, 1, 2, 2, 5, 2]);
----------
objective = 6499;
period_of = array1d(1..36, [1, 1, 1, 1, 2, 1, 2, 1, 1, 1, 1, 1, 1, 1, 2, 1, 2, 2, 3, 1, 2, 1, 1, 6, 4, 5, 5, 4, 3, 2, 1, 1, 2, 2, 5, 2]);
----------
objective = 6362;
period_of = array1d(1..36, [1, 1, 1, 1, 2, 1, 2, 1, 1, 1, 1, 1, 1, 1, 2, 1, 2, 2, 3, 1, 2, 3, 1, 4, 5, 4, 6, 3, 4, 2, 1, 1, 2, 2, 5, 2]);
----------
objective = 6361;
period_of = array1d(1..36, [1, 1, 1, 1, 2, 1, 2, 1, 1, 1, 1, 1, 1, 1, 2, 1, 2, 2, 3, 1, 2, 3, 1, 4, 5, 4, 6, 3, 5, 2, 1, 1, 2, 2, 4, 2]);
----------
objective = 6360;
period_of = array1d(1..36, [1, 1, 1, 1, 2, 1, 2, 1, 1, 1, 1, 1, 1, 1, 2, 1, 2, 2, 3, 1, 2, 3, 1, 4, 5, 4, 6, 4, 3, 2, 1, 1, 2, 2, 5, 2]);
----------
objective = 6359;
period_of = array1d(1..36, [1, 1, 1, 1, 2, 1, 2, 1, 1, 1, 1, 1, 1, 1, 2, 1, 2, 2, 3, 1, 2, 3, 1, 4, 5, 6, 6, 4, 3, 2, 1, 1, 2, 2, 5, 2]);
----------
objective = 6358;
period_of = array1d(1..36, [1, 1, 1, 1, 2, 1, 2, 1, 1, 1, 1, 1, 1, 1, 2, 1, 2, 2, 3, 1, 2, 3, 1, 4, 6, 5, 5, 4, 3, 2, 1, 1, 2, 2, 5, 2]);
----------
objective = 6357;
period_of = array1d(1..36, [1, 1, 1, 1, 2, 1, 2, 1, 1, 1, 1, 1, 1, 1, 2, 1, 2, 2, 3, 1, 2, 3, 1, 5, 4, 5, 6, 4, 3, 2, 1, 1, 2, 2, 5, 2]);
----------
objective = 6356;
period_of = array1d(1..36, [1, 1, 1, 1, 2, 1, 2, 1, 1, 1, 1, 1, 1, 1, 2, 1, 2, 2, 3, 1, 2, 3, 1, 6, 4, 5, 5, 4, 3, 2, 1, 1, 2, 2, 5, 2]);
----------
objective = 6214;
period_of = array1d(1..36, [1, 1, 1, 1, 2, 1, 2, 1, 1, 1, 1, 1, 1, 1, 2, 1, 2, 2, 3, 1, 2, 4, 1, 5, 4, 5, 6, 3, 4, 2, 1, 1, 2, 2, 5, 2]);
----------
objective = 6213;
period_of = array1d(1..36, [1, 1, 1, 1, 2, 1, 2, 1, 1, 1, 1, 1, 1, 1, 2, 1, 2, 2, 3, 1, 2, 4, 1, 5, 4, 5, 6, 3, 5, 2, 1, 1, 2, 2, 4, 2]);
----------
objective = 6212;
period_of = array1d(1..36, [1, 1, 1, 1, 2, 1, 2, 1, 1, 1, 1, 1, 1, 1, 2, 1, 2, 2, 3, 1, 2, 4, 1, 5, 4, 5, 6, 4, 3, 2, 1, 1, 2, 2, 5, 2]);
----------
objective = 6211;
period_of = array1d(1..36, [1, 1, 1, 1, 2, 1, 2, 1, 1, 1, 1, 1, 1, 1, 2, 1, 2, 2, 3, 1, 2, 4, 1, 6, 4, 5, 5, 4, 3, 2, 1, 1, 2, 2, 5, 2]);
----------
objective = 6145;
period_of = array1d(1..36, [1, 1, 1, 1, 2, 1, 2, 1, 1, 1, 1, 1, 1, 1, 2, 1, 2, 2, 3, 3, 2, 1, 1, 4, 5, 4, 6, 3, 4, 2, 1, 1, 2, 2, 5, 2]);
----------
objective = 6144;
period_of = array1d(1..36, [1, 1, 1, 1, 2, 1, 2, 1, 1, 1, 1, 1, 1, 1, 2, 1, 2, 2, 3, 3, 2, 1, 1, 4, 5, 4, 6, 3, 5, 2, 1, 1, 2, 2, 4, 2]);
----------
objective = 6143;
period_of = array1d(1..36, [1, 1, 1, 1, 2, 1, 2, 1, 1, 1, 1, 1, 1, 1, 2, 1, 2, 2, 3, 3, 2, 1, 1, 4, 5, 4, 6, 4, 3, 2, 1, 1, 2, 2, 5, 2]);
----------
objective = 6142;
period_of = array1d(1..36, [1, 1, 1, 1, 2, 1, 2, 1, 1, 1, 1, 1, 1, 1, 2, 1, 2, 2, 3, 3, 2, 1, 1, 4, 5, 6, 6, 4, 3, 2, 1, 1, 2, 2, 5, 2]);
----------
objective = 6141;
period_of = array1d(1..36, [1, 1, 1, 1, 2, 1, 2, 1, 1, 1, 1, 1, 1, 1, 2, 1, 2, 2, 3, 3, 2, 1, 1, 4, 6, 5, 5, 4, 3, 2, 1, 1, 2, 2, 5, 2]);
----------
objective = 6140;
period_of = array1d(1..36, [1, 1, 1, 1, 2, 1, 2, 1, 1, 1, 1, 1, 1, 1, 2, 1, 2, 2, 3, 3, 2, 1, 1, 5, 4, 5, 6, 4, 3, 2, 1, 1, 2, 2, 5, 2]);
----------
objective = 6139;
period_of = array1d(1..36, [1, 1, 1, 1, 2, 1, 2, 1, 1, 1, 1, 1, 1, 1, 2, 1, 2, 2, 3, 3, 2, 1, 1, 6, 4, 5, 5, 4, 3, 2, 1, 1, 2, 2, 5, 2]);
----------
objective = 5998;
period_of = array1d(1..36, [1, 1, 1, 1, 2, 1, 2, 1, 1, 1, 1, 1, 1, 1, 2, 1, 2, 2, 3, 3, 2, 4, 1, 5, 4, 5, 6, 3, 4, 2, 1, 1, 2, 2, 5, 2]);
----------
objective = 5997;
period_of = array1d(1..36, [1, 1, 1, 1, 2, 1, 2, 1, 1, 1, 1, 1, 1, 1, 2, 1, 2, 2, 3, 3, 2, 4, 1, 5, 4, 5, 6, 3, 5, 2, 1, 1, 2, 2, 4, 2]);
----------
objective = 5996;
period_of = array1d(1..36, [1, 1, 1, 1, 2, 1, 2, 1, 1, 1, 1, 1, 1, 1, 2, 1, 2, 2, 3, 3, 2, 4, 1, 5, 4, 5, 6, 4, 3, 2, 1, 1, 2, 2, 5, 2]);
----------
objective = 5995;
period_of = array1d(1..36, [1, 1, 1, 1, 2, 1, 2, 1, 1, 1, 1, 1, 1, 1, 2, 1, 2, 2, 3, 3, 2, 4, 1, 6, 4, 5, 5, 4, 3, 2, 1, 1, 2, 2, 5, 2]);
----------
objective = 5926;
period_of = array1d(1..36, [1, 1, 1, 1, 2, 1, 2, 1, 1, 1, 1, 1, 1, 1, 2, 1, 2, 2, 3, 4, 2, 1, 1, 5, 4, 5, 6, 3, 4, 2, 1, 1, 2, 2, 5, 2]);
----------
objective = 5925;
period_of = array1d(1..36, [1, 1, 1, 1, 2, 1, 2, 1, 1, 1, 1, 1, 1, 1, 2, 1, 2, 2, 3, 4, 2, 1, 1, 5, 4, 5, 6, 3, 5, 2, 1, 1, 2, 2, 4, 2]);
----------
objective = 5924;
period_of = array1d(1..36, [1, 1, 1, 1, 2, 1, 2, 1, 1, 1, 1, 1, 1, 1, 2, 1, 2, 2, 3, 4, 2, 1, 1, 5, 4, 5, 6, 4, 3, 2, 1, 1, 2, 2, 5, 2]);
----------
objective = 5923;
period_of = array1d(1..36, [1, 1, 1, 1, 2, 1, 2, 1, 1, 1, 1, 1, 1, 1, 2, 1, 2, 2, 3, 4, 2, 1, 1, 6, 4, 5, 5, 4, 3, 2, 1, 1, 2, 2, 5, 2]);
----------
objective = 5782;
period_of = array1d(1..36, [1, 1, 1, 1, 2, 1, 2, 1, 1, 1, 1, 1, 1, 1, 2, 2, 2, 2, 3, 3, 2, 4, 1, 5, 4, 5, 6, 3, 4, 2, 1, 1, 2, 2, 5, 2]);
----------
objective = 5781;
period_of = array1d(1..36, [1, 1, 1, 1, 2, 1, 2, 1, 1, 1, 1, 1, 1, 1, 2, 2, 2, 2, 3, 3, 2, 4, 1, 5, 4, 5, 6, 3, 5, 2, 1, 1, 2, 2, 4, 2]);
----------
objective = 5780;
period_of = array1d(1..36, [1, 1, 1, 1, 2, 1, 2, 1, 1, 1, 1, 1, 1, 1, 2, 2, 2, 2, 3, 3, 2, 4, 1, 5, 4, 5, 6, 4, 3, 2, 1, 1, 2, 2, 5, 2]);
----------
objective = 5779;
period_of = array1d(1..36, [1, 1, 1, 1, 2, 1, 2, 1, 1, 1, 1, 1, 1, 1, 2, 2, 2, 2, 3, 3, 2, 4, 1, 6, 4, 5, 5, 4, 3, 2, 1, 1, 2, 2, 5, 2]);
----------
objective = 5710;
period_of = array1d(1..36, [1, 1, 1, 1, 2, 1, 2, 1, 1, 1, 1, 1, 1, 1, 2, 2, 2, 2, 3, 4, 2, 1, 1, 5, 4, 5, 6, 3, 4, 2, 1, 1, 2, 2, 5, 2]);
----------
objective = 5709;
period_of = array1d(1..36, [1, 1, 1, 1, 2, 1, 2, 1, 1, 1, 1, 1, 1, 1, 2, 2, 2, 2, 3, 4, 2, 1, 1, 5, 4, 5, 6, 3, 5, 2, 1, 1, 2, 2, 4, 2]);
----------
objective = 5708;
period_of = array1d(1..36, [1, 1, 1, 1, 2, 1, 2, 1, 1, 1, 1, 1, 1, 1, 2, 2, 2, 2, 3, 4, 2, 1, 1, 5, 4, 5, 6, 4, 3, 2, 1, 1, 2, 2, 5, 2]);
----------
objective = 5707;
period_of = array1d(1..36, [1, 1, 1, 1, 2, 1, 2, 1, 1, 1, 1, 1, 1, 1, 2, 2, 2, 2, 3, 4, 2, 1, 1, 6, 4, 5, 5, 4, 3, 2, 1, 1, 2, 2, 5, 2]);
----------
objective = 5567;
period_of = array1d(1..36, [1, 1, 1, 1, 2, 1, 2, 1, 1, 1, 1, 1, 1, 1, 2, 3, 2, 2, 3, 3, 2, 4, 1, 5, 4, 5, 6, 3, 4, 2, 1, 1, 2, 2, 5, 2]);
----------
objective = 5566;
period_of = array1d(1..36, [1, 1, 1, 1, 2, 1, 2, 1, 1, 1, 1, 1, 1, 1, 2, 3, 2, 2, 3, 3, 2, 4, 1, 5, 4, 5, 6, 3, 5, 2, 1, 1, 2, 2, 4, 2]);
----------
objective = 5565;
period_of = array1d(1..36, [1, 1, 1, 1, 2, 1, 2, 1, 1, 1, 1, 1, 1, 1, 2, 3, 2, 2, 3, 3, 2, 4, 1, 5, 4, 5, 6, 4, 3, 2, 1, 1, 2, 2, 5, 2]);
----------
objective = 5564;
period_of = array1d(1..36, [1, 1, 1, 1, 2, 1, 2, 1, 1, 1, 1, 1, 1, 1, 2, 3, 2, 2, 3, 3, 2, 4, 1, 6, 4, 5, 5, 4, 3, 2, 1, 1, 2, 2, 5, 2]);
----------
objective = 5495;
period_of = array1d(1..36, [1, 1, 1, 1, 2, 1, 2, 1, 1, 1, 1, 1, 1, 1, 2, 3, 2, 2, 3, 4, 2, 1, 1, 5, 4, 5, 6, 3, 4, 2, 1, 1, 2, 2, 5, 2]);
----------
objective = 5494;
period_of = array1d(1..36, [1, 1, 1, 1, 2, 1, 2, 1, 1, 1, 1, 1, 1, 1, 2, 3, 2, 2, 3, 4, 2, 1, 1, 5, 4, 5, 6, 3, 5, 2, 1, 1, 2, 2, 4, 2]);
----------
objective = 5493;
period_of = array1d(1..36, [1, 1, 1, 1, 2, 1, 2, 1, 1, 1, 1, 1, 1, 1, 2, 3, 2, 2, 3, 4, 2, 1, 1, 5, 4, 5, 6, 4, 3, 2, 1, 1, 2, 2, 5, 2]);
----------
objective = 5492;
period_of = array1d(1..36, [1, 1, 1, 1, 2, 1, 2, 1, 1, 1, 1, 1, 1, 1, 2, 3, 2, 2, 3, 4, 2, 1, 1, 6, 4, 5, 5, 4, 3, 2, 1, 1, 2, 2, 5, 2]);
----------
objective = 5491;
period_of = array1d(1..36, [1, 1, 1, 1, 2, 1, 2, 1, 1, 1, 1, 1, 1, 1, 2, 4, 2, 2, 3, 4, 2, 1, 1, 6, 4, 5, 5, 4, 3, 2, 1, 1, 2, 2, 5, 2]);
----------
objective = 5423;
period_of = array1d(1..36, [1, 1, 1, 1, 2, 1, 2, 1, 1, 1, 1, 1, 1, 1, 2, 2, 2, 2, 3, 3, 2, 4, 1, 5, 4, 5, 6, 3, 4, 2, 1, 1, 2, 3, 5, 2]);
----------
objective = 5422;
period_of = array1d(1..36, [1, 1, 1, 1, 2, 1, 2, 1, 1, 1, 1, 1, 1, 1, 2, 2, 2, 2, 3, 3, 2, 4, 1, 5, 4, 5, 6, 3, 5, 2, 1, 1, 2, 3, 4, 2]);
----------
objective = 5421;
period_of = array1d(1..36, [1, 1, 1, 1, 2, 1, 2, 1, 1, 1, 1, 1, 1, 1, 2, 2, 2, 2, 3, 3, 2, 4, 1, 5, 4, 5, 6, 4, 3, 2, 1, 1, 2, 3, 5, 2]);
----------
objective = 5420;
period_of = array1d(1..36, [1, 1, 1, 1, 2, 1, 2, 1, 1, 1, 1, 1, 1, 1, 2, 2, 2, 2, 3, 3, 2, 4, 1, 6, 4, 5, 5, 4, 3, 2, 1, 1, 2, 3, 5, 2]);
----------
objective = 5351;
period_of = array1d(1..36, [1, 1, 1, 1, 2, 1, 2, 1, 1, 1, 1, 1, 1, 1, 2, 2, 2, 2, 3, 4, 2, 1, 1, 5, 4, 5, 6, 3, 4, 2, 1, 1, 2, 3, 5, 2]);
----------
objective = 5350;
period_of = array1d(1..36, [1, 1, 1, 1, 2, 1, 2, 1, 1, 1, 1, 1, 1, 1, 2, 2, 2, 2, 3, 4, 2, 1, 1, 5, 4, 5, 6, 3, 5, 2, 1, 1, 2, 3, 4, 2]);
----------
objective = 5349;
period_of = array1d(1..36, [1, 1, 1, 1, 2, 1, 2, 1, 1, 1, 1, 1, 1, 1, 2, 2, 2, 2, 3, 4, 2, 1, 1, 5, 4, 5, 6, 4, 3, 2, 1, 1, 2, 3, 5, 2]);
----------
objective = 5348;
period_of = array1d(1..36, [1, 1, 1, 1, 2, 1, 2, 1, 1, 1, 1, 1, 1, 1, 2, 2, 2, 2, 3, 4, 2, 1, 1, 6, 4, 5, 5, 4, 3, 2, 1, 1, 2, 3, 5, 2]);
----------
objective = 5208;
period_of = array1d(1..36, [1, 1, 1, 1, 2, 1, 2, 1, 1, 1, 1, 1, 1, 1, 2, 3, 2, 2, 3, 3, 2, 4, 1, 5, 4, 5, 6, 3, 4, 2, 1, 1, 2, 3, 5, 2]);
----------
objective = 5207;
period_of = array1d(1..36, [1, 1, 1, 1, 2, 1, 2, 1, 1, 1, 1, 1, 1, 1, 2, 3, 2, 2, 3, 3, 2, 4, 1, 5, 4, 5, 6, 3, 5, 2, 1, 1, 2, 3, 4, 2]);
----------
objective = 5206;
period_of = array1d(1..36, [1, 1, 1, 1, 2, 1, 2, 1, 1, 1, 1, 1, 1, 1, 2, 3, 2, 2, 3, 3, 2, 4, 1, 5, 4, 5, 6, 4, 3, 2, 1, 1, 2, 3, 5, 2]);
----------
objective = 5205;
period_of = array1d(1..36, [1, 1, 1, 1, 2, 1, 2, 1, 1, 1, 1, 1, 1, 1, 2, 3, 2, 2, 3, 3, 2, 4, 1, 6, 4, 5, 5, 4, 3, 2, 1, 1, 2, 3, 5, 2]);
----------
objective = 5136;
period_of = array1d(1..36, [1, 1, 1, 1, 2, 1, 2, 1, 1, 1, 1, 1, 1, 1, 2, 3, 2, 2, 3, 4, 2, 1, 1, 5, 4, 5, 6, 3, 4, 2, 1, 1, 2, 3, 5, 2]);
----------
objective = 5135;
period_of = array1d(1..36, [1, 1, 1, 1, 2, 1, 2, 1, 1, 1, 1, 1, 1, 1, 2, 3, 2, 2, 3, 4, 2, 1, 1, 5, 4, 5, 6, 3, 5, 2, 1, 1, 2, 3, 4, 2]);
----------
objective = 5134;
period_of = array1d(1..36, [1, 1, 1, 1, 2, 1, 2, 1, 1, 1, 1, 1, 1, 1, 2, 3, 2, 2, 3, 4, 2, 1, 1, 5, 4, 5, 6, 4, 3, 2, 1, 1, 2, 3, 5, 2]);
----------
objective = 5133;
period_of = array1d(1..36, [1, 1, 1, 1, 2, 1, 2, 1, 1, 1, 1, 1, 1, 1, 2, 3, 2, 2, 3, 4, 2, 1, 1, 6, 4, 5, 5, 4, 3, 2, 1, 1, 2, 3, 5, 2]);
----------
objective = 5132;
period_of = array1d(1..36, [1, 1, 1, 1, 2, 1, 2, 1, 1, 1, 1, 1, 1, 1, 2, 4, 2, 2, 3, 4, 2, 1, 1, 6, 4, 5, 5, 4, 3, 2, 1, 1, 2, 3, 5, 2]);
----------
objective = 5131;
period_of = array1d(1..36, [1, 1, 1, 1, 2, 1, 2, 1, 1, 1, 1, 1, 1, 1, 2, 4, 2, 2, 3, 4, 2, 1, 1, 6, 4, 5, 5, 4, 3, 2, 1, 1, 2, 4, 5, 2]);
----------
objective = 5064;
period_of = array1d(1..36, [1, 1, 1, 1, 2, 1, 2, 1, 1, 1, 1, 1, 1, 1, 3, 3, 2, 2, 3, 4, 2, 1, 1, 5, 4, 5, 6, 3, 4, 2, 1, 1, 2, 2, 5, 2]);
----------
objective = 5063;
period_of = array1d(1..36, [1, 1, 1, 1, 2, 1, 2, 1, 1, 1, 1, 1, 1, 1, 3, 3, 2, 2, 3, 4, 2, 1, 1, 5, 4, 5, 6, 3, 5, 2, 1, 1, 2, 2, 4, 2]);
----------
objective = 5062;
period_of = array1d(1..36, [1, 1, 1, 1, 2, 1, 2, 1, 1, 1, 1, 1, 1, 1, 3, 3, 2, 2, 3, 4, 2, 1, 1, 5, 4, 5, 6, 4, 3, 2, 1, 1, 2, 2, 5, 2]);
----------
objective = 5061;
period_of = array1d(1..36, [1, 1, 1, 1, 2, 1, 2, 1, 1, 1, 1, 1, 1, 1, 3, 3, 2, 2, 3, 4, 2, 1, 1, 6, 4, 5, 5, 4, 3, 2, 1, 1, 2, 2, 5, 2]);
----------
objective = 5060;
period_of = array1d(1..36, [1, 1, 1, 1, 2, 1, 2, 1, 1, 1, 1, 1, 1, 1, 3, 4, 2, 2, 3, 3, 2, 4, 1, 6, 4, 5, 5, 4, 3, 2, 1, 1, 2, 2, 5, 2]);
----------
objective = 4991;
period_of = array1d(1..36, [1, 1, 1, 1, 2, 1, 2, 1, 1, 1, 1, 1, 1, 1, 3, 4, 2, 2, 3, 4, 2, 1, 1, 5, 4, 5, 6, 3, 4, 2, 1, 1, 2, 2, 5, 2]);
----------
objective = 4990;
period_of = array1d(1..36, [1, 1, 1, 1, 2, 1, 2, 1, 1, 1, 1, 1, 1, 1, 3, 4, 2, 2, 3, 4, 2, 1, 1, 5, 4, 5, 6, 3, 5, 2, 1, 1, 2, 2, 4, 2]);
----------
objective = 4989;
period_of = array1d(1..36, [1, 1, 1, 1, 2, 1, 2, 1, 1, 1, 1, 1, 1, 1, 3, 4, 2, 2, 3, 4, 2, 1, 1, 5, 4, 5, 6, 4, 3, 2, 1, 1, 2, 2, 5, 2]);
----------
objective = 4988;
period_of = array1d(1..36, [1, 1, 1, 1, 2, 1, 2, 1, 1, 1, 1, 1, 1, 1, 3, 4, 2, 2, 3, 4, 2, 1, 1, 6, 4, 5, 5, 4, 3, 2, 1, 1, 2, 2, 5, 2]);
----------
objective = 4920;
period_of = array1d(1..36, [1, 1, 1, 1, 2, 1, 2, 1, 1, 1, 1, 1, 1, 1, 3, 4, 2, 2, 3, 4, 2, 1, 1, 5, 4, 5, 6, 3, 4, 2, 1, 1, 2, 3, 5, 2]);
----------
objective = 4919;
period_of = array1d(1..36, [1, 1, 1, 1, 2, 1, 2, 1, 1, 1, 1, 1, 1, 1, 3, 4, 2, 2, 3, 4, 2, 1, 1, 5, 4, 5, 6, 3, 5, 2, 1, 1, 2, 3, 4, 2]);
----------
objective = 4918;
period_of = array1d(1..36, [1, 1, 1, 1, 2, 1, 2, 1, 1, 1, 1, 1, 1, 1, 3, 4, 2, 2, 3, 4, 2, 1, 1, 5, 4, 5, 6, 4, 3, 2, 1, 1, 2, 3, 5, 2]);
----------
objective = 4917;
period_of = array1d(1..36, [1, 1, 1, 1, 2, 1, 2, 1, 1, 1, 1, 1, 1, 1, 3, 4, 2, 2, 3, 4, 2, 1, 1, 6, 4, 5, 5, 4, 3, 2, 1, 1, 2, 3, 5, 2]);
----------
objective = 4916;
period_of = array1d(1..36, [1, 1, 1, 1, 2, 1, 2, 1, 1, 1, 1, 1, 1, 1, 3, 2, 2, 2, 3, 4, 2, 1, 1, 6, 4, 5, 5, 4, 3, 2, 1, 1, 2, 4, 5, 2]);
----------
objective = 4848;
period_of = array1d(1..36, [1, 1, 1, 1, 2, 1, 2, 1, 1, 1, 1, 1, 1, 1, 3, 3, 2, 2, 3, 4, 2, 1, 1, 5, 4, 5, 6, 3, 4, 2, 1, 1, 2, 4, 5, 2]);
----------
objective = 4847;
period_of = array1d(1..36, [1, 1, 1, 1, 2, 1, 2, 1, 1, 1, 1, 1, 1, 1, 3, 3, 2, 2, 3, 4, 2, 1, 1, 5, 4, 5, 6, 3, 5, 2, 1, 1, 2, 4, 4, 2]);
----------
objective = 4846;
period_of = array1d(1..36, [1, 1, 1, 1, 2, 1, 2, 1, 1, 1, 1, 1, 1, 1, 3, 3, 2, 2, 3, 4, 2, 1, 1, 5, 4, 5, 6, 4, 3, 2, 1, 1, 2, 4, 5, 2]);
----------
objective = 4845;
period_of = array1d(1..36, [1, 1, 1, 1, 2, 1, 2, 1, 1, 1, 1, 1, 1, 1, 3, 3, 2, 2, 3, 4, 2, 1, 1, 6, 4, 5, 5, 4, 3, 2, 1, 1, 2, 4, 5, 2]);
----------
objective = 4844;
period_of = array1d(1..36, [1, 1, 1, 1, 2, 1, 2, 1, 1, 1, 1, 1, 1, 1, 3, 4, 2, 2, 3, 3, 2, 4, 1, 6, 4, 5, 5, 4, 3, 2, 1, 1, 2, 4, 5, 2]);
----------
objective = 4775;
period_of = array1d(1..36, [1, 1, 1, 1, 2, 1, 2, 1, 1, 1, 1, 1, 1, 1, 3, 4, 2, 2, 3, 4, 2, 1, 1, 5, 4, 5, 6, 3, 4, 2, 1, 1, 2, 4, 5, 2]);
----------
objective = 4774;
period_of = array1d(1..36, [1, 1, 1, 1, 2, 1, 2, 1, 1, 1, 1, 1, 1, 1, 3, 4, 2, 2, 3, 4, 2, 1, 1, 5, 4, 5, 6, 3, 5, 2, 1, 1, 2, 4, 4, 2]);
----------
objective = 4773;
period_of = array1d(1..36, [1, 1, 1, 1, 2, 1, 2, 1, 1, 1, 1, 1, 1, 1, 3, 4, 2, 2, 3, 4, 2, 1, 1, 5, 4, 5, 6, 4, 3, 2, 1, 1, 2, 4, 5, 2]);
----------
objective = 4772;
period_of = array1d(1..36, [1, 1, 1, 1, 2, 1, 2, 1, 1, 1, 1, 1, 1, 1, 3, 4, 2, 2, 3, 4, 2, 1, 1, 6, 4, 5, 5, 4, 3, 2, 1, 1, 2, 4, 5, 2]);
----------
objective = 4771;
period_of = array1d(1..36, [1, 1, 1, 1, 2, 1, 2, 1, 1, 1, 1, 1, 1, 1, 4, 5, 2, 2, 3, 4, 2, 1, 1, 6, 4, 5, 5, 4, 3, 2, 1, 1, 2, 5, 5, 2]);
----------
