mznc2017_probs/mario/mario_n_medium_1.dzn
fuel = 1953;
objective = 596;
succ = array1d(1..30, [22, 1, 28, 4, 5, 6, 2, 27, 3, 10, 20, 13, 9, 14, 15, 16, 17, 18, 19, 8, 21, 11, 23, 24, 25, 26, 12, 7, 29, 30]);
----------
fuel = 1929;
objective = 598;
succ = array1d(1..30, [22, 1, 28, 4, 5, 6, 2, 30, 3, 10, 20, 27, 9, 14, 15, 16, 17, 18, 19, 13, 21, 11, 23, 24, 25, 26, 8, 12, 29, 7]);
----------
fuel = 1923;
objective = 678;
succ = array1d(1..30, [22, 1, 28, 4, 5, 6, 2, 8, 3, 10, 27, 12, 9, 14, 20, 16, 17, 18, 19, 13, 21, 11, 23, 15, 25, 26, 24, 7, 29, 30]);
----------
fuel = 1894;
objective = 722;
succ = array1d(1..30, [22, 1, 28, 4, 5, 6, 2, 27, 3, 21, 20, 13, 9, 14, 15, 16, 17, 18, 19, 8, 30, 11, 23, 24, 25, 26, 12, 10, 29, 7]);
----------
fuel = 1864;
objective = 804;
succ = array1d(1..30, [22, 1, 28, 4, 5, 6, 2, 8, 3, 21, 27, 12, 9, 14, 20, 16, 17, 18, 19, 13, 30, 11, 23, 15, 25, 26, 24, 10, 29, 7]);
----------
fuel = 1984;
objective = 877;
succ = array1d(1..30, [22, 1, 28, 4, 5, 6, 2, 8, 3, 21, 20, 13, 9, 14, 24, 16, 17, 18, 19, 15, 30, 11, 23, 27, 25, 26, 12, 10, 29, 7]);
----------
fuel = 1909;
objective = 911;
succ = array1d(1..30, [29, 1, 28, 4, 5, 6, 2, 27, 3, 21, 11, 13, 9, 14, 20, 16, 24, 18, 19, 8, 30, 22, 23, 15, 25, 26, 12, 10, 17, 7]);
----------
fuel = 1975;
objective = 967;
succ = array1d(1..30, [14, 1, 28, 4, 5, 6, 2, 8, 3, 21, 27, 13, 9, 26, 20, 16, 17, 18, 19, 11, 30, 22, 23, 15, 25, 24, 12, 10, 29, 7]);
----------
fuel = 1926;
objective = 974;
succ = array1d(1..30, [29, 1, 28, 4, 5, 6, 2, 8, 3, 21, 27, 13, 9, 14, 20, 16, 24, 18, 19, 11, 30, 22, 23, 15, 25, 26, 12, 10, 17, 7]);
----------
fuel = 1964;
objective = 977;
succ = array1d(1..30, [29, 1, 3, 4, 25, 6, 2, 8, 5, 9, 10, 27, 12, 14, 20, 16, 13, 18, 19, 11, 21, 22, 23, 15, 28, 26, 24, 7, 17, 30]);
----------
fuel = 1941;
objective = 992;
succ = array1d(1..30, [29, 1, 3, 4, 25, 6, 2, 20, 5, 21, 11, 27, 12, 14, 24, 16, 13, 18, 19, 15, 30, 22, 23, 9, 28, 26, 8, 10, 17, 7]);
----------
fuel = 1958;
objective = 1055;
succ = array1d(1..30, [29, 1, 3, 4, 25, 6, 2, 8, 5, 21, 20, 27, 12, 14, 24, 16, 13, 18, 19, 15, 30, 22, 23, 9, 28, 26, 11, 10, 17, 7]);
----------
fuel = 1977;
objective = 1062;
succ = array1d(1..30, [14, 1, 3, 4, 25, 6, 2, 8, 9, 21, 20, 27, 12, 17, 24, 16, 13, 18, 19, 15, 30, 22, 23, 26, 28, 5, 11, 10, 29, 7]);
----------
==========
