mznc2018_probs/seat-moving/sm-20-20-00.dzn
cost = 49;
objective = 289;
seat = array2d(1..4, 1..40, [0, 0, 12, 0, 0, 2, 16, 7, 0, 18, 0, 0, 0, 17, 0, 4, 6, 11, 10, 0, 0, 0, 0, 19, 0, 15, 0, 3, 0, 0, 13, 0, 14, 0, 8, 9, 5, 1, 0, 20, 1, 2, 4, 3, 5, 0, 16, 6, 8, 18, 9, 10, 11, 13, 14, 12, 7, 0, 0, 15, 19, 20, 0, 0, 0, 0, 0, 0, 0, 0, 17, 0, 0, 0, 0, 0, 0, 0, 0, 0, 1, 0, 0, 0, 0, 2, 0, 6, 0, 0, 9, 10, 12, 0, 0, 11, 0, 0, 3, 15, 0, 20, 5, 4, 8, 0, 0, 16, 0, 0, 17, 7, 18, 0, 14, 19, 0, 0, 0, 13, 0, 19, 18, 5, 2, 0, 7, 0, 1, 3, 0, 0, 0, 0, 17, 13, 4, 9, 0, 0, 14, 0, 0, 0, 8, 6, 15, 16, 12, 10, 0, 0, 0, 20, 0, 0, 0, 0, 0, 11]);
step = 3;
----------
cost = 47;
objective = 287;
seat = array2d(1..4, 1..40, [0, 0, 12, 0, 0, 2, 16, 7, 0, 18, 0, 0, 0, 17, 0, 4, 6, 11, 10, 0, 0, 0, 0, 19, 0, 15, 0, 3, 0, 0, 13, 0, 14, 0, 8, 9, 5, 1, 0, 20, 1, 2, 4, 3, 5, 0, 16, 6, 8, 18, 9, 10, 11, 13, 14, 12, 7, 0, 0, 15, 19, 20, 0, 0, 0, 0, 0, 0, 0, 0, 17, 0, 0, 0, 0, 0, 0, 0, 0, 0, 1, 0, 0, 0, 0, 2, 0, 6, 0, 0, 9, 10, 11, 12, 0, 13, 0, 0, 3, 15, 0, 20, 5, 4, 8, 0, 0, 16, 0, 0, 17, 7, 18, 0, 14, 19, 0, 0, 0, 0, 0, 19, 18, 5, 2, 0, 7, 0, 1, 3, 0, 0, 0, 0, 17, 13, 4, 9, 0, 0, 14, 0, 0, 0, 8, 6, 15, 16, 12, 10, 0, 0, 0, 20, 0, 0, 0, 0, 0, 11]);
step = 3;
----------
cost = 46;
objective = 286;
seat = array2d(1..4, 1..40, [0, 0, 12, 0, 0, 2, 16, 7, 0, 18, 0, 0, 0, 17, 0, 4, 6, 11, 10, 0, 0, 0, 0, 19, 0, 15, 0, 3, 0, 0, 13, 0, 14, 0, 8, 9, 5, 1, 0, 20, 1, 2, 4, 3, 5, 0, 16, 6, 8, 18, 9, 10, 11, 13, 14, 12, 7, 0, 0, 15, 19, 20, 0, 0, 0, 0, 0, 0, 0, 0, 17, 0, 0, 0, 0, 0, 0, 0, 0, 0, 1, 0, 0, 0, 0, 2, 0, 6, 0, 0, 9, 10, 11, 13, 0, 0, 0, 0, 3, 15, 0, 20, 5, 4, 8, 0, 0, 16, 12, 0, 17, 7, 18, 0, 14, 19, 0, 0, 0, 0, 0, 19, 18, 5, 2, 0, 7, 0, 1, 3, 0, 0, 0, 0, 17, 13, 4, 9, 0, 0, 14, 0, 0, 0, 8, 6, 15, 16, 12, 10, 0, 0, 0, 20, 0, 0, 0, 0, 0, 11]);
step = 3;
----------
cost = 42;
objective = 282;
seat = array2d(1..4, 1..40, [0, 0, 12, 0, 0, 2, 16, 7, 0, 18, 0, 0, 0, 17, 0, 4, 6, 11, 10, 0, 0, 0, 0, 19, 0, 15, 0, 3, 0, 0, 13, 0, 14, 0, 8, 9, 5, 1, 0, 20, 16, 19, 0, 2, 5, 0, 0, 6, 1, 18, 8, 9, 10, 13, 12, 11, 7, 4, 0, 15, 3, 20, 14, 0, 0, 0, 0, 0, 0, 0, 17, 0, 0, 0, 0, 0, 0, 0, 0, 0, 16, 19, 18, 2, 5, 3, 4, 6, 1, 0, 8, 9, 10, 11, 12, 13, 7, 0, 14, 15, 0, 20, 0, 0, 0, 0, 0, 0, 17, 0, 0, 0, 0, 0, 0, 0, 0, 0, 0, 0, 0, 19, 18, 5, 2, 0, 7, 0, 1, 3, 0, 0, 0, 0, 17, 13, 4, 9, 0, 0, 14, 0, 0, 0, 8, 6, 15, 16, 12, 10, 0, 0, 0, 20, 0, 0, 0, 0, 0, 11]);
step = 3;
----------
cost = 41;
objective = 281;
seat = array2d(1..4, 1..40, [0, 0, 12, 0, 0, 2, 16, 7, 0, 18, 0, 0, 0, 17, 0, 4, 6, 11, 10, 0, 0, 0, 0, 19, 0, 15, 0, 3, 0, 0, 13, 0, 14, 0, 8, 9, 5, 1, 0, 20, 16, 19, 0, 2, 5, 0, 0, 6, 1, 18, 8, 9, 10, 13, 12, 11, 7, 4, 0, 15, 3, 20, 0, 0, 0, 0, 0, 0, 0, 0, 17, 0, 14, 0, 0, 0, 0, 0, 0, 0, 16, 19, 18, 2, 5, 3, 4, 6, 1, 0, 8, 9, 10, 11, 12, 13, 7, 0, 14, 15, 0, 20, 0, 0, 0, 0, 0, 0, 17, 0, 0, 0, 0, 0, 0, 0, 0, 0, 0, 0, 0, 19, 18, 5, 2, 0, 7, 0, 1, 3, 0, 0, 0, 0, 17, 13, 4, 9, 0, 0, 14, 0, 0, 0, 8, 6, 15, 16, 12, 10, 0, 0, 0, 20, 0, 0, 0, 0, 0, 11]);
step = 3;
----------
cost = 40;
objective = 280;
seat = array2d(1..4, 1..40, [0, 0, 12, 0, 0, 2, 16, 7, 0, 18, 0, 0, 0, 17, 0, 4, 6, 11, 10, 0, 0, 0, 0, 19, 0, 15, 0, 3, 0, 0, 13, 0, 14, 0, 8, 9, 5, 1, 0, 20, 16, 19, 0, 2, 5, 0, 0, 6, 1, 18, 8, 9, 10, 11, 12, 0, 7, 17, 0, 15, 3, 20, 4, 0, 13, 0, 0, 0, 0, 0, 0, 0, 14, 0, 0, 0, 0, 0, 0, 0, 16, 19, 18, 2, 5, 3, 4, 6, 1, 0, 8, 9, 10, 11, 12, 13, 7, 0, 14, 15, 0, 20, 0, 0, 0, 0, 0, 0, 17, 0, 0, 0, 0, 0, 0, 0, 0, 0, 0, 0, 0, 19, 18, 5, 2, 0, 7, 0, 1, 3, 0, 0, 0, 0, 17, 13, 4, 9, 0, 0, 14, 0, 0, 0, 8, 6, 15, 16, 12, 10, 0, 0, 0, 20, 0, 0, 0, 0, 0, 11]);
step = 3;
----------
cost = 39;
objective = 279;
seat = array2d(1..4, 1..40, [0, 0, 12, 0, 0, 2, 16, 7, 0, 18, 0, 0, 0, 17, 0, 4, 6, 11, 10, 0, 0, 0, 0, 19, 0, 15, 0, 3, 0, 0, 13, 0, 14, 0, 8, 9, 5, 1, 0, 20, 16, 19, 0, 2, 5, 0, 0, 6, 1, 18, 8, 9, 10, 11, 12, 0, 7, 17, 0, 15, 3, 20, 4, 0, 0, 0, 0, 0, 0, 0, 13, 0, 14, 0, 0, 0, 0, 0, 0, 0, 16, 19, 18, 2, 5, 3, 4, 6, 1, 0, 8, 9, 10, 11, 12, 13, 7, 0, 14, 15, 0, 20, 0, 0, 0, 0, 0, 0, 17, 0, 0, 0, 0, 0, 0, 0, 0, 0, 0, 0, 0, 19, 18, 5, 2, 0, 7, 0, 1, 3, 0, 0, 0, 0, 17, 13, 4, 9, 0, 0, 14, 0, 0, 0, 8, 6, 15, 16, 12, 10, 0, 0, 0, 20, 0, 0, 0, 0, 0, 11]);
step = 3;
----------
cost = 38;
objective = 278;
seat = array2d(1..4, 1..40, [0, 0, 12, 0, 0, 2, 16, 7, 0, 18, 0, 0, 0, 17, 0, 4, 6, 11, 10, 0, 0, 0, 0, 19, 0, 15, 0, 3, 0, 0, 13, 0, 14, 0, 8, 9, 5, 1, 0, 20, 16, 19, 0, 2, 5, 0, 0, 6, 1, 18, 8, 9, 10, 0, 12, 0, 7, 11, 0, 15, 3, 20, 4, 0, 0, 0, 0, 0, 17, 0, 13, 0, 14, 0, 0, 0, 0, 0, 0, 0, 16, 19, 18, 2, 5, 3, 4, 6, 1, 0, 8, 9, 10, 11, 12, 13, 7, 0, 14, 15, 0, 20, 0, 0, 0, 0, 0, 0, 17, 0, 0, 0, 0, 0, 0, 0, 0, 0, 0, 0, 0, 19, 18, 5, 2, 0, 7, 0, 1, 3, 0, 0, 0, 0, 17, 13, 4, 9, 0, 0, 14, 0, 0, 0, 8, 6, 15, 16, 12, 10, 0, 0, 0, 20, 0, 0, 0, 0, 0, 11]);
step = 3;
----------
cost = 37;
objective = 277;
seat = array2d(1..4, 1..40, [0, 0, 12, 0, 0, 2, 16, 7, 0, 18, 0, 0, 0, 17, 0, 4, 6, 11, 10, 0, 0, 0, 0, 19, 0, 15, 0, 3, 0, 0, 13, 0, 14, 0, 8, 9, 5, 1, 0, 20, 16, 19, 0, 2, 5, 0, 0, 6, 1, 18, 8, 9, 10, 0, 12, 0, 7, 11, 0, 15, 4, 20, 0, 0, 0, 0, 0, 3, 17, 0, 13, 0, 14, 0, 0, 0, 0, 0, 0, 0, 16, 19, 18, 2, 5, 3, 4, 6, 1, 0, 8, 9, 10, 11, 12, 13, 7, 0, 14, 15, 0, 20, 0, 0, 0, 0, 0, 0, 17, 0, 0, 0, 0, 0, 0, 0, 0, 0, 0, 0, 0, 19, 18, 5, 2, 0, 7, 0, 1, 3, 0, 0, 0, 0, 17, 13, 4, 9, 0, 0, 14, 0, 0, 0, 8, 6, 15, 16, 12, 10, 0, 0, 0, 20, 0, 0, 0, 0, 0, 11]);
step = 3;
----------
cost = 36;
objective = 276;
seat = array2d(1..4, 1..40, [0, 0, 12, 0, 0, 2, 16, 7, 0, 18, 0, 0, 0, 17, 0, 4, 6, 11, 10, 0, 0, 0, 0, 19, 0, 15, 0, 3, 0, 0, 13, 0, 14, 0, 8, 9, 5, 1, 0, 20, 16, 19, 0, 2, 5, 0, 0, 6, 1, 18, 8, 9, 10, 0, 12, 0, 7, 11, 0, 15, 4, 0, 0, 0, 0, 0, 0, 3, 17, 0, 13, 0, 14, 20, 0, 0, 0, 0, 0, 0, 16, 19, 18, 2, 5, 3, 4, 6, 1, 0, 8, 9, 10, 11, 12, 13, 7, 0, 14, 15, 0, 0, 0, 0, 0, 0, 0, 0, 17, 0, 0, 0, 0, 20, 0, 0, 0, 0, 0, 0, 0, 19, 18, 5, 2, 0, 7, 0, 1, 3, 0, 0, 0, 0, 17, 13, 4, 9, 0, 0, 14, 0, 0, 0, 8, 6, 15, 16, 12, 10, 0, 0, 0, 20, 0, 0, 0, 0, 0, 11]);
step = 3;
----------
cost = 35;
objective = 275;
seat = array2d(1..4, 1..40, [0, 0, 12, 0, 0, 2, 16, 7, 0, 18, 0, 0, 0, 17, 0, 4, 6, 11, 10, 0, 0, 0, 0, 19, 0, 15, 0, 3, 0, 0, 13, 0, 14, 0, 8, 9, 5, 1, 0, 20, 16, 4, 0, 2, 5, 0, 0, 6, 1, 18, 8, 9, 10, 0, 12, 0, 7, 11, 0, 0, 0, 0, 0, 19, 0, 15, 0, 3, 17, 0, 13, 0, 14, 20, 0, 0, 0, 0, 0, 0, 16, 0, 18, 2, 5, 3, 4, 6, 1, 0, 8, 9, 10, 11, 12, 13, 7, 0, 14, 0, 0, 0, 0, 19, 0, 0, 15, 0, 17, 0, 0, 0, 0, 20, 0, 0, 0, 0, 0, 0, 0, 19, 18, 5, 2, 0, 7, 0, 1, 3, 0, 0, 0, 0, 17, 13, 4, 9, 0, 0, 14, 0, 0, 0, 8, 6, 15, 16, 12, 10, 0, 0, 0, 20, 0, 0, 0, 0, 0, 11]);
step = 3;
----------
cost = 34;
objective = 274;
seat = array2d(1..4, 1..40, [0, 0, 12, 0, 0, 2, 16, 7, 0, 18, 0, 0, 0, 17, 0, 4, 6, 11, 10, 0, 0, 0, 0, 19, 0, 15, 0, 3, 0, 0, 13, 0, 14, 0, 8, 9, 5, 1, 0, 20, 16, 19, 0, 2, 5, 0, 0, 6, 1, 18, 8, 9, 10, 0, 17, 4, 7, 11, 0, 15, 0, 12, 0, 0, 0, 0, 0, 3, 0, 0, 13, 0, 14, 20, 0, 0, 0, 0, 0, 0, 16, 19, 18, 2, 5, 3, 4, 6, 1, 0, 8, 9, 10, 11, 17, 0, 7, 0, 14, 15, 0, 12, 0, 0, 0, 0, 0, 0, 0, 0, 13, 0, 0, 20, 0, 0, 0, 0, 0, 0, 0, 19, 18, 5, 2, 0, 7, 0, 1, 3, 0, 0, 0, 0, 17, 13, 4, 9, 0, 0, 14, 0, 0, 0, 8, 6, 15, 16, 12, 10, 0, 0, 0, 20, 0, 0, 0, 0, 0, 11]);
step = 3;
----------
cost = 33;
objective = 273;
seat = array2d(1..4, 1..40, [0, 0, 12, 0, 0, 2, 16, 7, 0, 18, 0, 0, 0, 17, 0, 4, 6, 11, 10, 0, 0, 0, 0, 19, 0, 15, 0, 3, 0, 0, 13, 0, 14, 0, 8, 9, 5, 1, 0, 20, 16, 19, 0, 2, 5, 0, 0, 6, 1, 18, 8, 9, 10, 0, 17, 4, 7, 11, 0, 15, 0, 0, 0, 0, 0, 0, 0, 3, 12, 0, 13, 0, 14, 20, 0, 0, 0, 0, 0, 0, 16, 19, 18, 2, 5, 3, 4, 6, 1, 0, 8, 9, 10, 11, 17, 0, 7, 0, 14, 15, 0, 0, 0, 0, 0, 0, 0, 0, 12, 0, 13, 0, 0, 20, 0, 0, 0, 0, 0, 0, 0, 19, 18, 5, 2, 0, 7, 0, 1, 3, 0, 0, 0, 0, 17, 13, 4, 9, 0, 0, 14, 0, 0, 0, 8, 6, 15, 16, 12, 10, 0, 0, 0, 20, 0, 0, 0, 0, 0, 11]);
step = 3;
----------
cost = 32;
objective = 272;
seat = array2d(1..4, 1..40, [0, 0, 12, 0, 0, 2, 16, 7, 0, 18, 0, 0, 0, 17, 0, 4, 6, 11, 10, 0, 0, 0, 0, 19, 0, 15, 0, 3, 0, 0, 13, 0, 14, 0, 8, 9, 5, 1, 0, 20, 16, 19, 0, 2, 5, 0, 0, 6, 1, 18, 8, 9, 10, 0, 17, 4, 7, 11, 0, 0, 0, 0, 0, 0, 0, 15, 0, 3, 12, 0, 13, 0, 14, 20, 0, 0, 0, 0, 0, 0, 16, 19, 18, 2, 5, 3, 4, 6, 1, 0, 8, 9, 10, 11, 17, 0, 7, 0, 14, 0, 0, 0, 0, 0, 0, 0, 15, 0, 12, 0, 13, 0, 0, 20, 0, 0, 0, 0, 0, 0, 0, 19, 18, 5, 2, 0, 7, 0, 1, 3, 0, 0, 0, 0, 17, 13, 4, 9, 0, 0, 14, 0, 0, 0, 8, 6, 15, 16, 12, 10, 0, 0, 0, 20, 0, 0, 0, 0, 0, 11]);
step = 3;
----------
