mznc2017_probs/tdtsp/inst_20_36_10.dzn
objective = 22003;
position = array1d(1..21, [1, 2, 3, 4, 5, 6, 7, 8, 9, 10, 11, 12, 13, 14, 15, 16, 17, 18, 19, 20, 21]);
tvar = array1d(1..21, [0, 1339, 1886, 2743, 3889, 4679, 6595, 8026, 8929, 10088, 11527, 12469, 13192, 14266, 15834, 16913, 17819, 18190, 19026, 20204, 22003]);
----------
objective = 22001;
position = array1d(1..21, [1, 2, 3, 4, 5, 6, 7, 8, 9, 10, 11, 12, 13, 14, 15, 16, 17, 18, 19, 20, 21]);
tvar = array1d(1..21, [0, 1339, 1886, 2743, 3889, 4679, 6595, 8026, 8929, 10088, 11527, 12469, 13192, 14266, 15834, 16920, 17817, 18188, 19024, 20202, 22001]);
----------
objective = 21998;
position = array1d(1..21, [1, 2, 3, 4, 5, 6, 7, 8, 9, 10, 11, 12, 13, 14, 15, 16, 17, 18, 19, 20, 21]);
tvar = array1d(1..21, [0, 1339, 1886, 2743, 3889, 4679, 6595, 8026, 8929, 10088, 11527, 12469, 13192, 14266, 15840, 16908, 17814, 18185, 19021, 20199, 21998]);
----------
objective = 21996;
position = array1d(1..21, [1, 2, 3, 4, 5, 6, 7, 8, 9, 10, 11, 12, 13, 14, 15, 16, 17, 18, 19, 20, 21]);
tvar = array1d(1..21, [0, 1339, 1886, 2743, 3889, 4680, 6561, 7992, 8895, 10054, 11520, 12462, 13185, 14259, 15827, 16906, 17812, 18183, 19019, 20197, 21996]);
----------
objective = 21213;
position = array1d(1..21, [1, 2, 3, 4, 5, 6, 7, 8, 9, 10, 11, 12, 13, 14, 15, 16, 17, 18, 20, 19, 21]);
tvar = array1d(1..21, [0, 1339, 1886, 2743, 3889, 4679, 6595, 8026, 8929, 10088, 11527, 12469, 13192, 14266, 15834, 16913, 17819, 18190, 20331, 19074, 21213]);
----------
objective = 21211;
position = array1d(1..21, [1, 2, 3, 4, 5, 6, 7, 8, 9, 10, 11, 12, 13, 14, 15, 16, 17, 18, 20, 19, 21]);
tvar = array1d(1..21, [0, 1339, 1886, 2743, 3889, 4679, 6595, 8026, 8929, 10088, 11527, 12469, 13192, 14266, 15834, 16920, 17817, 18188, 20329, 19072, 21211]);
----------
objective = 21208;
position = array1d(1..21, [1, 2, 3, 4, 5, 6, 7, 8, 9, 10, 11, 12, 13, 14, 15, 16, 17, 18, 20, 19, 21]);
tvar = array1d(1..21, [0, 1339, 1886, 2743, 3889, 4679, 6595, 8026, 8929, 10088, 11527, 12469, 13192, 14266, 15840, 16908, 17814, 18185, 20326, 19069, 21208]);
----------
objective = 21206;
position = array1d(1..21, [1, 2, 3, 4, 5, 6, 7, 8, 9, 10, 11, 12, 13, 14, 15, 16, 17, 18, 20, 19, 21]);
tvar = array1d(1..21, [0, 1339, 1886, 2743, 3889, 4680, 6561, 7992, 8895, 10054, 11520, 12462, 13185, 14259, 15827, 16906, 17812, 18183, 20324, 19067, 21206]);
----------
objective = 21034;
position = array1d(1..21, [1, 2, 3, 4, 5, 6, 7, 8, 9, 10, 11, 12, 13, 14, 15, 16, 19, 17, 20, 18, 21]);
tvar = array1d(1..21, [0, 1339, 1886, 2743, 3889, 4679, 6595, 8026, 8929, 10088, 11527, 12469, 13192, 14266, 15834, 16913, 19606, 17590, 20152, 18445, 21034]);
----------
objective = 21029;
position = array1d(1..21, [1, 2, 3, 4, 5, 6, 7, 8, 9, 10, 11, 12, 13, 14, 15, 16, 19, 17, 20, 18, 21]);
tvar = array1d(1..21, [0, 1339, 1886, 2743, 3889, 4679, 6595, 8026, 8929, 10088, 11527, 12469, 13192, 14266, 15840, 16908, 19601, 17585, 20147, 18440, 21029]);
----------
objective = 21027;
position = array1d(1..21, [1, 2, 3, 4, 5, 6, 7, 8, 9, 10, 11, 12, 13, 14, 15, 16, 19, 17, 20, 18, 21]);
tvar = array1d(1..21, [0, 1339, 1886, 2743, 3889, 4680, 6561, 7992, 8895, 10054, 11520, 12462, 13185, 14259, 15827, 16906, 19599, 17583, 20145, 18438, 21027]);
----------
objective = 20618;
position = array1d(1..21, [1, 2, 3, 4, 5, 6, 7, 8, 9, 10, 11, 12, 13, 14, 15, 16, 18, 19, 20, 17, 21]);
tvar = array1d(1..21, [0, 1339, 1886, 2743, 3889, 4679, 6595, 8026, 8929, 10088, 11527, 12469, 13192, 14266, 15834, 16913, 18553, 18926, 19748, 17392, 20618]);
----------
objective = 20616;
position = array1d(1..21, [1, 2, 3, 4, 5, 6, 7, 8, 9, 10, 11, 12, 13, 14, 15, 16, 18, 19, 20, 17, 21]);
tvar = array1d(1..21, [0, 1339, 1886, 2743, 3889, 4679, 6595, 8026, 8929, 10088, 11527, 12469, 13192, 14266, 15834, 16920, 18551, 18924, 19746, 17390, 20616]);
----------
objective = 20613;
position = array1d(1..21, [1, 2, 3, 4, 5, 6, 7, 8, 9, 10, 11, 12, 13, 14, 15, 16, 18, 19, 20, 17, 21]);
tvar = array1d(1..21, [0, 1339, 1886, 2743, 3889, 4679, 6595, 8026, 8929, 10088, 11527, 12469, 13192, 14266, 15840, 16908, 18548, 18921, 19743, 17387, 20613]);
----------
objective = 20611;
position = array1d(1..21, [1, 2, 3, 4, 5, 6, 7, 8, 9, 10, 11, 12, 13, 14, 15, 16, 18, 19, 20, 17, 21]);
tvar = array1d(1..21, [0, 1339, 1886, 2743, 3889, 4680, 6561, 7992, 8895, 10054, 11520, 12462, 13185, 14259, 15827, 16906, 18546, 18919, 19741, 17385, 20611]);
----------
objective = 20317;
position = array1d(1..21, [1, 2, 3, 4, 5, 6, 7, 8, 9, 10, 11, 12, 13, 14, 15, 16, 19, 18, 20, 17, 21]);
tvar = array1d(1..21, [0, 1339, 1886, 2743, 3889, 4679, 6595, 8026, 8929, 10088, 11527, 12469, 13192, 14266, 15834, 16913, 18888, 18340, 19434, 17392, 20317]);
----------
objective = 20310;
position = array1d(1..21, [1, 2, 3, 4, 5, 6, 7, 8, 9, 10, 11, 12, 13, 14, 15, 16, 19, 18, 20, 17, 21]);
tvar = array1d(1..21, [0, 1339, 1886, 2743, 3889, 4679, 6595, 8026, 8929, 10088, 11527, 12469, 13192, 14266, 15834, 16913, 18888, 18340, 19440, 17392, 20310]);
----------
objective = 20088;
position = array1d(1..21, [1, 2, 3, 4, 5, 6, 7, 8, 9, 10, 11, 12, 13, 14, 15, 17, 18, 19, 20, 16, 21]);
tvar = array1d(1..21, [0, 1339, 1886, 2743, 3889, 4679, 6595, 8026, 8929, 10088, 11527, 12469, 13192, 14266, 15834, 17112, 18009, 18379, 19205, 16677, 20088]);
----------
objective = 20084;
position = array1d(1..21, [1, 2, 3, 4, 5, 6, 7, 8, 9, 10, 11, 12, 13, 14, 15, 17, 18, 19, 20, 16, 21]);
tvar = array1d(1..21, [0, 1339, 1886, 2743, 3889, 4680, 6561, 7992, 8895, 10054, 11499, 12465, 13188, 14262, 15830, 17108, 18005, 18375, 19201, 16673, 20084]);
----------
objective = 20081;
position = array1d(1..21, [1, 2, 3, 4, 5, 6, 7, 8, 9, 10, 11, 12, 13, 14, 15, 17, 18, 19, 20, 16, 21]);
tvar = array1d(1..21, [0, 1339, 1886, 2743, 3889, 4680, 6561, 7992, 8895, 10054, 11520, 12462, 13185, 14259, 15827, 17105, 18002, 18372, 19198, 16670, 20081]);
----------
objective = 19760;
position = array1d(1..21, [1, 2, 3, 4, 5, 6, 7, 8, 9, 10, 11, 12, 13, 14, 15, 17, 19, 18, 20, 16, 21]);
tvar = array1d(1..21, [0, 1339, 1886, 2743, 3889, 4679, 6595, 8026, 8929, 10088, 11527, 12469, 13192, 14266, 15834, 17112, 18340, 17797, 18885, 16677, 19760]);
----------
objective = 19756;
position = array1d(1..21, [1, 2, 3, 4, 5, 6, 7, 8, 9, 10, 11, 12, 13, 14, 15, 17, 19, 18, 20, 16, 21]);
tvar = array1d(1..21, [0, 1339, 1886, 2743, 3889, 4680, 6561, 7992, 8895, 10054, 11499, 12465, 13188, 14262, 15830, 17108, 18336, 17793, 18881, 16673, 19756]);
----------
objective = 19753;
position = array1d(1..21, [1, 2, 3, 4, 5, 6, 7, 8, 9, 10, 11, 12, 13, 14, 15, 17, 19, 18, 20, 16, 21]);
tvar = array1d(1..21, [0, 1339, 1886, 2743, 3889, 4680, 6561, 7992, 8895, 10054, 11520, 12462, 13185, 14259, 15827, 17105, 18333, 17790, 18878, 16670, 19753]);
----------
objective = 19666;
position = array1d(1..21, [1, 2, 3, 4, 5, 6, 7, 8, 9, 10, 11, 12, 13, 14, 17, 15, 19, 18, 20, 16, 21]);
tvar = array1d(1..21, [0, 1339, 1886, 2743, 3889, 4679, 6595, 8026, 8929, 10088, 11527, 12469, 13192, 14266, 16813, 15680, 18246, 17703, 18791, 16159, 19666]);
----------
objective = 19662;
position = array1d(1..21, [1, 2, 3, 4, 5, 6, 7, 8, 9, 10, 11, 12, 13, 14, 17, 15, 19, 18, 20, 16, 21]);
tvar = array1d(1..21, [0, 1339, 1886, 2743, 3889, 4680, 6561, 7992, 8895, 10054, 11499, 12465, 13188, 14262, 16809, 15676, 18242, 17699, 18787, 16155, 19662]);
----------
objective = 19659;
position = array1d(1..21, [1, 2, 3, 4, 5, 6, 7, 8, 9, 10, 11, 12, 13, 14, 17, 15, 19, 18, 20, 16, 21]);
tvar = array1d(1..21, [0, 1339, 1886, 2743, 3889, 4680, 6561, 7992, 8895, 10054, 11520, 12462, 13185, 14259, 16806, 15673, 18239, 17696, 18784, 16152, 19659]);
----------
objective = 19566;
position = array1d(1..21, [1, 2, 3, 4, 5, 6, 7, 8, 9, 10, 11, 12, 13, 14, 18, 16, 15, 19, 20, 17, 21]);
tvar = array1d(1..21, [0, 1339, 1886, 2743, 3889, 4679, 6595, 8026, 8929, 10088, 11527, 12469, 13192, 14266, 16953, 15820, 14986, 17845, 18684, 16299, 19566]);
----------
objective = 19562;
position = array1d(1..21, [1, 2, 3, 4, 5, 6, 7, 8, 9, 10, 11, 12, 13, 14, 18, 16, 15, 19, 20, 17, 21]);
tvar = array1d(1..21, [0, 1339, 1886, 2743, 3889, 4680, 6561, 7992, 8895, 10054, 11499, 12465, 13188, 14262, 16949, 15816, 14982, 17841, 18680, 16295, 19562]);
----------
objective = 19559;
position = array1d(1..21, [1, 2, 3, 4, 5, 6, 7, 8, 9, 10, 11, 12, 13, 14, 18, 16, 15, 19, 20, 17, 21]);
tvar = array1d(1..21, [0, 1339, 1886, 2743, 3889, 4680, 6561, 7992, 8895, 10054, 11520, 12462, 13185, 14259, 16946, 15813, 14979, 17838, 18677, 16292, 19559]);
----------
objective = 19443;
position = array1d(1..21, [1, 2, 3, 4, 5, 6, 7, 8, 9, 10, 11, 12, 13, 14, 17, 19, 15, 16, 20, 18, 21]);
tvar = array1d(1..21, [0, 1339, 1886, 2743, 3889, 4679, 6595, 8026, 8929, 10088, 11527, 12469, 13192, 14266, 16225, 17576, 14986, 15368, 18561, 17141, 19443]);
----------
objective = 19439;
position = array1d(1..21, [1, 2, 3, 4, 5, 6, 7, 8, 9, 10, 11, 12, 13, 14, 17, 19, 15, 16, 20, 18, 21]);
tvar = array1d(1..21, [0, 1339, 1886, 2743, 3889, 4680, 6561, 7992, 8895, 10054, 11499, 12465, 13188, 14262, 16221, 17572, 14982, 15364, 18557, 17137, 19439]);
----------
objective = 19436;
position = array1d(1..21, [1, 2, 3, 4, 5, 6, 7, 8, 9, 10, 11, 12, 13, 14, 17, 19, 15, 16, 20, 18, 21]);
tvar = array1d(1..21, [0, 1339, 1886, 2743, 3889, 4680, 6561, 7992, 8895, 10054, 11520, 12462, 13185, 14259, 16218, 17569, 14979, 15361, 18554, 17134, 19436]);
----------
objective = 19376;
position = array1d(1..21, [1, 2, 3, 4, 5, 6, 7, 8, 9, 10, 11, 12, 13, 14, 18, 16, 20, 19, 15, 17, 21]);
tvar = array1d(1..21, [0, 1339, 1886, 2743, 3889, 4679, 6595, 8026, 8929, 10088, 11527, 12469, 13192, 14266, 17158, 16030, 18598, 18050, 15076, 16504, 19376]);
----------
objective = 19372;
position = array1d(1..21, [1, 2, 3, 4, 5, 6, 7, 8, 9, 10, 11, 12, 13, 14, 18, 16, 20, 19, 15, 17, 21]);
tvar = array1d(1..21, [0, 1339, 1886, 2743, 3889, 4680, 6561, 7992, 8895, 10054, 11499, 12465, 13188, 14262, 17154, 16026, 18594, 18046, 15072, 16500, 19372]);
----------
objective = 19369;
position = array1d(1..21, [1, 2, 3, 4, 5, 6, 7, 8, 9, 10, 11, 12, 13, 14, 18, 16, 20, 19, 15, 17, 21]);
tvar = array1d(1..21, [0, 1339, 1886, 2743, 3889, 4680, 6561, 7992, 8895, 10054, 11520, 12462, 13185, 14259, 17151, 16023, 18591, 18043, 15069, 16497, 19369]);
----------
objective = 19147;
position = array1d(1..21, [1, 2, 3, 4, 5, 6, 7, 8, 9, 10, 11, 12, 13, 20, 14, 15, 17, 18, 19, 16, 21]);
tvar = array1d(1..21, [0, 1339, 1886, 2743, 3889, 4679, 6595, 8026, 8929, 10088, 11527, 12469, 13192, 18843, 14183, 15248, 16873, 17248, 18073, 15722, 19147]);
----------
objective = 19143;
position = array1d(1..21, [1, 2, 3, 4, 5, 6, 7, 8, 9, 10, 11, 12, 13, 20, 14, 15, 17, 18, 19, 16, 21]);
tvar = array1d(1..21, [0, 1339, 1886, 2743, 3889, 4680, 6561, 7992, 8895, 10054, 11499, 12465, 13188, 18839, 14179, 15244, 16869, 17244, 18069, 15718, 19143]);
----------
objective = 19140;
position = array1d(1..21, [1, 2, 3, 4, 5, 6, 7, 8, 9, 10, 11, 12, 13, 20, 14, 15, 17, 18, 19, 16, 21]);
tvar = array1d(1..21, [0, 1339, 1886, 2743, 3889, 4680, 6561, 7992, 8895, 10054, 11520, 12462, 13185, 18836, 14176, 15241, 16866, 17241, 18066, 15715, 19140]);
----------
objective = 18831;
position = array1d(1..21, [1, 2, 3, 4, 5, 6, 7, 8, 9, 10, 11, 12, 13, 20, 14, 15, 18, 17, 19, 16, 21]);
tvar = array1d(1..21, [0, 1339, 1886, 2743, 3889, 4679, 6595, 8026, 8929, 10088, 11527, 12469, 13192, 18527, 14183, 15248, 17207, 16668, 17752, 15722, 18831]);
----------
objective = 18827;
position = array1d(1..21, [1, 2, 3, 4, 5, 6, 7, 8, 9, 10, 11, 12, 13, 20, 14, 15, 18, 17, 19, 16, 21]);
tvar = array1d(1..21, [0, 1339, 1886, 2743, 3889, 4680, 6561, 7992, 8895, 10054, 11499, 12465, 13188, 18523, 14179, 15244, 17203, 16664, 17748, 15718, 18827]);
----------
objective = 18824;
position = array1d(1..21, [1, 2, 3, 4, 5, 6, 7, 8, 9, 10, 11, 12, 13, 20, 14, 15, 18, 17, 19, 16, 21]);
tvar = array1d(1..21, [0, 1339, 1886, 2743, 3889, 4680, 6561, 7992, 8895, 10054, 11520, 12462, 13185, 18520, 14176, 15241, 17200, 16661, 17745, 15715, 18824]);
----------
objective = 18648;
position = array1d(1..21, [1, 2, 3, 4, 5, 6, 7, 8, 9, 10, 11, 12, 13, 20, 14, 16, 17, 18, 19, 15, 21]);
tvar = array1d(1..21, [0, 1339, 1886, 2743, 3889, 4679, 6595, 8026, 8929, 10088, 11527, 12469, 13192, 18344, 14183, 15445, 16357, 16732, 17568, 15009, 18648]);
----------
objective = 18644;
position = array1d(1..21, [1, 2, 3, 4, 5, 6, 7, 8, 9, 10, 11, 12, 13, 20, 14, 16, 17, 18, 19, 15, 21]);
tvar = array1d(1..21, [0, 1339, 1886, 2743, 3889, 4680, 6561, 7992, 8895, 10054, 11499, 12465, 13188, 18340, 14179, 15441, 16353, 16728, 17564, 15005, 18644]);
----------
objective = 18641;
position = array1d(1..21, [1, 2, 3, 4, 5, 6, 7, 8, 9, 10, 11, 12, 13, 20, 14, 16, 17, 18, 19, 15, 21]);
tvar = array1d(1..21, [0, 1339, 1886, 2743, 3889, 4680, 6561, 7992, 8895, 10054, 11520, 12462, 13185, 18337, 14176, 15438, 16350, 16725, 17561, 15002, 18641]);
----------
objective = 18283;
position = array1d(1..21, [1, 2, 3, 4, 5, 6, 7, 8, 9, 10, 11, 12, 13, 20, 14, 16, 18, 17, 19, 15, 21]);
tvar = array1d(1..21, [0, 1339, 1886, 2743, 3889, 4679, 6595, 8026, 8929, 10088, 11527, 12469, 13192, 17979, 14183, 15445, 16660, 16130, 17206, 15009, 18283]);
----------
objective = 18279;
position = array1d(1..21, [1, 2, 3, 4, 5, 6, 7, 8, 9, 10, 11, 12, 13, 20, 14, 16, 18, 17, 19, 15, 21]);
tvar = array1d(1..21, [0, 1339, 1886, 2743, 3889, 4680, 6561, 7992, 8895, 10054, 11499, 12465, 13188, 17975, 14179, 15441, 16656, 16126, 17202, 15005, 18279]);
----------
objective = 18276;
position = array1d(1..21, [1, 2, 3, 4, 5, 6, 7, 8, 9, 10, 11, 12, 13, 20, 14, 16, 18, 17, 19, 15, 21]);
tvar = array1d(1..21, [0, 1339, 1886, 2743, 3889, 4680, 6561, 7992, 8895, 10054, 11520, 12462, 13185, 17972, 14176, 15438, 16653, 16123, 17199, 15002, 18276]);
----------
objective = 18180;
position = array1d(1..21, [1, 2, 3, 4, 5, 6, 7, 8, 9, 10, 11, 12, 13, 20, 16, 14, 17, 18, 19, 15, 21]);
tvar = array1d(1..21, [0, 1339, 1886, 2743, 3889, 4679, 6595, 8026, 8929, 10088, 11527, 12469, 13192, 17876, 14874, 13746, 15904, 16270, 17103, 14221, 18180]);
----------
objective = 18176;
position = array1d(1..21, [1, 2, 3, 4, 5, 6, 7, 8, 9, 10, 11, 12, 13, 20, 16, 14, 17, 18, 19, 15, 21]);
tvar = array1d(1..21, [0, 1339, 1886, 2743, 3889, 4680, 6561, 7992, 8895, 10054, 11499, 12465, 13188, 17872, 14870, 13742, 15900, 16266, 17099, 14217, 18176]);
----------
objective = 18173;
position = array1d(1..21, [1, 2, 3, 4, 5, 6, 7, 8, 9, 10, 11, 12, 13, 20, 16, 14, 17, 18, 19, 15, 21]);
tvar = array1d(1..21, [0, 1339, 1886, 2743, 3889, 4680, 6561, 7992, 8895, 10054, 11520, 12462, 13185, 17869, 14867, 13739, 15897, 16263, 17096, 14214, 18173]);
----------
objective = 17931;
position = array1d(1..21, [1, 2, 3, 4, 5, 6, 7, 8, 9, 10, 11, 12, 13, 20, 16, 14, 18, 17, 19, 15, 21]);
tvar = array1d(1..21, [0, 1339, 1886, 2743, 3889, 4679, 6595, 8026, 8929, 10088, 11527, 12469, 13192, 17627, 14874, 13746, 16308, 15779, 16854, 14221, 17931]);
----------
objective = 17927;
position = array1d(1..21, [1, 2, 3, 4, 5, 6, 7, 8, 9, 10, 11, 12, 13, 20, 16, 14, 18, 17, 19, 15, 21]);
tvar = array1d(1..21, [0, 1339, 1886, 2743, 3889, 4680, 6561, 7992, 8895, 10054, 11499, 12465, 13188, 17623, 14870, 13742, 16304, 15775, 16850, 14217, 17927]);
----------
objective = 17924;
position = array1d(1..21, [1, 2, 3, 4, 5, 6, 7, 8, 9, 10, 11, 12, 13, 20, 16, 14, 18, 17, 19, 15, 21]);
tvar = array1d(1..21, [0, 1339, 1886, 2743, 3889, 4680, 6561, 7992, 8895, 10054, 11520, 12462, 13185, 17620, 14867, 13739, 16301, 15772, 16847, 14214, 17924]);
----------
objective = 17653;
position = array1d(1..21, [1, 2, 3, 4, 5, 6, 7, 8, 9, 10, 11, 12, 16, 20, 13, 15, 18, 17, 19, 14, 21]);
tvar = array1d(1..21, [0, 1339, 1886, 2743, 3889, 4679, 6595, 8026, 8929, 10088, 11527, 12469, 15160, 17349, 13403, 14652, 16032, 15503, 16576, 14225, 17653]);
----------
objective = 17649;
position = array1d(1..21, [1, 2, 3, 4, 5, 6, 7, 8, 9, 10, 11, 12, 16, 20, 13, 15, 18, 17, 19, 14, 21]);
tvar = array1d(1..21, [0, 1339, 1886, 2743, 3889, 4680, 6561, 7992, 8895, 10054, 11499, 12465, 15156, 17345, 13399, 14648, 16028, 15499, 16572, 14221, 17649]);
----------
objective = 17646;
position = array1d(1..21, [1, 2, 3, 4, 5, 6, 7, 8, 9, 10, 11, 12, 16, 20, 13, 15, 18, 17, 19, 14, 21]);
tvar = array1d(1..21, [0, 1339, 1886, 2743, 3889, 4680, 6561, 7992, 8895, 10054, 11520, 12462, 15153, 17342, 13396, 14645, 16025, 15496, 16569, 14218, 17646]);
----------
objective = 17642;
position = array1d(1..21, [1, 2, 3, 4, 5, 6, 7, 8, 9, 10, 11, 16, 12, 20, 15, 13, 18, 17, 19, 14, 21]);
tvar = array1d(1..21, [0, 1339, 1886, 2743, 3889, 4680, 6561, 7992, 8895, 10054, 11499, 14998, 12430, 17338, 14315, 12988, 16021, 15492, 16565, 13513, 17642]);
----------
objective = 17636;
position = array1d(1..21, [1, 2, 3, 4, 5, 6, 7, 8, 9, 10, 11, 17, 12, 20, 16, 14, 18, 13, 19, 15, 21]);
tvar = array1d(1..21, [0, 1339, 1886, 2743, 3889, 4680, 6561, 7992, 8895, 10054, 11499, 15371, 12430, 17332, 14693, 13578, 16010, 12821, 16554, 14040, 17636]);
----------
objective = 17521;
position = array1d(1..21, [1, 2, 3, 4, 5, 6, 7, 8, 9, 10, 11, 17, 15, 20, 12, 14, 18, 16, 19, 13, 21]);
tvar = array1d(1..21, [0, 1339, 1886, 2743, 3889, 4679, 6595, 8026, 8929, 10088, 11527, 15256, 14641, 17217, 12879, 14132, 15895, 14984, 16439, 13697, 17521]);
----------
objective = 17514;
position = array1d(1..21, [1, 2, 3, 4, 5, 6, 7, 8, 9, 10, 11, 17, 15, 20, 12, 14, 18, 16, 19, 13, 21]);
tvar = array1d(1..21, [0, 1339, 1886, 2743, 3889, 4680, 6561, 7992, 8895, 10054, 11520, 15249, 14634, 17210, 12872, 14125, 15888, 14977, 16432, 13690, 17514]);
----------
objective = 17508;
position = array1d(1..21, [1, 2, 3, 4, 5, 6, 7, 8, 9, 10, 11, 13, 18, 20, 15, 17, 12, 14, 19, 16, 21]);
tvar = array1d(1..21, [0, 1339, 1886, 2743, 3889, 4680, 6561, 7992, 8895, 10054, 11499, 12575, 15729, 17204, 13954, 15217, 12063, 13097, 16426, 14781, 17508]);
----------
objective = 17498;
position = array1d(1..21, [1, 2, 3, 4, 5, 6, 7, 8, 9, 10, 11, 17, 13, 20, 16, 14, 12, 18, 19, 15, 21]);
tvar = array1d(1..21, [0, 1339, 1886, 2743, 3889, 4680, 6561, 7992, 8895, 10054, 11499, 15091, 12680, 17194, 14413, 13234, 12063, 15585, 16416, 13759, 17498]);
----------
objective = 17404;
position = array1d(1..21, [1, 2, 3, 4, 5, 6, 7, 8, 9, 10, 11, 14, 18, 20, 15, 17, 12, 13, 19, 16, 21]);
tvar = array1d(1..21, [0, 1339, 1886, 2743, 3889, 4679, 6595, 8026, 8929, 10088, 11527, 12924, 15625, 17100, 13858, 15116, 12082, 12568, 16322, 14685, 17404]);
----------
objective = 17391;
position = array1d(1..21, [1, 2, 3, 4, 5, 6, 7, 8, 9, 10, 11, 14, 18, 20, 15, 17, 12, 13, 19, 16, 21]);
tvar = array1d(1..21, [0, 1339, 1886, 2743, 3889, 4679, 6595, 8026, 8929, 10088, 11527, 12911, 15612, 17087, 13845, 15103, 12082, 12600, 16309, 14672, 17391]);
----------
objective = 17385;
position = array1d(1..21, [1, 2, 3, 4, 5, 6, 7, 8, 9, 10, 11, 14, 18, 20, 15, 17, 12, 13, 19, 16, 21]);
tvar = array1d(1..21, [0, 1339, 1886, 2743, 3889, 4680, 6561, 7992, 8895, 10054, 11499, 12905, 15606, 17081, 13839, 15097, 12063, 12549, 16303, 14666, 17385]);
----------
objective = 17364;
position = array1d(1..21, [1, 2, 3, 4, 5, 6, 7, 8, 9, 10, 17, 11, 12, 20, 15, 13, 18, 16, 19, 14, 21]);
tvar = array1d(1..21, [0, 1339, 1886, 2743, 3889, 4679, 6595, 8026, 8929, 10088, 15308, 11191, 12054, 17060, 13813, 12628, 15737, 14687, 16282, 13162, 17364]);
----------
objective = 17349;
position = array1d(1..21, [1, 2, 3, 4, 5, 6, 7, 8, 9, 10, 17, 11, 12, 20, 15, 13, 18, 16, 19, 14, 21]);
tvar = array1d(1..21, [0, 1339, 1886, 2743, 3889, 4680, 6561, 7992, 8895, 10054, 15293, 11176, 12039, 17045, 13798, 12613, 15722, 14672, 16267, 13147, 17349]);
----------
objective = 17316;
position = array1d(1..21, [1, 2, 3, 4, 5, 6, 7, 8, 9, 10, 18, 11, 12, 20, 15, 13, 17, 16, 19, 14, 21]);
tvar = array1d(1..21, [0, 1339, 1886, 2743, 3889, 4679, 6595, 8026, 8929, 10088, 15451, 11191, 12054, 17012, 13813, 12628, 15227, 14687, 16234, 13162, 17316]);
----------
objective = 17301;
position = array1d(1..21, [1, 2, 3, 4, 5, 6, 7, 8, 9, 10, 18, 11, 12, 20, 15, 13, 17, 16, 19, 14, 21]);
tvar = array1d(1..21, [0, 1339, 1886, 2743, 3889, 4680, 6561, 7992, 8895, 10054, 15436, 11176, 12039, 16997, 13798, 12613, 15212, 14672, 16219, 13147, 17301]);
----------
objective = 17293;
position = array1d(1..21, [1, 2, 3, 4, 5, 6, 7, 8, 9, 10, 19, 11, 12, 20, 15, 13, 17, 16, 18, 14, 21]);
tvar = array1d(1..21, [0, 1339, 1886, 2743, 3889, 4679, 6595, 8026, 8929, 10088, 16350, 11191, 12054, 16989, 13813, 12628, 15227, 14687, 15771, 13162, 17293]);
----------
objective = 17278;
position = array1d(1..21, [1, 2, 3, 4, 5, 6, 7, 8, 9, 10, 19, 11, 12, 20, 15, 13, 17, 16, 18, 14, 21]);
tvar = array1d(1..21, [0, 1339, 1886, 2743, 3889, 4680, 6561, 7992, 8895, 10054, 16335, 11176, 12039, 16974, 13798, 12613, 15212, 14672, 15756, 13147, 17278]);
----------
objective = 17213;
position = array1d(1..21, [1, 2, 3, 4, 5, 6, 7, 8, 9, 10, 17, 11, 15, 20, 12, 14, 18, 16, 19, 13, 21]);
tvar = array1d(1..21, [0, 1339, 1886, 2743, 3889, 4679, 6595, 8026, 8929, 10088, 15164, 11191, 14200, 16909, 12364, 13691, 15593, 14543, 16138, 13192, 17213]);
----------
objective = 17202;
position = array1d(1..21, [1, 2, 3, 4, 5, 6, 7, 8, 9, 10, 17, 11, 15, 20, 12, 14, 18, 16, 19, 13, 21]);
tvar = array1d(1..21, [0, 1339, 1886, 2743, 3889, 4680, 6561, 7992, 8895, 10054, 15153, 11176, 14189, 16898, 12349, 13680, 15582, 14532, 16127, 13177, 17202]);
----------
objective = 17157;
position = array1d(1..21, [1, 2, 3, 4, 5, 6, 7, 8, 9, 10, 18, 11, 15, 20, 12, 14, 17, 16, 19, 13, 21]);
tvar = array1d(1..21, [0, 1339, 1886, 2743, 3889, 4679, 6595, 8026, 8929, 10088, 15299, 11191, 14200, 16853, 12364, 13691, 15083, 14543, 16082, 13192, 17157]);
----------
objective = 17146;
position = array1d(1..21, [1, 2, 3, 4, 5, 6, 7, 8, 9, 10, 18, 11, 15, 20, 12, 14, 17, 16, 19, 13, 21]);
tvar = array1d(1..21, [0, 1339, 1886, 2743, 3889, 4680, 6561, 7992, 8895, 10054, 15288, 11176, 14189, 16842, 12349, 13680, 15072, 14532, 16071, 13177, 17146]);
----------
objective = 17126;
position = array1d(1..21, [1, 2, 3, 4, 5, 6, 7, 8, 9, 10, 19, 11, 15, 20, 12, 14, 17, 16, 18, 13, 21]);
tvar = array1d(1..21, [0, 1339, 1886, 2743, 3889, 4680, 6561, 7992, 8895, 10054, 16196, 11176, 14189, 16822, 12349, 13680, 15072, 14532, 15617, 13177, 17126]);
----------
objective = 17099;
position = array1d(1..21, [1, 2, 3, 4, 5, 6, 7, 8, 9, 10, 19, 11, 16, 20, 13, 15, 18, 12, 17, 14, 21]);
tvar = array1d(1..21, [0, 1339, 1886, 2743, 3889, 4679, 6595, 8026, 8929, 10088, 16169, 11191, 14613, 16795, 12786, 14104, 15947, 11794, 15310, 13604, 17099]);
----------
objective = 17054;
position = array1d(1..21, [1, 2, 3, 4, 5, 6, 7, 8, 9, 10, 19, 11, 16, 20, 13, 15, 18, 12, 17, 14, 21]);
tvar = array1d(1..21, [0, 1339, 1886, 2743, 3889, 4679, 6595, 8026, 8929, 10088, 16124, 11191, 14568, 16750, 12741, 14059, 15902, 11880, 15265, 13559, 17054]);
----------
objective = 17039;
position = array1d(1..21, [1, 2, 3, 4, 5, 6, 7, 8, 9, 10, 19, 12, 11, 20, 14, 16, 18, 13, 17, 15, 21]);
tvar = array1d(1..21, [0, 1339, 1886, 2743, 3889, 4679, 6595, 8026, 8929, 10088, 16109, 11558, 10949, 16735, 13014, 14275, 15887, 12153, 15250, 13840, 17039]);
----------
objective = 17020;
position = array1d(1..21, [1, 2, 3, 4, 5, 6, 7, 8, 9, 10, 19, 12, 11, 20, 14, 16, 18, 13, 17, 15, 21]);
tvar = array1d(1..21, [0, 1339, 1886, 2743, 3889, 4680, 6561, 7992, 8895, 10054, 16090, 11539, 10930, 16716, 12995, 14256, 15868, 12134, 15231, 13821, 17020]);
----------
objective = 17007;
position = array1d(1..21, [1, 2, 3, 4, 5, 6, 7, 8, 9, 10, 15, 18, 11, 20, 14, 12, 16, 17, 19, 13, 21]);
tvar = array1d(1..21, [0, 1339, 1886, 2743, 3889, 4680, 6561, 7992, 8895, 10054, 13777, 14839, 10930, 16703, 12714, 11531, 14201, 14567, 15932, 12014, 17007]);
----------
objective = 16995;
position = array1d(1..21, [1, 2, 3, 4, 5, 6, 7, 8, 9, 10, 15, 17, 11, 20, 14, 12, 18, 16, 19, 13, 21]);
tvar = array1d(1..21, [0, 1339, 1886, 2743, 3889, 4679, 6595, 8026, 8929, 10088, 13796, 14742, 10949, 16691, 12733, 11550, 15376, 14470, 15920, 12033, 16995]);
----------
objective = 16976;
position = array1d(1..21, [1, 2, 3, 4, 5, 6, 7, 8, 9, 10, 15, 17, 11, 20, 14, 12, 18, 16, 19, 13, 21]);
tvar = array1d(1..21, [0, 1339, 1886, 2743, 3889, 4680, 6561, 7992, 8895, 10054, 13777, 14723, 10930, 16672, 12714, 11531, 15357, 14451, 15901, 12014, 16976]);
----------
objective = 16840;
position = array1d(1..21, [1, 2, 3, 4, 5, 6, 7, 8, 9, 10, 16, 15, 11, 20, 14, 12, 17, 18, 19, 13, 21]);
tvar = array1d(1..21, [0, 1339, 1886, 2743, 3889, 4679, 6595, 8026, 8929, 10088, 14149, 13413, 10949, 16536, 12733, 11550, 14576, 14949, 15764, 12033, 16840]);
----------
objective = 16821;
position = array1d(1..21, [1, 2, 3, 4, 5, 6, 7, 8, 9, 10, 16, 15, 11, 20, 14, 12, 17, 18, 19, 13, 21]);
tvar = array1d(1..21, [0, 1339, 1886, 2743, 3889, 4680, 6561, 7992, 8895, 10054, 14130, 13394, 10930, 16517, 12714, 11531, 14557, 14930, 15745, 12014, 16821]);
----------
objective = 16778;
position = array1d(1..21, [1, 2, 3, 4, 5, 6, 7, 8, 9, 10, 19, 15, 11, 20, 14, 12, 16, 17, 18, 13, 21]);
tvar = array1d(1..21, [0, 1339, 1886, 2743, 3889, 4679, 6595, 8026, 8929, 10088, 15837, 13413, 10949, 16474, 12733, 11550, 14083, 14449, 15256, 12033, 16778]);
----------
objective = 16770;
position = array1d(1..21, [1, 2, 3, 4, 5, 6, 7, 8, 9, 10, 19, 15, 11, 20, 14, 12, 16, 17, 18, 13, 21]);
tvar = array1d(1..21, [0, 1339, 1886, 2743, 3889, 4679, 6595, 8026, 8929, 10088, 15840, 13413, 10949, 16466, 12733, 11550, 14083, 14449, 15256, 12033, 16770]);
----------
objective = 16759;
position = array1d(1..21, [1, 2, 3, 4, 5, 6, 7, 8, 9, 10, 19, 15, 11, 20, 14, 12, 16, 17, 18, 13, 21]);
tvar = array1d(1..21, [0, 1339, 1886, 2743, 3889, 4680, 6561, 7992, 8895, 10054, 15818, 13394, 10930, 16455, 12714, 11531, 14064, 14430, 15237, 12014, 16759]);
----------
objective = 16607;
position = array1d(1..21, [1, 2, 3, 4, 5, 6, 7, 8, 9, 10, 17, 15, 11, 20, 14, 12, 18, 16, 19, 13, 21]);
tvar = array1d(1..21, [0, 1339, 1886, 2743, 3889, 4679, 6595, 8026, 8929, 10088, 14558, 13413, 10949, 16303, 12733, 11550, 14986, 13932, 15531, 12033, 16607]);
----------
objective = 16588;
position = array1d(1..21, [1, 2, 3, 4, 5, 6, 7, 8, 9, 10, 17, 15, 11, 20, 14, 12, 18, 16, 19, 13, 21]);
tvar = array1d(1..21, [0, 1339, 1886, 2743, 3889, 4680, 6561, 7992, 8895, 10054, 14539, 13394, 10930, 16284, 12714, 11531, 14967, 13913, 15512, 12014, 16588]);
----------
objective = 16541;
position = array1d(1..21, [1, 2, 3, 4, 5, 6, 7, 8, 9, 10, 18, 15, 11, 20, 14, 12, 17, 16, 19, 13, 21]);
tvar = array1d(1..21, [0, 1339, 1886, 2743, 3889, 4679, 6595, 8026, 8929, 10088, 14687, 13413, 10949, 16237, 12733, 11550, 14472, 13932, 15471, 12033, 16541]);
----------
objective = 16522;
position = array1d(1..21, [1, 2, 3, 4, 5, 6, 7, 8, 9, 10, 18, 15, 11, 20, 14, 12, 17, 16, 19, 13, 21]);
tvar = array1d(1..21, [0, 1339, 1886, 2743, 3889, 4680, 6561, 7992, 8895, 10054, 14668, 13394, 10930, 16218, 12714, 11531, 14453, 13913, 15452, 12014, 16522]);
----------
objective = 16521;
position = array1d(1..21, [1, 2, 3, 4, 5, 6, 7, 8, 9, 10, 19, 15, 11, 20, 14, 12, 17, 16, 18, 13, 21]);
tvar = array1d(1..21, [0, 1339, 1886, 2743, 3889, 4680, 6561, 7992, 8895, 10054, 15580, 13394, 10930, 16217, 12714, 11531, 14453, 13913, 14997, 12014, 16521]);
----------
objective = 16520;
position = array1d(1..21, [1, 2, 3, 4, 5, 6, 7, 8, 9, 10, 19, 15, 11, 20, 14, 12, 18, 16, 17, 13, 21]);
tvar = array1d(1..21, [0, 1339, 1886, 2743, 3889, 4680, 6561, 7992, 8895, 10054, 15579, 13394, 10930, 16216, 12714, 11531, 15355, 13913, 14721, 12014, 16520]);
----------
objective = 16501;
position = array1d(1..21, [1, 2, 3, 4, 5, 6, 7, 8, 9, 10, 18, 15, 12, 20, 14, 11, 17, 16, 19, 13, 21]);
tvar = array1d(1..21, [0, 1339, 1886, 2743, 3889, 4679, 6595, 8026, 8929, 10088, 14647, 13373, 11215, 16197, 12693, 10496, 14432, 13892, 15431, 11993, 16501]);
----------
objective = 16474;
position = array1d(1..21, [1, 2, 3, 4, 5, 6, 7, 8, 9, 10, 18, 15, 12, 20, 14, 11, 17, 16, 19, 13, 21]);
tvar = array1d(1..21, [0, 1339, 1886, 2743, 3889, 4680, 6561, 7992, 8895, 10054, 14620, 13346, 11188, 16170, 12666, 10469, 14405, 13865, 15404, 11966, 16474]);
----------
objective = 16473;
position = array1d(1..21, [1, 2, 3, 4, 5, 6, 7, 8, 9, 10, 19, 15, 12, 20, 14, 11, 17, 16, 18, 13, 21]);
tvar = array1d(1..21, [0, 1339, 1886, 2743, 3889, 4680, 6561, 7992, 8895, 10054, 15532, 13346, 11188, 16169, 12666, 10469, 14405, 13865, 14949, 11966, 16473]);
----------
objective = 16472;
position = array1d(1..21, [1, 2, 3, 4, 5, 6, 7, 8, 9, 10, 19, 15, 12, 20, 14, 11, 18, 16, 17, 13, 21]);
tvar = array1d(1..21, [0, 1339, 1886, 2743, 3889, 4680, 6561, 7992, 8895, 10054, 15531, 13346, 11188, 16168, 12666, 10469, 15307, 13865, 14673, 11966, 16472]);
----------
objective = 16429;
position = array1d(1..21, [1, 2, 3, 4, 5, 6, 7, 8, 9, 10, 19, 14, 17, 20, 13, 11, 15, 16, 18, 12, 21]);
tvar = array1d(1..21, [0, 1339, 1886, 2743, 3889, 4679, 6595, 8026, 8929, 10088, 15488, 12796, 14208, 16125, 11974, 10496, 13460, 13863, 14905, 11139, 16429]);
----------
objective = 16398;
position = array1d(1..21, [1, 2, 3, 4, 5, 6, 7, 8, 9, 10, 19, 14, 17, 20, 13, 11, 15, 16, 18, 12, 21]);
tvar = array1d(1..21, [0, 1339, 1886, 2743, 3889, 4680, 6561, 7992, 8895, 10054, 15461, 12769, 14181, 16094, 11947, 10469, 13433, 13836, 14878, 11112, 16398]);
----------
objective = 16383;
position = array1d(1..21, [1, 2, 3, 4, 5, 6, 7, 8, 9, 10, 17, 14, 16, 20, 13, 11, 18, 15, 19, 12, 21]);
tvar = array1d(1..21, [0, 1339, 1886, 2743, 3889, 4680, 6561, 7992, 8895, 10054, 14341, 12769, 13695, 16079, 11947, 10469, 14768, 13287, 15313, 11112, 16383]);
----------
objective = 16333;
position = array1d(1..21, [1, 2, 3, 4, 5, 6, 7, 8, 9, 10, 18, 14, 16, 20, 13, 11, 17, 15, 19, 12, 21]);
tvar = array1d(1..21, [0, 1339, 1886, 2743, 3889, 4679, 6595, 8026, 8929, 10088, 14479, 12796, 13722, 16029, 11974, 10496, 14261, 13314, 15263, 11139, 16333]);
----------
objective = 16306;
position = array1d(1..21, [1, 2, 3, 4, 5, 6, 7, 8, 9, 10, 18, 14, 16, 20, 13, 11, 17, 15, 19, 12, 21]);
tvar = array1d(1..21, [0, 1339, 1886, 2743, 3889, 4680, 6561, 7992, 8895, 10054, 14452, 12769, 13695, 16002, 11947, 10469, 14234, 13287, 15236, 11112, 16306]);
----------
objective = 16299;
position = array1d(1..21, [1, 2, 3, 4, 5, 6, 7, 8, 9, 10, 19, 14, 16, 20, 13, 11, 17, 15, 18, 12, 21]);
tvar = array1d(1..21, [0, 1339, 1886, 2743, 3889, 4680, 6561, 7992, 8895, 10054, 15362, 12769, 13695, 15995, 11947, 10469, 14234, 13287, 14779, 11112, 16299]);
----------
objective = 16206;
position = array1d(1..21, [1, 2, 3, 4, 5, 6, 7, 8, 9, 10, 19, 14, 16, 20, 13, 11, 18, 15, 17, 12, 21]);
tvar = array1d(1..21, [0, 1339, 1886, 2743, 3889, 4679, 6595, 8026, 8929, 10088, 15269, 12796, 13722, 15902, 11974, 10496, 15053, 13314, 14419, 11139, 16206]);
----------
objective = 16171;
position = array1d(1..21, [1, 2, 3, 4, 5, 6, 7, 8, 9, 10, 19, 14, 16, 20, 13, 11, 18, 15, 17, 12, 21]);
tvar = array1d(1..21, [0, 1339, 1886, 2743, 3889, 4680, 6561, 7992, 8895, 10054, 15234, 12769, 13695, 15867, 11947, 10469, 15018, 13287, 14392, 11112, 16171]);
----------
