mznc2018_probs/cargo/challenge20_27613f_2435.dzn
dT__ = array1d(1..85, [10, 11, 11, 11, 10, 11, 10, 8, 8, 11, 8, 6, 9, 6, 6, 6, 6, 7, 6, 6, 6, 9, 6, 8, 8, 8, 6, 6, 9, 6, 6, 6, 4, 6, 8, 4, 7, 8, 6, 6, 5, 6, 6, 6, 7, 7, 8, 6, 7, 9, 7, 4, 6, 8, 6, 6, 7, 6, 5, 8, 8, 10, 8, 9, 7, 7, 7, 8, 8, 6, 7, 6, 7, 6, 4, 6, 4, 7, 6, 8, 8, 6, 8, 12, 4]);
h__ = array1d(1..85, [0, 286, 620, 942, 1223, 1258, 1355, 0, 320, 1688, 603, 871, 1079, 1148, 1377, 0, 208, 1554, 376, 694, 947, 1609, 1044, 1292, 0, 275, 1480, 1554, 496, 787, 1074, 1480, 0, 286, 1284, 483, 773, 1036, 1471, 0, 483, 211, 1221, 707, 1305, 1406, 1635, 418, 968, 0, 117, 272, 655, 1221, 1288, 902, 1459, 0, 213, 405, 1089, 1716, 617, 735, 851, 1254, 1528, 0, 161, 284, 1598, 597, 913, 1097, 1186, 1428, 0, 1682, 1097, 287, 1253, 679, 491, 1723, 1379]);
objective = 128038;
tR = array1d(1..85, [15848, 17256, 18527, 21281, 25571, 27317, 27386, 28279, 29105, 30168, 30436, 30240, 35441, 36000, 36000, 37440, 37440, 38372, 38880, 38880, 39832, 43732, 44640, 47954, 48960, 50400, 44640, 46307, 51886, 53280, 53629, 54720, 56160, 59040, 59040, 57600, 63511, 64800, 63360, 64391, 65183, 67680, 67680, 72000, 69107, 73718, 74880, 73440, 74332, 77876, 78316, 79200, 80640, 79628, 82409, 83675, 84510, 86078, 86880, 90720, 90835, 91820, 92075, 93511, 94037, 94914, 94846, 97920, 98526, 99360, 96176, 102240, 103426, 100165, 100800, 103867, 105120, 100988, 109995, 110880, 112320, 112410, 113760, 108995, 109440]);
tS__ = array1d(1..85, [2, 2, 3, 5, 8, 9, 10, 13, 13, 11, 14, 16, 16, 20, 20, 21, 21, 20, 22, 22, 22, 22, 26, 26, 27, 28, 26, 27, 28, 32, 32, 33, 36, 36, 34, 37, 38, 38, 39, 40, 41, 42, 42, 45, 42, 45, 45, 46, 46, 46, 48, 52, 51, 48, 52, 53, 53, 55, 56, 56, 56, 54, 57, 57, 59, 60, 60, 61, 61, 64, 60, 66, 66, 64, 67, 67, 70, 64, 71, 70, 71, 73, 72, 64, 73]);
----------
dT__ = array1d(1..85, [10, 11, 11, 11, 10, 11, 10, 8, 8, 11, 8, 6, 9, 6, 6, 6, 6, 7, 6, 6, 6, 9, 6, 8, 8, 8, 6, 6, 9, 6, 6, 6, 4, 6, 8, 4, 7, 8, 6, 6, 5, 6, 6, 6, 7, 7, 8, 6, 7, 9, 7, 4, 6, 8, 6, 6, 7, 6, 5, 8, 8, 10, 8, 9, 7, 7, 7, 8, 8, 6, 7, 6, 6, 6, 4, 6, 4, 7, 7, 8, 8, 7, 8, 6, 4]);
h__ = array1d(1..85, [0, 286, 620, 942, 1223, 1258, 1355, 0, 320, 1688, 603, 871, 1079, 1148, 1377, 0, 208, 1554, 376, 694, 947, 1609, 1044, 1292, 0, 275, 1480, 1554, 496, 787, 1074, 1480, 0, 286, 1284, 483, 773, 1036, 1471, 0, 483, 211, 1221, 707, 1305, 1406, 1635, 418, 968, 0, 117, 272, 655, 1221, 1288, 902, 1459, 0, 213, 405, 1089, 1716, 617, 735, 851, 1254, 1528, 0, 161, 284, 1598, 597, 1155, 1635, 913, 1339, 0, 1724, 287, 913, 443, 569, 1593, 1117, 1155]);
objective = 127187;
tR = array1d(1..85, [15848, 17256, 18527, 21281, 25571, 27317, 27386, 28279, 29105, 30168, 30436, 30240, 35441, 36000, 36000, 37440, 37440, 38372, 38880, 38880, 39832, 43732, 44640, 47954, 48960, 50400, 44640, 46307, 51886, 53280, 53629, 54720, 56160, 59040, 59040, 57600, 63511, 64800, 63360, 64391, 65183, 67680, 67680, 72000, 69107, 73718, 74880, 73440, 74332, 77876, 78316, 79200, 80640, 79628, 82409, 83675, 84510, 86078, 86880, 90720, 90835, 91820, 92075, 93511, 94037, 94914, 94846, 97920, 98526, 99360, 96176, 102240, 103680, 99360, 99695, 103867, 105120, 100988, 109995, 110880, 110880, 111355, 112405, 108995, 109440]);
tS__ = array1d(1..85, [2, 2, 3, 5, 8, 9, 10, 13, 13, 11, 14, 16, 16, 20, 20, 21, 21, 20, 22, 22, 22, 22, 26, 26, 27, 28, 26, 27, 28, 32, 32, 33, 36, 36, 34, 37, 38, 38, 39, 40, 41, 42, 42, 45, 42, 45, 45, 46, 46, 46, 48, 52, 51, 48, 52, 53, 53, 55, 56, 56, 56, 54, 57, 57, 59, 60, 60, 61, 61, 64, 60, 66, 67, 64, 66, 67, 70, 64, 70, 70, 70, 72, 71, 70, 73]);
----------
dT__ = array1d(1..85, [10, 11, 11, 11, 10, 11, 10, 8, 8, 11, 8, 6, 9, 6, 6, 6, 6, 7, 6, 6, 6, 9, 6, 8, 8, 8, 6, 6, 9, 6, 6, 6, 4, 6, 8, 4, 7, 8, 6, 6, 5, 6, 6, 6, 7, 7, 8, 6, 7, 9, 7, 4, 6, 8, 6, 6, 7, 6, 5, 8, 8, 10, 8, 9, 7, 7, 7, 8, 8, 6, 4, 6, 6, 9, 4, 6, 4, 7, 7, 8, 8, 7, 8, 6, 4]);
h__ = array1d(1..85, [0, 286, 620, 942, 1223, 1258, 1355, 0, 320, 1688, 603, 871, 1079, 1148, 1377, 0, 208, 1554, 376, 694, 947, 1609, 1044, 1292, 0, 275, 1480, 1554, 496, 787, 1074, 1480, 0, 286, 1284, 483, 773, 1036, 1471, 0, 483, 211, 1221, 707, 1305, 1406, 1635, 418, 968, 0, 117, 272, 655, 1221, 1288, 902, 1459, 0, 213, 405, 1089, 1716, 617, 735, 851, 1254, 1528, 0, 161, 284, 1687, 597, 1155, 1598, 913, 1339, 0, 1724, 287, 913, 1593, 443, 723, 1117, 1155]);
objective = 127156;
tR = array1d(1..85, [15848, 17256, 18527, 21281, 25571, 27317, 27386, 28279, 29105, 30168, 30436, 30240, 35441, 36000, 36000, 37440, 37440, 38372, 38880, 38880, 39832, 43732, 44640, 47954, 48960, 50400, 44640, 46307, 51886, 53280, 53629, 54720, 56160, 59040, 59040, 57600, 63511, 64800, 63360, 64391, 65183, 67680, 67680, 72000, 69107, 73718, 74880, 73440, 74332, 77876, 78316, 79200, 80640, 79628, 82409, 83675, 84510, 86078, 86880, 90720, 90835, 91820, 92075, 93511, 94037, 94914, 94846, 97920, 98526, 99360, 96480, 102240, 103680, 98725, 99360, 103867, 105120, 100988, 109995, 110880, 109440, 112410, 113760, 108995, 109440]);
tS__ = array1d(1..85, [2, 2, 3, 5, 8, 9, 10, 13, 13, 11, 14, 16, 16, 20, 20, 21, 21, 20, 22, 22, 22, 22, 26, 26, 27, 28, 26, 27, 28, 32, 32, 33, 36, 36, 34, 37, 38, 38, 39, 40, 41, 42, 42, 45, 42, 45, 45, 46, 46, 46, 48, 52, 51, 48, 52, 53, 53, 55, 56, 56, 56, 54, 57, 57, 59, 60, 60, 61, 61, 64, 64, 66, 67, 60, 66, 67, 70, 64, 70, 70, 69, 72, 72, 70, 73]);
----------
dT__ = array1d(1..85, [10, 11, 11, 11, 10, 11, 10, 8, 8, 11, 8, 6, 9, 6, 6, 6, 6, 7, 6, 6, 6, 9, 6, 8, 8, 8, 6, 6, 9, 6, 6, 6, 4, 6, 8, 4, 7, 8, 6, 6, 5, 6, 6, 6, 7, 7, 8, 6, 7, 9, 7, 4, 6, 8, 6, 6, 7, 6, 5, 8, 8, 10, 8, 9, 7, 7, 7, 8, 8, 6, 7, 6, 6, 6, 4, 6, 5, 7, 7, 8, 8, 7, 8, 6, 4]);
h__ = array1d(1..85, [0, 286, 620, 942, 1223, 1258, 1355, 0, 320, 1688, 603, 871, 1079, 1148, 1377, 0, 208, 1554, 376, 694, 947, 1609, 1044, 1292, 0, 275, 1480, 1554, 496, 787, 1074, 1480, 0, 286, 1284, 483, 773, 1036, 1471, 0, 483, 211, 1221, 707, 1305, 1406, 1635, 418, 968, 0, 117, 272, 655, 1221, 1288, 902, 1459, 0, 213, 405, 1089, 1716, 617, 735, 851, 1254, 1528, 0, 161, 287, 1598, 600, 1158, 1635, 916, 1342, 0, 1724, 287, 916, 443, 569, 1596, 1120, 1158]);
objective = 126700;
tR = array1d(1..85, [15848, 17256, 18527, 21281, 25571, 27317, 27386, 28279, 29105, 30168, 30436, 30240, 35441, 36000, 36000, 37440, 37440, 38372, 38880, 38880, 39832, 43732, 44640, 47954, 48960, 50400, 44640, 46307, 51886, 53280, 53629, 54720, 56160, 59040, 59040, 57600, 63511, 64800, 63360, 64391, 65183, 67680, 67680, 72000, 69107, 73718, 74880, 73440, 74332, 77876, 78316, 79200, 80640, 79628, 82409, 83675, 84510, 86078, 86880, 90720, 90835, 91820, 92075, 93511, 94037, 94914, 94846, 97920, 98526, 99360, 96176, 102240, 103680, 99360, 99695, 103680, 104633, 100988, 109995, 110880, 110880, 111355, 112405, 108995, 109440]);
tS__ = array1d(1..85, [2, 2, 3, 5, 8, 9, 10, 13, 13, 11, 14, 16, 16, 20, 20, 21, 21, 20, 22, 22, 22, 22, 26, 26, 27, 28, 26, 27, 28, 32, 32, 33, 36, 36, 34, 37, 38, 38, 39, 40, 41, 42, 42, 45, 42, 45, 45, 46, 46, 46, 48, 52, 51, 48, 52, 53, 53, 55, 56, 56, 56, 54, 57, 57, 59, 60, 60, 61, 61, 64, 60, 66, 67, 64, 66, 67, 69, 64, 70, 70, 70, 72, 71, 70, 73]);
----------
dT__ = array1d(1..85, [10, 11, 11, 11, 10, 11, 10, 8, 8, 11, 8, 6, 9, 6, 6, 6, 6, 7, 6, 6, 6, 9, 6, 8, 8, 8, 6, 6, 9, 6, 6, 6, 4, 6, 8, 4, 7, 8, 6, 6, 5, 6, 6, 6, 7, 7, 8, 6, 7, 9, 7, 4, 6, 8, 6, 6, 7, 6, 5, 8, 8, 10, 8, 9, 7, 7, 7, 8, 8, 6, 4, 6, 6, 9, 4, 6, 5, 7, 7, 8, 8, 7, 8, 6, 4]);
h__ = array1d(1..85, [0, 286, 620, 942, 1223, 1258, 1355, 0, 320, 1688, 603, 871, 1079, 1148, 1377, 0, 208, 1554, 376, 694, 947, 1609, 1044, 1292, 0, 275, 1480, 1554, 496, 787, 1074, 1480, 0, 286, 1284, 483, 773, 1036, 1471, 0, 483, 211, 1221, 707, 1305, 1406, 1635, 418, 968, 0, 117, 272, 655, 1221, 1288, 902, 1459, 0, 213, 405, 1089, 1716, 617, 735, 851, 1254, 1528, 0, 161, 287, 1687, 600, 1158, 1598, 916, 1342, 0, 1724, 287, 916, 1596, 443, 723, 1120, 1158]);
objective = 126669;
tR = array1d(1..85, [15848, 17256, 18527, 21281, 25571, 27317, 27386, 28279, 29105, 30168, 30436, 30240, 35441, 36000, 36000, 37440, 37440, 38372, 38880, 38880, 39832, 43732, 44640, 47954, 48960, 50400, 44640, 46307, 51886, 53280, 53629, 54720, 56160, 59040, 59040, 57600, 63511, 64800, 63360, 64391, 65183, 67680, 67680, 72000, 69107, 73718, 74880, 73440, 74332, 77876, 78316, 79200, 80640, 79628, 82409, 83675, 84510, 86078, 86880, 90720, 90835, 91820, 92075, 93511, 94037, 94914, 94846, 97920, 98526, 99360, 96480, 102240, 103680, 98725, 99360, 103680, 104633, 100988, 109995, 110880, 109440, 112410, 113760, 108995, 109440]);
tS__ = array1d(1..85, [2, 2, 3, 5, 8, 9, 10, 13, 13, 11, 14, 16, 16, 20, 20, 21, 21, 20, 22, 22, 22, 22, 26, 26, 27, 28, 26, 27, 28, 32, 32, 33, 36, 36, 34, 37, 38, 38, 39, 40, 41, 42, 42, 45, 42, 45, 45, 46, 46, 46, 48, 52, 51, 48, 52, 53, 53, 55, 56, 56, 56, 54, 57, 57, 59, 60, 60, 61, 61, 64, 64, 66, 67, 60, 66, 67, 69, 64, 70, 70, 69, 72, 72, 70, 73]);
----------
