mznc2018_probs/train/instance.4.dzn
arrival = array2d(1..5, 1..5, [0, 5, 13, 21, 29, 0, 25, 30, 35, 40, 0, 27, 33, 43, 49, 0, 35, 47, 52, 61, 0, 45, 53, 62, 72]);
collect = array2d(1..5, 1..5, [0, 80, 100, 100, 0, 0, 0, 0, 0, 0, 0, 0, 220, 0, 0, 0, 340, 0, 160, 0, 0, 60, 180, 240, 0]);
departure = array2d(1..5, 1..5, [0, 8, 16, 24, 29, 20, 25, 30, 35, 40, 21, 28, 38, 44, 49, 30, 42, 47, 56, 61, 40, 48, 57, 67, 72]);
dwell = array2d(1..5, 1..5, [0, 3, 3, 3, 0, 20, 0, 0, 0, 0, 21, 1, 5, 1, 0, 30, 7, 0, 4, 0, 40, 3, 4, 5, 0]);
load = array2d(1..5, 1..5, [0, 80, 180, 280, 280, 0, 0, 0, 0, 0, 0, 0, 220, 220, 220, 0, 340, 340, 500, 500, 0, 60, 240, 480, 480]);
objective = 83960;
sigmaLower = array2d(1..5, 1..5, [0, 0, 6, 14, 0, 0, 8, 16, 24, 0, 0, 8, 16, 24, 0, 0, 8, 38, 24, 0, 0, 42, 38, 40, 0]);
sigmaUpper = array2d(1..5, 1..5, [0, 8, 16, 24, 0, 0, 8, 16, 24, 0, 0, 8, 38, 24, 0, 0, 42, 38, 40, 0, 0, 48, 56, 64, 0]);
----------
arrival = array2d(1..5, 1..5, [0, 5, 14, 21, 29, 0, 25, 30, 35, 40, 0, 27, 33, 43, 49, 0, 35, 47, 52, 61, 0, 45, 53, 62, 72]);
collect = array2d(1..5, 1..5, [0, 90, 100, 100, 0, 0, 0, 0, 0, 0, 0, 0, 220, 0, 0, 0, 330, 0, 170, 0, 0, 60, 180, 230, 0]);
departure = array2d(1..5, 1..5, [0, 9, 16, 24, 29, 20, 25, 30, 35, 40, 21, 28, 38, 44, 49, 30, 42, 47, 56, 61, 40, 48, 57, 67, 72]);
dwell = array2d(1..5, 1..5, [0, 4, 2, 3, 0, 20, 0, 0, 0, 0, 21, 1, 5, 1, 0, 30, 7, 0, 4, 0, 40, 3, 4, 5, 0]);
load = array2d(1..5, 1..5, [0, 90, 190, 290, 290, 0, 0, 0, 0, 0, 0, 0, 220, 220, 220, 0, 330, 330, 500, 500, 0, 60, 240, 470, 470]);
objective = 83530;
sigmaLower = array2d(1..5, 1..5, [0, 0, 6, 14, 0, 0, 9, 16, 24, 0, 0, 9, 16, 24, 0, 0, 9, 38, 24, 0, 0, 42, 38, 41, 0]);
sigmaUpper = array2d(1..5, 1..5, [0, 9, 16, 24, 0, 0, 9, 16, 24, 0, 0, 9, 38, 24, 0, 0, 42, 38, 41, 0, 0, 48, 56, 64, 0]);
----------
arrival = array2d(1..5, 1..5, [0, 5, 14, 21, 29, 0, 25, 30, 35, 40, 0, 27, 33, 44, 49, 0, 35, 47, 52, 61, 0, 45, 53, 62, 72]);
collect = array2d(1..5, 1..5, [0, 90, 100, 100, 0, 0, 0, 0, 0, 0, 0, 0, 230, 0, 0, 0, 330, 0, 170, 0, 0, 60, 170, 230, 0]);
departure = array2d(1..5, 1..5, [0, 9, 16, 24, 29, 20, 25, 30, 35, 40, 21, 28, 39, 44, 49, 30, 42, 47, 56, 61, 40, 48, 57, 67, 72]);
dwell = array2d(1..5, 1..5, [0, 4, 2, 3, 0, 20, 0, 0, 0, 0, 21, 1, 6, 0, 0, 30, 7, 0, 4, 0, 40, 3, 4, 5, 0]);
load = array2d(1..5, 1..5, [0, 90, 190, 290, 290, 0, 0, 0, 0, 0, 0, 0, 230, 230, 230, 0, 330, 330, 500, 500, 0, 60, 230, 460, 460]);
objective = 83300;
sigmaLower = array2d(1..5, 1..5, [0, 0, 6, 14, 0, 0, 9, 16, 24, 0, 0, 9, 16, 24, 0, 0, 9, 39, 24, 0, 0, 42, 39, 41, 0]);
sigmaUpper = array2d(1..5, 1..5, [0, 9, 16, 24, 0, 0, 9, 16, 24, 0, 0, 9, 39, 24, 0, 0, 42, 39, 41, 0, 0, 48, 56, 64, 0]);
----------
arrival = array2d(1..5, 1..5, [0, 5, 14, 22, 29, 0, 25, 30, 35, 40, 0, 27, 33, 44, 49, 0, 35, 47, 52, 61, 0, 45, 53, 62, 72]);
collect = array2d(1..5, 1..5, [0, 90, 110, 100, 0, 0, 0, 0, 0, 0, 0, 0, 220, 0, 0, 0, 330, 0, 170, 0, 0, 60, 170, 230, 0]);
departure = array2d(1..5, 1..5, [0, 9, 17, 24, 29, 20, 25, 30, 35, 40, 21, 28, 39, 44, 49, 30, 42, 47, 56, 61, 40, 48, 57, 67, 72]);
dwell = array2d(1..5, 1..5, [0, 4, 3, 2, 0, 20, 0, 0, 0, 0, 21, 1, 6, 0, 0, 30, 7, 0, 4, 0, 40, 3, 4, 5, 0]);
load = array2d(1..5, 1..5, [0, 90, 200, 300, 300, 0, 0, 0, 0, 0, 0, 0, 220, 220, 220, 0, 330, 330, 500, 500, 0, 60, 230, 460, 460]);
objective = 83100;
sigmaLower = array2d(1..5, 1..5, [0, 0, 6, 14, 0, 0, 9, 17, 24, 0, 0, 9, 17, 24, 0, 0, 9, 39, 24, 0, 0, 42, 39, 41, 0]);
sigmaUpper = array2d(1..5, 1..5, [0, 9, 17, 24, 0, 0, 9, 17, 24, 0, 0, 9, 39, 24, 0, 0, 42, 39, 41, 0, 0, 48, 56, 64, 0]);
----------
arrival = array2d(1..5, 1..5, [0, 5, 14, 21, 29, 0, 25, 30, 35, 40, 0, 27, 33, 46, 51, 0, 35, 47, 52, 61, 0, 45, 53, 61, 71]);
collect = array2d(1..5, 1..5, [0, 90, 100, 100, 0, 0, 0, 0, 0, 0, 0, 0, 250, 0, 0, 0, 330, 0, 170, 0, 0, 60, 150, 230, 0]);
departure = array2d(1..5, 1..5, [0, 9, 16, 24, 29, 20, 25, 30, 35, 40, 21, 28, 41, 46, 51, 30, 42, 47, 56, 61, 40, 48, 56, 66, 71]);
dwell = array2d(1..5, 1..5, [0, 4, 2, 3, 0, 20, 0, 0, 0, 0, 21, 1, 8, 0, 0, 30, 7, 0, 4, 0, 40, 3, 3, 5, 0]);
load = array2d(1..5, 1..5, [0, 90, 190, 290, 290, 0, 0, 0, 0, 0, 0, 0, 250, 250, 250, 0, 330, 330, 500, 500, 0, 60, 210, 440, 440]);
objective = 82900;
sigmaLower = array2d(1..5, 1..5, [0, 0, 6, 14, 0, 0, 9, 16, 24, 0, 0, 9, 16, 24, 0, 0, 9, 41, 24, 0, 0, 42, 41, 41, 0]);
sigmaUpper = array2d(1..5, 1..5, [0, 9, 16, 24, 0, 0, 9, 16, 24, 0, 0, 9, 41, 24, 0, 0, 42, 41, 41, 0, 0, 48, 56, 64, 0]);
----------
arrival = array2d(1..5, 1..5, [0, 5, 14, 22, 29, 0, 25, 30, 35, 40, 0, 27, 33, 46, 51, 0, 35, 47, 52, 61, 0, 45, 53, 61, 71]);
collect = array2d(1..5, 1..5, [0, 90, 110, 100, 0, 0, 0, 0, 0, 0, 0, 0, 240, 0, 0, 0, 330, 0, 170, 0, 0, 60, 150, 230, 0]);
departure = array2d(1..5, 1..5, [0, 9, 17, 24, 29, 20, 25, 30, 35, 40, 21, 28, 41, 46, 51, 30, 42, 47, 56, 61, 40, 48, 56, 66, 71]);
dwell = array2d(1..5, 1..5, [0, 4, 3, 2, 0, 20, 0, 0, 0, 0, 21, 1, 8, 0, 0, 30, 7, 0, 4, 0, 40, 3, 3, 5, 0]);
load = array2d(1..5, 1..5, [0, 90, 200, 300, 300, 0, 0, 0, 0, 0, 0, 0, 240, 240, 240, 0, 330, 330, 500, 500, 0, 60, 210, 440, 440]);
objective = 82680;
sigmaLower = array2d(1..5, 1..5, [0, 0, 6, 14, 0, 0, 9, 17, 24, 0, 0, 9, 17, 24, 0, 0, 9, 41, 24, 0, 0, 42, 41, 41, 0]);
sigmaUpper = array2d(1..5, 1..5, [0, 9, 17, 24, 0, 0, 9, 17, 24, 0, 0, 9, 41, 24, 0, 0, 42, 41, 41, 0, 0, 48, 56, 64, 0]);
----------
arrival = array2d(1..5, 1..5, [0, 5, 16, 24, 29, 0, 25, 30, 35, 40, 0, 27, 36, 46, 51, 0, 35, 43, 51, 64, 0, 45, 53, 61, 69]);
collect = array2d(1..5, 1..5, [0, 110, 130, 0, 0, 0, 0, 0, 0, 0, 0, 200, 220, 0, 0, 0, 70, 50, 380, 0, 0, 100, 100, 120, 0]);
departure = array2d(1..5, 1..5, [0, 11, 19, 24, 29, 20, 25, 30, 35, 40, 21, 31, 41, 46, 51, 30, 38, 46, 59, 64, 40, 48, 56, 64, 69]);
dwell = array2d(1..5, 1..5, [0, 6, 3, 0, 0, 20, 0, 0, 0, 0, 21, 4, 5, 0, 0, 30, 3, 3, 8, 0, 40, 3, 3, 3, 0]);
load = array2d(1..5, 1..5, [0, 110, 240, 240, 240, 0, 0, 0, 0, 0, 0, 200, 420, 420, 420, 0, 70, 120, 500, 500, 0, 100, 200, 320, 320]);
objective = 82460;
sigmaLower = array2d(1..5, 1..5, [0, 0, 6, 14, 0, 0, 11, 19, 14, 0, 0, 11, 19, 14, 0, 0, 31, 41, 14, 0, 0, 38, 46, 52, 0]);
sigmaUpper = array2d(1..5, 1..5, [0, 11, 19, 14, 0, 0, 11, 19, 14, 0, 0, 31, 41, 14, 0, 0, 38, 46, 52, 0, 0, 48, 56, 64, 0]);
----------
arrival = array2d(1..5, 1..5, [0, 5, 13, 22, 29, 0, 25, 30, 35, 40, 0, 27, 33, 42, 52, 0, 35, 47, 52, 59, 0, 45, 53, 62, 69]);
collect = array2d(1..5, 1..5, [0, 80, 110, 100, 0, 0, 0, 0, 0, 0, 0, 0, 200, 230, 0, 0, 340, 0, 70, 0, 0, 60, 190, 100, 0]);
departure = array2d(1..5, 1..5, [0, 8, 17, 24, 29, 20, 25, 30, 35, 40, 21, 28, 37, 47, 52, 30, 42, 47, 54, 59, 40, 48, 57, 64, 69]);
dwell = array2d(1..5, 1..5, [0, 3, 4, 2, 0, 20, 0, 0, 0, 0, 21, 1, 4, 5, 0, 30, 7, 0, 2, 0, 40, 3, 4, 2, 0]);
load = array2d(1..5, 1..5, [0, 80, 190, 290, 290, 0, 0, 0, 0, 0, 0, 0, 200, 430, 430, 0, 340, 340, 410, 410, 0, 60, 250, 350, 350]);
objective = 79110;
sigmaLower = array2d(1..5, 1..5, [0, 0, 6, 14, 0, 0, 8, 17, 24, 0, 0, 8, 17, 24, 0, 0, 8, 37, 47, 0, 0, 42, 37, 54, 0]);
sigmaUpper = array2d(1..5, 1..5, [0, 8, 17, 24, 0, 0, 8, 17, 24, 0, 0, 8, 37, 47, 0, 0, 42, 37, 54, 0, 0, 48, 56, 64, 0]);
----------
arrival = array2d(1..5, 1..5, [0, 5, 14, 22, 29, 0, 25, 30, 35, 40, 0, 27, 33, 42, 52, 0, 35, 47, 52, 59, 0, 45, 53, 62, 69]);
collect = array2d(1..5, 1..5, [0, 90, 110, 100, 0, 0, 0, 0, 0, 0, 0, 0, 200, 230, 0, 0, 330, 0, 70, 0, 0, 60, 190, 100, 0]);
departure = array2d(1..5, 1..5, [0, 9, 17, 24, 29, 20, 25, 30, 35, 40, 21, 28, 37, 47, 52, 30, 42, 47, 54, 59, 40, 48, 57, 64, 69]);
dwell = array2d(1..5, 1..5, [0, 4, 3, 2, 0, 20, 0, 0, 0, 0, 21, 1, 4, 5, 0, 30, 7, 0, 2, 0, 40, 3, 4, 2, 0]);
load = array2d(1..5, 1..5, [0, 90, 200, 300, 300, 0, 0, 0, 0, 0, 0, 0, 200, 430, 430, 0, 330, 330, 400, 400, 0, 60, 250, 350, 350]);
objective = 78810;
sigmaLower = array2d(1..5, 1..5, [0, 0, 6, 14, 0, 0, 9, 17, 24, 0, 0, 9, 17, 24, 0, 0, 9, 37, 47, 0, 0, 42, 37, 54, 0]);
sigmaUpper = array2d(1..5, 1..5, [0, 9, 17, 24, 0, 0, 9, 17, 24, 0, 0, 9, 37, 47, 0, 0, 42, 37, 54, 0, 0, 48, 56, 64, 0]);
----------
arrival = array2d(1..5, 1..5, [0, 5, 14, 22, 29, 0, 25, 30, 35, 40, 0, 27, 33, 44, 54, 0, 35, 47, 54, 59, 0, 45, 53, 61, 69]);
collect = array2d(1..5, 1..5, [0, 90, 110, 100, 0, 0, 0, 0, 0, 0, 0, 0, 220, 250, 0, 0, 330, 100, 0, 0, 0, 60, 70, 150, 0]);
departure = array2d(1..5, 1..5, [0, 9, 17, 24, 29, 20, 25, 30, 35, 40, 21, 28, 39, 49, 54, 30, 42, 49, 54, 59, 40, 48, 56, 64, 69]);
dwell = array2d(1..5, 1..5, [0, 4, 3, 2, 0, 20, 0, 0, 0, 0, 21, 1, 6, 5, 0, 30, 7, 2, 0, 0, 40, 3, 3, 3, 0]);
load = array2d(1..5, 1..5, [0, 90, 200, 300, 300, 0, 0, 0, 0, 0, 0, 0, 220, 470, 470, 0, 330, 430, 430, 430, 0, 60, 130, 280, 280]);
objective = 78770;
sigmaLower = array2d(1..5, 1..5, [0, 0, 6, 14, 0, 0, 9, 17, 24, 0, 0, 9, 17, 24, 0, 0, 9, 39, 49, 0, 0, 42, 49, 49, 0]);
sigmaUpper = array2d(1..5, 1..5, [0, 9, 17, 24, 0, 0, 9, 17, 24, 0, 0, 9, 39, 49, 0, 0, 42, 49, 49, 0, 0, 48, 56, 64, 0]);
----------
