mznc2017_probs/gbac/UD4-gbac.dzn
objective = 14378;
period_of = array1d(1..139, [1, 1, 2, 2, 2, 2, 2, 1, 1, 2, 1, 3, 3, 3, 1, 3, 3, 3, 4, 3, 4, 1, 1, 3, 3, 1, 2, 3, 3, 3, 4, 4, 4, 4, 4, 4, 1, 1, 1, 1, 1, 1, 2, 2, 2, 3, 3, 2, 2, 2, 2, 3, 3, 4, 5, 3, 4, 5, 6, 2, 2, 2, 1, 2, 1, 2, 2, 2, 2, 2, 1, 3, 1, 1, 1, 3, 3, 3, 4, 1, 3, 4, 3, 3, 4, 3, 3, 3, 1, 1, 1, 1, 3, 4, 3, 5, 1, 3, 2, 2, 2, 5, 2, 3, 1, 3, 4, 1, 4, 2, 4, 5, 5, 3, 5, 5, 5, 5, 6, 4, 5, 5, 6, 1, 6, 1, 6, 6, 3, 6, 1, 6, 6, 3, 6, 6, 6, 6, 2]);
----------
objective = 14306;
period_of = array1d(1..139, [1, 1, 2, 2, 2, 2, 2, 1, 1, 2, 1, 3, 3, 3, 1, 3, 3, 3, 4, 3, 4, 1, 1, 3, 3, 1, 2, 3, 3, 3, 4, 4, 4, 4, 4, 4, 1, 1, 1, 1, 1, 1, 2, 2, 2, 3, 3, 2, 2, 2, 2, 3, 3, 4, 5, 3, 4, 5, 6, 2, 2, 2, 1, 2, 1, 2, 2, 2, 2, 2, 1, 3, 1, 1, 1, 3, 3, 3, 4, 1, 3, 4, 3, 3, 4, 3, 3, 3, 1, 1, 1, 1, 3, 4, 3, 5, 1, 3, 2, 2, 2, 5, 3, 3, 1, 3, 4, 1, 4, 2, 4, 5, 5, 3, 5, 5, 5, 5, 6, 4, 5, 5, 6, 1, 6, 1, 6, 6, 3, 6, 1, 6, 6, 3, 6, 6, 6, 6, 2]);
----------
objective = 14234;
period_of = array1d(1..139, [1, 1, 2, 2, 2, 2, 2, 1, 1, 2, 1, 3, 3, 3, 1, 3, 3, 3, 4, 3, 4, 1, 1, 3, 3, 1, 2, 3, 3, 3, 4, 4, 4, 4, 4, 4, 1, 1, 1, 1, 1, 1, 2, 2, 2, 3, 3, 2, 2, 2, 2, 3, 3, 4, 5, 3, 4, 5, 6, 2, 2, 2, 1, 2, 1, 2, 2, 2, 2, 2, 1, 3, 1, 1, 1, 3, 3, 3, 4, 1, 3, 4, 3, 3, 4, 3, 3, 3, 1, 1, 1, 1, 3, 4, 3, 5, 1, 3, 2, 2, 2, 5, 5, 3, 1, 3, 4, 1, 4, 2, 4, 5, 5, 3, 5, 5, 5, 5, 6, 4, 5, 5, 6, 1, 6, 1, 6, 6, 3, 6, 1, 6, 6, 3, 6, 6, 6, 6, 2]);
----------
objective = 14090;
period_of = array1d(1..139, [1, 1, 2, 2, 2, 2, 2, 1, 1, 2, 1, 3, 3, 3, 1, 3, 3, 3, 4, 3, 4, 1, 1, 3, 3, 1, 2, 3, 3, 3, 4, 4, 4, 4, 4, 4, 1, 1, 1, 1, 1, 1, 2, 2, 2, 3, 3, 2, 2, 2, 2, 3, 3, 4, 5, 3, 4, 5, 6, 2, 2, 2, 1, 2, 1, 2, 2, 2, 2, 2, 1, 3, 1, 1, 1, 3, 3, 3, 4, 1, 3, 4, 3, 3, 4, 3, 3, 3, 1, 1, 1, 1, 3, 4, 3, 5, 2, 3, 2, 2, 2, 5, 3, 3, 1, 3, 4, 1, 4, 2, 4, 5, 5, 3, 5, 5, 5, 5, 6, 4, 5, 5, 6, 1, 6, 1, 6, 6, 3, 6, 1, 6, 6, 3, 6, 6, 6, 6, 2]);
----------
objective = 14018;
period_of = array1d(1..139, [1, 1, 2, 2, 2, 2, 2, 1, 1, 2, 1, 3, 3, 3, 1, 3, 3, 3, 4, 3, 4, 1, 1, 3, 3, 1, 2, 3, 3, 3, 4, 4, 4, 4, 4, 4, 1, 1, 1, 1, 1, 1, 2, 2, 2, 3, 3, 2, 2, 2, 2, 3, 3, 4, 5, 3, 4, 5, 6, 2, 2, 2, 1, 2, 1, 2, 2, 2, 2, 2, 1, 3, 1, 1, 1, 3, 3, 3, 4, 1, 3, 4, 3, 3, 4, 3, 3, 3, 1, 1, 1, 1, 3, 4, 3, 5, 2, 3, 2, 2, 2, 5, 5, 3, 1, 3, 4, 1, 4, 2, 4, 5, 5, 3, 5, 5, 5, 5, 6, 4, 5, 5, 6, 1, 6, 1, 6, 6, 3, 6, 1, 6, 6, 3, 6, 6, 6, 6, 2]);
----------
objective = 13946;
period_of = array1d(1..139, [1, 1, 2, 2, 2, 2, 2, 1, 1, 2, 1, 3, 3, 3, 1, 3, 3, 3, 4, 3, 4, 1, 1, 3, 3, 1, 2, 3, 3, 3, 4, 4, 4, 4, 4, 4, 1, 1, 1, 1, 1, 1, 2, 2, 2, 3, 3, 2, 2, 2, 2, 3, 3, 4, 5, 3, 4, 5, 6, 2, 2, 2, 1, 2, 1, 2, 2, 2, 2, 2, 1, 3, 1, 1, 1, 3, 3, 3, 4, 1, 3, 4, 3, 3, 4, 3, 3, 3, 1, 1, 1, 1, 3, 4, 3, 5, 3, 3, 2, 2, 2, 5, 5, 3, 1, 3, 4, 1, 4, 2, 4, 5, 5, 3, 5, 5, 5, 5, 6, 4, 5, 5, 6, 1, 6, 1, 6, 6, 3, 6, 1, 6, 6, 3, 6, 6, 6, 6, 2]);
----------
objective = 13874;
period_of = array1d(1..139, [1, 1, 2, 2, 2, 2, 2, 1, 1, 2, 1, 3, 3, 3, 1, 3, 3, 3, 4, 3, 4, 1, 1, 3, 3, 1, 2, 3, 3, 3, 4, 4, 4, 4, 4, 4, 1, 1, 1, 1, 1, 1, 2, 2, 2, 3, 3, 2, 2, 2, 2, 3, 3, 4, 5, 3, 4, 5, 6, 2, 2, 2, 1, 2, 1, 2, 2, 2, 2, 2, 1, 3, 1, 1, 1, 3, 3, 3, 4, 1, 3, 4, 3, 3, 4, 3, 3, 3, 1, 1, 1, 1, 3, 4, 3, 5, 5, 3, 2, 2, 2, 5, 6, 3, 1, 3, 4, 1, 4, 2, 4, 5, 5, 3, 5, 5, 5, 5, 6, 4, 5, 5, 6, 1, 6, 1, 6, 6, 3, 6, 1, 6, 6, 3, 6, 6, 6, 6, 2]);
----------
objective = 13802;
period_of = array1d(1..139, [1, 1, 2, 2, 2, 2, 2, 1, 1, 2, 1, 3, 3, 3, 1, 3, 3, 3, 4, 3, 4, 1, 1, 3, 3, 1, 2, 3, 3, 3, 4, 4, 4, 4, 4, 4, 1, 1, 1, 1, 1, 1, 2, 2, 2, 3, 3, 2, 2, 2, 2, 3, 3, 4, 5, 3, 4, 5, 6, 2, 2, 2, 1, 2, 1, 2, 2, 2, 2, 2, 1, 3, 1, 1, 1, 3, 3, 3, 4, 1, 3, 4, 3, 3, 4, 3, 3, 3, 1, 1, 1, 1, 3, 4, 5, 3, 1, 3, 2, 2, 2, 5, 2, 3, 1, 3, 4, 1, 4, 2, 4, 5, 5, 3, 5, 5, 5, 5, 6, 4, 5, 5, 6, 1, 6, 1, 6, 6, 3, 6, 1, 6, 6, 3, 6, 6, 6, 6, 2]);
----------
objective = 13658;
period_of = array1d(1..139, [1, 1, 2, 2, 2, 2, 2, 1, 1, 2, 1, 3, 3, 3, 1, 3, 3, 3, 4, 3, 4, 1, 1, 3, 3, 1, 2, 3, 3, 3, 4, 4, 4, 4, 4, 4, 1, 1, 1, 1, 1, 1, 2, 2, 2, 3, 3, 2, 2, 2, 2, 3, 3, 4, 5, 3, 4, 5, 6, 2, 2, 2, 1, 2, 1, 2, 2, 2, 2, 2, 1, 3, 1, 1, 1, 3, 3, 3, 4, 1, 3, 4, 3, 3, 4, 3, 3, 3, 1, 1, 1, 1, 3, 4, 5, 3, 1, 3, 2, 2, 2, 5, 3, 3, 1, 3, 4, 1, 4, 2, 4, 5, 5, 3, 5, 5, 5, 5, 6, 4, 5, 5, 6, 1, 6, 1, 6, 6, 3, 6, 1, 6, 6, 3, 6, 6, 6, 6, 2]);
----------
objective = 13442;
period_of = array1d(1..139, [1, 1, 2, 2, 2, 2, 2, 1, 1, 2, 1, 3, 3, 3, 1, 3, 3, 3, 4, 3, 4, 1, 1, 3, 3, 1, 2, 3, 3, 3, 4, 4, 4, 4, 4, 4, 1, 1, 1, 1, 1, 1, 2, 2, 2, 3, 3, 2, 2, 2, 2, 3, 3, 4, 5, 3, 4, 5, 6, 2, 2, 2, 1, 2, 1, 2, 2, 2, 2, 2, 1, 3, 1, 1, 1, 3, 3, 3, 4, 1, 3, 4, 3, 3, 4, 3, 3, 3, 1, 1, 1, 1, 3, 4, 5, 3, 2, 3, 2, 2, 2, 5, 3, 3, 1, 3, 4, 1, 4, 2, 4, 5, 5, 3, 5, 5, 5, 5, 6, 4, 5, 5, 6, 1, 6, 1, 6, 6, 3, 6, 1, 6, 6, 3, 6, 6, 6, 6, 2]);
----------
objective = 13370;
period_of = array1d(1..139, [1, 1, 2, 2, 2, 2, 2, 1, 1, 2, 1, 3, 3, 3, 1, 3, 3, 3, 4, 3, 4, 1, 1, 3, 3, 1, 2, 3, 3, 3, 4, 4, 4, 4, 4, 4, 1, 1, 1, 1, 1, 1, 2, 2, 2, 3, 3, 2, 2, 2, 2, 3, 3, 4, 5, 3, 4, 5, 6, 2, 2, 2, 1, 2, 1, 2, 2, 2, 2, 2, 1, 3, 1, 1, 1, 3, 3, 3, 4, 1, 3, 4, 3, 3, 4, 3, 3, 3, 1, 1, 1, 1, 3, 4, 5, 3, 3, 3, 2, 2, 2, 5, 3, 3, 1, 3, 4, 1, 4, 2, 4, 5, 5, 3, 5, 5, 5, 5, 6, 4, 5, 5, 6, 1, 6, 1, 6, 6, 3, 6, 1, 6, 6, 3, 6, 6, 6, 6, 2]);
----------
objective = 13298;
period_of = array1d(1..139, [1, 1, 2, 2, 2, 2, 2, 1, 1, 2, 1, 3, 3, 3, 1, 3, 3, 3, 4, 3, 4, 1, 1, 3, 3, 1, 2, 3, 3, 3, 4, 4, 4, 4, 4, 4, 1, 1, 1, 1, 1, 1, 2, 2, 2, 3, 3, 2, 2, 2, 2, 3, 3, 4, 5, 3, 4, 5, 6, 2, 2, 2, 1, 2, 1, 2, 2, 2, 2, 2, 1, 3, 1, 1, 1, 3, 3, 3, 4, 1, 3, 4, 3, 3, 4, 3, 3, 3, 1, 1, 1, 1, 3, 4, 5, 3, 3, 3, 2, 2, 2, 5, 6, 3, 1, 3, 4, 1, 4, 2, 4, 5, 5, 3, 5, 5, 5, 5, 6, 4, 5, 5, 6, 1, 6, 1, 6, 6, 3, 6, 1, 6, 6, 3, 6, 6, 6, 6, 2]);
----------
objective = 12867;
period_of = array1d(1..139, [1, 1, 2, 2, 2, 2, 2, 1, 1, 2, 1, 3, 3, 3, 1, 3, 3, 3, 4, 3, 4, 1, 1, 3, 3, 1, 2, 3, 3, 3, 4, 4, 4, 4, 4, 4, 1, 1, 1, 1, 1, 1, 2, 2, 2, 3, 3, 2, 2, 2, 2, 3, 3, 4, 5, 3, 4, 5, 6, 2, 2, 2, 1, 2, 1, 2, 2, 2, 2, 2, 1, 3, 1, 1, 1, 3, 3, 3, 4, 1, 3, 4, 3, 3, 4, 3, 3, 3, 3, 1, 1, 1, 1, 4, 5, 3, 1, 3, 2, 2, 2, 5, 2, 3, 1, 3, 4, 1, 4, 2, 4, 5, 5, 3, 5, 5, 5, 5, 6, 4, 5, 5, 6, 1, 6, 1, 6, 6, 3, 6, 1, 6, 6, 3, 6, 6, 6, 6, 2]);
----------
objective = 12795;
period_of = array1d(1..139, [1, 1, 2, 2, 2, 2, 2, 1, 1, 2, 1, 3, 3, 3, 1, 3, 3, 3, 4, 3, 4, 1, 1, 3, 3, 1, 2, 3, 3, 3, 4, 4, 4, 4, 4, 4, 1, 1, 1, 1, 1, 1, 2, 2, 2, 3, 3, 2, 2, 2, 2, 3, 3, 4, 5, 3, 4, 5, 6, 2, 2, 2, 1, 2, 1, 2, 2, 2, 2, 2, 1, 3, 1, 1, 1, 3, 3, 3, 4, 1, 3, 4, 3, 3, 4, 3, 3, 3, 3, 1, 1, 1, 1, 4, 5, 3, 1, 3, 2, 2, 2, 5, 3, 3, 1, 3, 4, 1, 4, 2, 4, 5, 5, 3, 5, 5, 5, 5, 6, 4, 5, 5, 6, 1, 6, 1, 6, 6, 3, 6, 1, 6, 6, 3, 6, 6, 6, 6, 2]);
----------
objective = 12723;
period_of = array1d(1..139, [1, 1, 2, 2, 2, 2, 2, 1, 1, 2, 1, 3, 3, 3, 1, 3, 3, 3, 4, 3, 4, 1, 1, 3, 3, 1, 2, 3, 3, 3, 4, 4, 4, 4, 4, 4, 1, 1, 1, 1, 1, 1, 2, 2, 2, 3, 3, 2, 2, 2, 2, 3, 3, 4, 5, 3, 4, 5, 6, 2, 2, 2, 1, 2, 1, 2, 2, 2, 2, 2, 1, 3, 1, 1, 1, 3, 3, 3, 4, 1, 3, 4, 3, 3, 4, 3, 3, 3, 3, 1, 1, 1, 1, 4, 5, 3, 1, 3, 2, 2, 2, 5, 6, 3, 1, 3, 4, 1, 4, 2, 4, 5, 5, 3, 5, 5, 5, 5, 6, 4, 5, 5, 6, 1, 6, 1, 6, 6, 3, 6, 1, 6, 6, 3, 6, 6, 6, 6, 2]);
----------
objective = 12651;
period_of = array1d(1..139, [1, 1, 2, 2, 2, 2, 2, 1, 1, 2, 1, 3, 3, 3, 1, 3, 3, 3, 4, 3, 4, 1, 1, 3, 3, 1, 2, 3, 3, 3, 4, 4, 4, 4, 4, 4, 1, 1, 1, 1, 1, 1, 2, 2, 2, 3, 3, 2, 2, 2, 2, 3, 3, 4, 5, 3, 4, 5, 6, 2, 2, 2, 1, 2, 1, 2, 2, 2, 2, 2, 1, 3, 1, 1, 1, 3, 3, 3, 4, 1, 3, 4, 3, 3, 4, 3, 3, 3, 3, 1, 1, 1, 1, 4, 5, 3, 2, 3, 2, 2, 2, 5, 3, 3, 1, 3, 4, 1, 4, 2, 4, 5, 5, 3, 5, 5, 5, 5, 6, 4, 5, 5, 6, 1, 6, 1, 6, 6, 3, 6, 1, 6, 6, 3, 6, 6, 6, 6, 2]);
----------
objective = 12579;
period_of = array1d(1..139, [1, 1, 2, 2, 2, 2, 2, 1, 1, 2, 1, 3, 3, 3, 1, 3, 3, 3, 4, 3, 4, 1, 1, 3, 3, 1, 2, 3, 3, 3, 4, 4, 4, 4, 4, 4, 1, 1, 1, 1, 1, 1, 2, 2, 2, 3, 3, 2, 2, 2, 2, 3, 3, 4, 5, 3, 4, 5, 6, 2, 2, 2, 1, 2, 1, 2, 2, 2, 2, 2, 1, 3, 1, 1, 1, 3, 3, 3, 4, 1, 3, 4, 3, 3, 4, 3, 3, 3, 3, 1, 1, 1, 1, 4, 5, 3, 2, 3, 2, 2, 2, 5, 6, 3, 1, 3, 4, 1, 4, 2, 4, 5, 5, 3, 5, 5, 5, 5, 6, 4, 5, 5, 6, 1, 6, 1, 6, 6, 3, 6, 1, 6, 6, 3, 6, 6, 6, 6, 2]);
----------
objective = 12507;
period_of = array1d(1..139, [1, 1, 2, 2, 2, 2, 2, 1, 1, 2, 1, 3, 3, 3, 1, 3, 3, 3, 4, 3, 4, 1, 1, 3, 3, 1, 2, 3, 3, 3, 4, 4, 4, 4, 4, 4, 1, 1, 1, 1, 1, 1, 2, 2, 2, 3, 3, 2, 2, 2, 2, 3, 3, 4, 5, 3, 4, 5, 6, 2, 2, 2, 1, 2, 1, 2, 2, 2, 2, 2, 1, 3, 1, 1, 1, 3, 3, 3, 4, 1, 3, 4, 3, 3, 4, 3, 3, 3, 3, 1, 1, 1, 1, 4, 5, 3, 3, 3, 2, 2, 2, 5, 6, 3, 1, 3, 4, 1, 4, 2, 4, 5, 5, 3, 5, 5, 5, 5, 6, 4, 5, 5, 6, 1, 6, 1, 6, 6, 3, 6, 1, 6, 6, 3, 6, 6, 6, 6, 2]);
----------
objective = 12147;
period_of = array1d(1..139, [1, 1, 2, 2, 2, 2, 2, 1, 1, 2, 1, 3, 3, 3, 1, 3, 3, 3, 4, 3, 4, 1, 1, 3, 3, 1, 2, 3, 3, 3, 4, 4, 4, 4, 4, 4, 1, 1, 1, 1, 1, 1, 2, 2, 2, 3, 3, 2, 2, 2, 2, 3, 3, 4, 5, 3, 4, 5, 6, 2, 2, 2, 1, 2, 1, 2, 2, 2, 2, 2, 1, 3, 1, 1, 1, 3, 3, 3, 4, 1, 3, 4, 3, 3, 4, 3, 3, 3, 3, 1, 1, 1, 2, 4, 5, 3, 1, 3, 2, 2, 2, 5, 1, 3, 1, 3, 4, 1, 4, 2, 4, 5, 5, 3, 5, 5, 5, 5, 6, 4, 5, 5, 6, 1, 6, 1, 6, 6, 3, 6, 1, 6, 6, 3, 6, 6, 6, 6, 2]);
----------
objective = 12075;
period_of = array1d(1..139, [1, 1, 2, 2, 2, 2, 2, 1, 1, 2, 1, 3, 3, 3, 1, 3, 3, 3, 4, 3, 4, 1, 1, 3, 3, 1, 2, 3, 3, 3, 4, 4, 4, 4, 4, 4, 1, 1, 1, 1, 1, 1, 2, 2, 2, 3, 3, 2, 2, 2, 2, 3, 3, 4, 5, 3, 4, 5, 6, 2, 2, 2, 1, 2, 1, 2, 2, 2, 2, 2, 1, 3, 1, 1, 1, 3, 3, 3, 4, 1, 3, 4, 3, 3, 4, 3, 3, 3, 3, 1, 1, 1, 2, 4, 5, 3, 1, 3, 2, 2, 2, 5, 2, 3, 1, 3, 4, 1, 4, 2, 4, 5, 5, 3, 5, 5, 5, 5, 6, 4, 5, 5, 6, 1, 6, 1, 6, 6, 3, 6, 1, 6, 6, 3, 6, 6, 6, 6, 2]);
----------
objective = 11931;
period_of = array1d(1..139, [1, 1, 2, 2, 2, 2, 2, 1, 1, 2, 1, 3, 3, 3, 1, 3, 3, 3, 4, 3, 4, 1, 1, 3, 3, 1, 2, 3, 3, 3, 4, 4, 4, 4, 4, 4, 1, 1, 1, 1, 1, 1, 2, 2, 2, 3, 3, 2, 2, 2, 2, 3, 3, 4, 5, 3, 4, 5, 6, 2, 2, 2, 1, 2, 1, 2, 2, 2, 2, 2, 1, 3, 1, 1, 1, 3, 3, 3, 4, 1, 3, 4, 3, 3, 4, 3, 3, 3, 3, 1, 1, 1, 2, 4, 5, 3, 1, 3, 2, 2, 2, 5, 3, 3, 1, 3, 4, 1, 4, 2, 4, 5, 5, 3, 5, 5, 5, 5, 6, 4, 5, 5, 6, 1, 6, 1, 6, 6, 3, 6, 1, 6, 6, 3, 6, 6, 6, 6, 2]);
----------
objective = 11859;
period_of = array1d(1..139, [1, 1, 2, 2, 2, 2, 2, 1, 1, 2, 1, 3, 3, 3, 1, 3, 3, 3, 4, 3, 4, 1, 1, 3, 3, 1, 2, 3, 3, 3, 4, 4, 4, 4, 4, 4, 1, 1, 1, 1, 1, 1, 2, 2, 2, 3, 3, 2, 2, 2, 2, 3, 3, 4, 5, 3, 4, 5, 6, 2, 2, 2, 1, 2, 1, 2, 2, 2, 2, 2, 1, 3, 1, 1, 1, 3, 3, 3, 4, 1, 3, 4, 3, 3, 4, 3, 3, 3, 3, 1, 1, 1, 2, 4, 5, 3, 1, 3, 2, 2, 2, 5, 6, 3, 1, 3, 4, 1, 4, 2, 4, 5, 5, 3, 5, 5, 5, 5, 6, 4, 5, 5, 6, 1, 6, 1, 6, 6, 3, 6, 1, 6, 6, 3, 6, 6, 6, 6, 2]);
----------
objective = 11787;
period_of = array1d(1..139, [1, 1, 2, 2, 2, 2, 2, 1, 1, 2, 1, 3, 3, 3, 1, 3, 3, 3, 4, 3, 4, 1, 1, 3, 3, 1, 2, 3, 3, 3, 4, 4, 4, 4, 4, 4, 1, 1, 1, 1, 1, 1, 2, 2, 2, 3, 3, 2, 2, 2, 2, 3, 3, 4, 5, 3, 4, 5, 6, 2, 2, 2, 1, 2, 1, 2, 2, 2, 2, 2, 1, 3, 1, 1, 1, 3, 3, 3, 4, 1, 3, 4, 3, 3, 4, 3, 3, 3, 3, 1, 1, 1, 2, 4, 5, 3, 3, 3, 2, 2, 2, 5, 5, 3, 1, 3, 4, 1, 4, 2, 4, 5, 5, 3, 5, 5, 5, 5, 6, 4, 5, 5, 6, 1, 6, 1, 6, 6, 3, 6, 1, 6, 6, 3, 6, 6, 6, 6, 2]);
----------
objective = 11715;
period_of = array1d(1..139, [1, 1, 2, 2, 2, 2, 2, 1, 1, 2, 1, 3, 3, 3, 1, 3, 3, 3, 4, 3, 4, 1, 1, 3, 3, 1, 2, 3, 3, 3, 4, 4, 4, 4, 4, 4, 1, 1, 1, 1, 1, 1, 2, 2, 2, 3, 3, 2, 2, 2, 2, 3, 3, 4, 5, 3, 4, 5, 6, 2, 2, 2, 1, 2, 1, 2, 2, 2, 2, 2, 1, 3, 1, 1, 1, 3, 3, 3, 4, 1, 3, 4, 3, 3, 4, 3, 3, 3, 3, 1, 1, 1, 2, 4, 5, 3, 3, 3, 2, 2, 2, 5, 6, 3, 1, 3, 4, 1, 4, 2, 4, 5, 5, 3, 5, 5, 5, 5, 6, 4, 5, 5, 6, 1, 6, 1, 6, 6, 3, 6, 1, 6, 6, 3, 6, 6, 6, 6, 2]);
----------
objective = 11644;
period_of = array1d(1..139, [1, 1, 2, 2, 2, 2, 2, 1, 1, 2, 1, 3, 3, 3, 1, 3, 3, 3, 4, 3, 4, 1, 1, 3, 3, 1, 2, 3, 3, 3, 4, 4, 4, 4, 4, 4, 1, 1, 1, 1, 1, 1, 2, 2, 2, 3, 3, 2, 2, 2, 2, 3, 3, 4, 5, 3, 4, 5, 6, 2, 2, 2, 1, 2, 1, 2, 2, 2, 2, 2, 1, 3, 1, 1, 1, 3, 3, 3, 4, 1, 3, 4, 3, 3, 4, 3, 3, 3, 3, 1, 1, 1, 3, 4, 5, 4, 3, 3, 2, 2, 2, 5, 6, 3, 1, 3, 4, 1, 4, 2, 4, 5, 5, 3, 5, 5, 5, 5, 6, 4, 5, 5, 6, 1, 6, 1, 6, 6, 3, 6, 1, 6, 6, 3, 6, 6, 6, 6, 2]);
----------
objective = 11643;
period_of = array1d(1..139, [1, 1, 2, 2, 2, 2, 2, 1, 1, 2, 1, 3, 3, 3, 1, 3, 3, 3, 4, 3, 4, 1, 1, 3, 3, 1, 2, 3, 3, 3, 4, 4, 4, 4, 4, 4, 1, 1, 1, 1, 1, 1, 2, 2, 2, 3, 3, 2, 2, 2, 2, 3, 3, 4, 5, 3, 4, 5, 6, 2, 2, 2, 1, 2, 1, 2, 2, 2, 2, 2, 1, 3, 1, 1, 1, 3, 3, 3, 4, 1, 3, 4, 3, 3, 4, 3, 3, 3, 3, 1, 1, 1, 3, 4, 5, 5, 1, 3, 2, 2, 2, 6, 2, 3, 1, 3, 4, 1, 4, 2, 4, 5, 5, 3, 5, 5, 5, 5, 6, 4, 5, 5, 6, 1, 6, 1, 6, 6, 3, 6, 1, 6, 6, 3, 6, 6, 6, 6, 2]);
----------
objective = 11571;
period_of = array1d(1..139, [1, 1, 2, 2, 2, 2, 2, 1, 1, 2, 1, 3, 3, 3, 1, 3, 3, 3, 4, 3, 4, 1, 1, 3, 3, 1, 2, 3, 3, 3, 4, 4, 4, 4, 4, 4, 1, 1, 1, 1, 1, 1, 2, 2, 2, 3, 3, 2, 2, 2, 2, 3, 3, 4, 5, 3, 4, 5, 6, 2, 2, 2, 1, 2, 1, 2, 2, 2, 2, 2, 1, 3, 1, 1, 1, 3, 3, 3, 4, 1, 3, 4, 3, 3, 4, 3, 3, 3, 3, 1, 1, 1, 3, 4, 5, 5, 1, 3, 2, 2, 2, 6, 3, 3, 1, 3, 4, 1, 4, 2, 4, 5, 5, 3, 5, 5, 5, 5, 6, 4, 5, 5, 6, 1, 6, 1, 6, 6, 3, 6, 1, 6, 6, 3, 6, 6, 6, 6, 2]);
----------
objective = 11499;
period_of = array1d(1..139, [1, 1, 2, 2, 2, 2, 2, 1, 1, 2, 1, 3, 3, 3, 1, 3, 3, 3, 4, 3, 4, 1, 1, 3, 3, 1, 2, 3, 3, 3, 4, 4, 4, 4, 4, 4, 1, 1, 1, 1, 1, 1, 2, 2, 2, 3, 3, 2, 2, 2, 2, 3, 3, 4, 5, 3, 4, 5, 6, 2, 2, 2, 1, 2, 1, 2, 2, 2, 2, 2, 1, 3, 1, 1, 1, 3, 3, 3, 4, 1, 3, 4, 3, 3, 4, 3, 3, 3, 3, 1, 1, 1, 3, 4, 5, 5, 2, 3, 2, 2, 2, 6, 3, 3, 1, 3, 4, 1, 4, 2, 4, 5, 5, 3, 5, 5, 5, 5, 6, 4, 5, 5, 6, 1, 6, 1, 6, 6, 3, 6, 1, 6, 6, 3, 6, 6, 6, 6, 2]);
----------
objective = 11427;
period_of = array1d(1..139, [1, 1, 2, 2, 2, 2, 2, 1, 1, 2, 1, 3, 3, 3, 1, 3, 3, 3, 4, 3, 4, 1, 1, 3, 3, 1, 2, 3, 3, 3, 4, 4, 4, 4, 4, 4, 1, 1, 1, 1, 1, 1, 2, 2, 2, 3, 3, 2, 2, 2, 2, 3, 3, 4, 5, 3, 4, 5, 6, 2, 2, 2, 1, 2, 1, 2, 2, 2, 2, 2, 1, 3, 1, 1, 1, 3, 3, 3, 4, 1, 3, 4, 3, 3, 4, 3, 3, 3, 3, 1, 1, 1, 3, 4, 5, 5, 3, 3, 2, 2, 2, 6, 5, 3, 1, 3, 4, 1, 4, 2, 4, 5, 5, 3, 5, 5, 5, 5, 6, 4, 5, 5, 6, 1, 6, 1, 6, 6, 3, 6, 1, 6, 6, 3, 6, 6, 6, 6, 2]);
----------
objective = 11426;
period_of = array1d(1..139, [1, 1, 2, 2, 2, 2, 2, 1, 1, 2, 1, 3, 3, 3, 1, 3, 3, 3, 4, 3, 4, 1, 1, 3, 3, 1, 2, 3, 3, 3, 4, 4, 4, 4, 4, 4, 1, 1, 1, 1, 1, 1, 2, 2, 2, 3, 3, 2, 2, 2, 2, 3, 3, 4, 5, 3, 4, 5, 6, 2, 2, 2, 1, 2, 1, 2, 2, 2, 2, 2, 1, 3, 1, 1, 1, 3, 3, 3, 4, 1, 3, 4, 3, 3, 4, 3, 3, 3, 4, 1, 1, 1, 3, 4, 5, 3, 3, 3, 2, 2, 2, 5, 6, 3, 1, 3, 4, 1, 4, 2, 4, 5, 5, 3, 5, 5, 5, 5, 6, 4, 5, 5, 6, 1, 6, 1, 6, 6, 3, 6, 1, 6, 6, 3, 6, 6, 6, 6, 2]);
----------
objective = 11355;
period_of = array1d(1..139, [1, 1, 2, 2, 2, 2, 2, 1, 1, 2, 1, 3, 3, 3, 1, 3, 3, 3, 4, 3, 4, 1, 1, 3, 3, 1, 2, 3, 3, 3, 4, 4, 4, 4, 4, 4, 1, 1, 1, 1, 1, 1, 2, 2, 2, 3, 3, 2, 2, 2, 2, 3, 3, 4, 5, 3, 4, 5, 6, 2, 2, 2, 1, 2, 1, 2, 2, 2, 2, 2, 1, 3, 1, 1, 1, 3, 3, 3, 4, 1, 3, 4, 3, 3, 4, 3, 3, 3, 5, 1, 1, 1, 1, 4, 6, 3, 3, 3, 2, 2, 2, 3, 3, 3, 1, 3, 4, 1, 4, 2, 4, 5, 5, 3, 5, 5, 5, 5, 6, 4, 5, 5, 5, 1, 6, 1, 6, 6, 3, 6, 1, 6, 6, 3, 6, 6, 6, 6, 2]);
----------
objective = 11283;
period_of = array1d(1..139, [1, 1, 2, 2, 2, 2, 2, 1, 1, 2, 1, 3, 3, 3, 1, 3, 3, 3, 4, 3, 4, 1, 1, 3, 3, 1, 2, 3, 3, 3, 4, 4, 4, 4, 4, 4, 1, 1, 1, 1, 1, 1, 2, 2, 2, 3, 3, 2, 2, 2, 2, 3, 3, 4, 5, 3, 4, 5, 6, 2, 2, 2, 1, 2, 1, 2, 2, 2, 2, 2, 1, 3, 1, 1, 1, 3, 3, 3, 4, 1, 3, 4, 3, 3, 4, 3, 3, 3, 5, 1, 1, 1, 2, 4, 3, 3, 1, 3, 2, 2, 2, 5, 6, 3, 1, 3, 4, 1, 4, 2, 4, 5, 5, 3, 5, 5, 5, 5, 6, 4, 5, 5, 6, 1, 6, 1, 6, 6, 3, 6, 1, 6, 6, 3, 6, 6, 6, 6, 2]);
----------
objective = 11211;
period_of = array1d(1..139, [1, 1, 2, 2, 2, 2, 2, 1, 1, 2, 1, 3, 3, 3, 1, 3, 3, 3, 4, 3, 4, 1, 1, 3, 3, 1, 2, 3, 3, 3, 4, 4, 4, 4, 4, 4, 1, 1, 1, 1, 1, 1, 2, 2, 2, 3, 3, 2, 2, 2, 2, 3, 3, 4, 5, 3, 4, 5, 6, 2, 2, 2, 1, 2, 1, 2, 2, 2, 2, 2, 1, 3, 1, 1, 1, 3, 3, 3, 4, 1, 3, 4, 3, 3, 4, 3, 3, 3, 5, 1, 1, 1, 2, 4, 3, 3, 3, 3, 2, 2, 2, 5, 5, 3, 1, 3, 4, 1, 4, 2, 4, 5, 5, 3, 5, 5, 5, 5, 6, 4, 5, 5, 6, 1, 6, 1, 6, 6, 3, 6, 1, 6, 6, 3, 6, 6, 6, 6, 2]);
----------
objective = 11139;
period_of = array1d(1..139, [1, 1, 2, 2, 2, 2, 2, 1, 1, 2, 1, 3, 3, 3, 1, 3, 3, 3, 4, 3, 4, 1, 1, 3, 3, 1, 2, 3, 3, 3, 4, 4, 4, 4, 4, 4, 1, 1, 1, 1, 1, 1, 2, 2, 2, 3, 3, 2, 2, 2, 2, 3, 3, 4, 5, 3, 4, 5, 6, 2, 2, 2, 1, 2, 1, 2, 2, 2, 2, 2, 1, 3, 1, 1, 1, 3, 3, 3, 4, 1, 3, 4, 3, 3, 4, 3, 3, 3, 5, 1, 1, 1, 2, 4, 3, 3, 3, 3, 2, 2, 2, 5, 6, 3, 1, 3, 4, 1, 4, 2, 4, 5, 5, 3, 5, 5, 5, 5, 6, 4, 5, 5, 6, 1, 6, 1, 6, 6, 3, 6, 1, 6, 6, 3, 6, 6, 6, 6, 2]);
----------
objective = 10995;
period_of = array1d(1..139, [1, 1, 2, 2, 2, 2, 2, 1, 1, 2, 1, 3, 3, 3, 1, 3, 3, 3, 4, 3, 4, 1, 1, 3, 3, 1, 2, 3, 3, 3, 4, 4, 4, 4, 4, 4, 1, 1, 1, 1, 1, 1, 2, 2, 2, 3, 3, 2, 2, 2, 2, 3, 3, 4, 5, 3, 4, 5, 6, 2, 2, 2, 1, 2, 1, 2, 2, 2, 2, 2, 1, 3, 1, 1, 1, 3, 3, 3, 4, 1, 3, 4, 3, 3, 4, 3, 3, 3, 5, 1, 1, 1, 2, 4, 5, 3, 1, 3, 2, 2, 2, 3, 3, 3, 1, 3, 4, 1, 4, 2, 4, 5, 5, 3, 5, 5, 5, 5, 6, 4, 5, 5, 6, 1, 6, 1, 6, 6, 3, 6, 1, 6, 6, 3, 6, 6, 6, 6, 2]);
----------
objective = 10851;
period_of = array1d(1..139, [1, 1, 2, 2, 2, 2, 2, 1, 1, 2, 1, 3, 3, 3, 1, 3, 3, 3, 4, 3, 4, 1, 1, 3, 3, 1, 2, 3, 3, 3, 4, 4, 4, 4, 4, 4, 1, 1, 1, 1, 1, 1, 2, 2, 2, 3, 3, 2, 2, 2, 2, 3, 3, 4, 5, 3, 4, 5, 6, 2, 2, 2, 1, 2, 1, 2, 2, 2, 2, 2, 1, 3, 1, 1, 1, 3, 3, 3, 4, 1, 3, 4, 3, 3, 4, 3, 3, 3, 5, 1, 1, 1, 2, 4, 5, 3, 3, 3, 2, 2, 2, 3, 3, 3, 1, 3, 4, 1, 4, 2, 4, 5, 5, 3, 5, 5, 5, 5, 6, 4, 5, 5, 6, 1, 6, 1, 6, 6, 3, 6, 1, 6, 6, 3, 6, 6, 6, 6, 2]);
----------
objective = 10779;
period_of = array1d(1..139, [1, 1, 2, 2, 2, 2, 2, 1, 1, 2, 1, 3, 3, 3, 1, 3, 3, 3, 4, 3, 4, 1, 1, 3, 3, 1, 2, 3, 3, 3, 4, 4, 4, 4, 4, 4, 1, 1, 1, 1, 1, 1, 2, 2, 2, 3, 3, 2, 2, 2, 2, 3, 3, 4, 5, 3, 4, 5, 6, 2, 2, 2, 1, 2, 1, 2, 2, 2, 2, 2, 1, 3, 1, 1, 1, 3, 3, 3, 4, 1, 3, 4, 3, 3, 4, 3, 3, 3, 5, 1, 1, 1, 2, 4, 5, 3, 3, 3, 2, 2, 2, 3, 6, 3, 1, 3, 4, 1, 4, 2, 4, 5, 5, 3, 5, 5, 5, 5, 6, 4, 5, 5, 6, 1, 6, 1, 6, 6, 3, 6, 1, 6, 6, 3, 6, 6, 6, 6, 2]);
----------
objective = 10707;
period_of = array1d(1..139, [1, 1, 2, 2, 2, 2, 2, 1, 1, 2, 1, 3, 3, 3, 1, 3, 3, 3, 4, 3, 4, 1, 1, 3, 3, 1, 2, 3, 3, 3, 4, 4, 4, 4, 4, 4, 1, 1, 1, 1, 1, 1, 2, 2, 2, 3, 3, 2, 2, 2, 2, 3, 3, 4, 5, 3, 4, 5, 6, 2, 2, 2, 1, 2, 1, 2, 2, 2, 2, 2, 1, 3, 1, 1, 1, 3, 3, 3, 4, 1, 3, 4, 3, 3, 4, 3, 3, 3, 5, 1, 1, 1, 2, 4, 6, 3, 1, 3, 2, 2, 2, 3, 3, 3, 1, 3, 4, 1, 4, 2, 4, 5, 5, 3, 5, 5, 5, 5, 6, 4, 5, 5, 5, 1, 6, 1, 6, 6, 3, 6, 1, 6, 6, 3, 6, 6, 6, 6, 2]);
----------
objective = 10563;
period_of = array1d(1..139, [1, 1, 2, 2, 2, 2, 2, 1, 1, 2, 1, 3, 3, 3, 1, 3, 3, 3, 4, 3, 4, 1, 1, 3, 3, 1, 2, 3, 3, 3, 4, 4, 4, 4, 4, 4, 1, 1, 1, 1, 1, 1, 2, 2, 2, 3, 3, 2, 2, 2, 2, 3, 3, 4, 5, 3, 4, 5, 6, 2, 2, 2, 1, 2, 1, 2, 2, 2, 2, 2, 1, 3, 1, 1, 1, 3, 3, 3, 4, 1, 3, 4, 3, 3, 4, 3, 3, 3, 5, 1, 1, 1, 2, 4, 6, 3, 3, 3, 2, 2, 2, 3, 3, 3, 1, 3, 4, 1, 4, 2, 4, 5, 5, 3, 5, 5, 5, 5, 6, 4, 5, 5, 5, 1, 6, 1, 6, 6, 3, 6, 1, 6, 6, 3, 6, 6, 6, 6, 2]);
----------
objective = 10491;
period_of = array1d(1..139, [1, 1, 2, 2, 2, 2, 2, 1, 1, 2, 1, 3, 3, 3, 1, 3, 3, 3, 4, 3, 4, 1, 1, 3, 3, 1, 2, 3, 3, 3, 4, 4, 4, 4, 4, 4, 1, 1, 1, 1, 1, 1, 2, 2, 2, 3, 3, 2, 2, 2, 2, 3, 3, 4, 5, 3, 4, 5, 6, 2, 2, 2, 1, 2, 1, 2, 2, 2, 2, 2, 1, 3, 1, 1, 1, 3, 3, 3, 4, 1, 3, 4, 3, 3, 4, 3, 3, 3, 5, 1, 1, 1, 3, 4, 5, 3, 3, 3, 2, 2, 2, 6, 3, 3, 1, 3, 4, 1, 4, 2, 4, 5, 5, 3, 5, 5, 5, 5, 6, 4, 5, 5, 6, 1, 6, 1, 6, 6, 3, 6, 1, 6, 6, 3, 6, 6, 6, 6, 2]);
----------
objective = 10347;
period_of = array1d(1..139, [1, 1, 2, 2, 2, 2, 2, 1, 1, 2, 1, 3, 3, 3, 1, 3, 3, 3, 4, 3, 4, 1, 1, 3, 3, 1, 2, 3, 3, 3, 4, 4, 4, 4, 4, 4, 1, 1, 1, 1, 1, 1, 2, 2, 2, 3, 3, 2, 2, 2, 2, 3, 3, 4, 5, 3, 4, 5, 6, 2, 2, 2, 1, 2, 1, 2, 2, 2, 2, 2, 1, 3, 1, 1, 1, 3, 3, 3, 4, 1, 3, 4, 3, 3, 4, 3, 3, 3, 5, 1, 1, 1, 2, 4, 6, 3, 1, 3, 2, 2, 2, 3, 3, 5, 1, 3, 4, 1, 4, 2, 4, 5, 5, 3, 5, 5, 5, 5, 6, 4, 5, 5, 5, 1, 6, 1, 6, 6, 3, 6, 1, 6, 6, 3, 6, 6, 6, 6, 2]);
----------
objective = 10203;
period_of = array1d(1..139, [1, 1, 2, 2, 2, 2, 2, 1, 1, 2, 1, 3, 3, 3, 1, 3, 3, 3, 4, 3, 4, 1, 1, 3, 3, 1, 2, 3, 3, 3, 4, 4, 4, 4, 4, 4, 1, 1, 1, 1, 1, 1, 2, 2, 2, 3, 3, 2, 2, 2, 2, 3, 3, 4, 5, 3, 4, 5, 6, 2, 2, 2, 1, 2, 1, 2, 2, 2, 2, 2, 1, 3, 1, 1, 1, 3, 3, 3, 4, 1, 3, 4, 3, 3, 4, 3, 3, 3, 5, 1, 1, 1, 2, 4, 6, 3, 3, 3, 2, 2, 2, 3, 3, 5, 1, 3, 4, 1, 4, 2, 4, 5, 5, 3, 5, 5, 5, 5, 6, 4, 5, 5, 5, 1, 6, 1, 6, 6, 3, 6, 1, 6, 6, 3, 6, 6, 6, 6, 2]);
----------
objective = 10131;
period_of = array1d(1..139, [1, 1, 2, 2, 2, 2, 2, 1, 1, 2, 1, 3, 3, 3, 1, 3, 3, 3, 4, 3, 4, 1, 1, 3, 3, 1, 2, 3, 3, 3, 4, 4, 4, 4, 4, 4, 1, 1, 1, 1, 1, 1, 2, 2, 2, 3, 3, 2, 2, 2, 2, 3, 3, 4, 5, 3, 4, 5, 6, 2, 2, 2, 1, 2, 1, 2, 2, 2, 2, 2, 1, 3, 1, 1, 1, 3, 3, 3, 4, 1, 3, 4, 3, 3, 4, 3, 3, 3, 5, 1, 1, 1, 3, 4, 6, 3, 3, 3, 2, 2, 2, 4, 3, 5, 1, 3, 4, 1, 4, 2, 4, 5, 5, 3, 5, 5, 5, 5, 6, 4, 5, 5, 5, 1, 6, 1, 6, 6, 3, 6, 1, 6, 6, 3, 6, 6, 6, 6, 2]);
----------
objective = 10059;
period_of = array1d(1..139, [1, 1, 2, 2, 2, 2, 2, 1, 1, 2, 1, 3, 3, 3, 1, 3, 3, 3, 4, 3, 4, 1, 1, 3, 3, 1, 2, 3, 3, 3, 4, 4, 4, 4, 4, 4, 1, 1, 1, 1, 1, 1, 2, 2, 2, 3, 3, 2, 2, 2, 2, 3, 3, 4, 5, 3, 4, 5, 6, 2, 2, 2, 1, 2, 1, 2, 2, 2, 2, 2, 1, 3, 1, 1, 1, 3, 3, 3, 4, 1, 3, 4, 3, 3, 4, 3, 3, 3, 5, 1, 1, 1, 3, 4, 6, 3, 3, 5, 2, 2, 2, 4, 3, 5, 1, 3, 4, 1, 4, 2, 4, 5, 5, 3, 5, 5, 5, 5, 6, 4, 5, 5, 5, 1, 6, 1, 6, 6, 3, 6, 1, 6, 6, 3, 6, 6, 6, 6, 2]);
----------
objective = 9987;
period_of = array1d(1..139, [1, 1, 2, 2, 2, 2, 2, 1, 1, 2, 1, 3, 3, 3, 1, 3, 3, 3, 4, 3, 4, 1, 1, 3, 3, 1, 2, 3, 3, 3, 4, 4, 4, 4, 4, 4, 1, 1, 1, 1, 1, 1, 2, 2, 2, 3, 3, 2, 2, 2, 2, 3, 3, 4, 5, 3, 4, 5, 6, 2, 2, 2, 1, 2, 1, 2, 2, 2, 2, 2, 1, 3, 1, 1, 1, 3, 3, 3, 4, 1, 3, 4, 3, 3, 4, 3, 3, 3, 5, 1, 1, 1, 2, 4, 6, 3, 3, 5, 2, 2, 2, 3, 3, 6, 1, 3, 4, 1, 4, 2, 4, 5, 5, 3, 5, 5, 5, 5, 6, 4, 5, 5, 5, 1, 6, 1, 6, 6, 3, 6, 1, 6, 6, 3, 6, 6, 6, 6, 2]);
----------
objective = 9915;
period_of = array1d(1..139, [1, 1, 2, 2, 2, 2, 2, 1, 1, 2, 1, 3, 3, 3, 1, 3, 3, 3, 4, 3, 4, 1, 1, 3, 3, 1, 2, 3, 3, 3, 4, 4, 4, 4, 4, 4, 1, 1, 1, 1, 1, 1, 2, 2, 2, 3, 3, 2, 2, 2, 2, 3, 3, 4, 5, 3, 4, 5, 6, 2, 2, 2, 1, 2, 1, 2, 2, 2, 2, 2, 1, 3, 1, 1, 1, 3, 3, 3, 4, 1, 3, 4, 3, 3, 4, 3, 3, 3, 5, 1, 1, 1, 3, 4, 6, 3, 3, 5, 2, 2, 2, 4, 3, 6, 1, 3, 4, 1, 4, 2, 4, 5, 5, 3, 5, 5, 5, 5, 6, 4, 5, 5, 5, 1, 6, 1, 6, 6, 3, 6, 1, 6, 6, 3, 6, 6, 6, 6, 2]);
----------
objective = 9843;
period_of = array1d(1..139, [1, 1, 2, 2, 2, 2, 2, 1, 1, 2, 1, 3, 3, 3, 1, 3, 3, 3, 4, 3, 4, 1, 1, 3, 3, 1, 2, 3, 3, 3, 4, 4, 4, 4, 4, 4, 1, 1, 1, 1, 1, 1, 2, 2, 2, 3, 3, 2, 2, 2, 2, 3, 3, 4, 5, 3, 4, 5, 6, 2, 2, 2, 1, 2, 1, 2, 2, 2, 2, 2, 1, 3, 1, 1, 1, 3, 3, 3, 4, 3, 3, 4, 3, 3, 4, 3, 3, 3, 5, 1, 1, 1, 2, 4, 6, 3, 3, 5, 2, 2, 2, 3, 3, 6, 1, 3, 4, 1, 4, 2, 4, 5, 5, 3, 5, 5, 5, 5, 6, 4, 5, 5, 5, 1, 6, 1, 6, 6, 3, 6, 1, 6, 6, 3, 6, 6, 6, 6, 2]);
----------
objective = 9771;
period_of = array1d(1..139, [1, 1, 2, 2, 2, 2, 2, 1, 1, 2, 1, 3, 3, 3, 1, 3, 3, 3, 4, 3, 4, 1, 1, 3, 3, 1, 2, 3, 3, 3, 4, 4, 4, 4, 4, 4, 1, 1, 1, 1, 1, 1, 2, 2, 2, 3, 3, 2, 2, 2, 2, 3, 3, 4, 5, 3, 4, 5, 6, 2, 2, 2, 1, 2, 1, 2, 2, 2, 2, 2, 1, 3, 1, 1, 1, 3, 3, 3, 4, 3, 3, 4, 3, 3, 4, 3, 3, 3, 5, 1, 1, 1, 3, 4, 6, 3, 3, 5, 2, 2, 2, 4, 3, 6, 1, 3, 4, 1, 4, 2, 4, 5, 5, 3, 5, 5, 5, 5, 6, 4, 5, 5, 5, 1, 6, 1, 6, 6, 3, 6, 1, 6, 6, 3, 6, 6, 6, 6, 2]);
----------
objective = 9699;
period_of = array1d(1..139, [1, 1, 2, 2, 2, 2, 2, 1, 1, 2, 1, 3, 3, 3, 1, 3, 3, 3, 4, 3, 4, 1, 1, 3, 3, 1, 2, 3, 3, 3, 4, 4, 4, 4, 4, 4, 1, 1, 1, 1, 1, 1, 2, 2, 2, 3, 3, 2, 2, 2, 2, 3, 3, 4, 5, 3, 4, 5, 6, 2, 2, 2, 1, 2, 1, 2, 2, 2, 2, 2, 1, 3, 1, 1, 1, 3, 3, 3, 4, 5, 3, 4, 3, 3, 4, 3, 3, 3, 5, 1, 1, 1, 3, 4, 6, 3, 3, 5, 2, 2, 2, 4, 3, 6, 1, 3, 4, 1, 4, 2, 4, 5, 5, 3, 5, 5, 5, 5, 6, 4, 5, 5, 5, 1, 6, 1, 6, 6, 3, 6, 1, 6, 6, 3, 6, 6, 6, 6, 2]);
----------
objective = 9627;
period_of = array1d(1..139, [1, 1, 2, 2, 2, 2, 2, 1, 1, 2, 1, 3, 3, 3, 1, 3, 3, 3, 4, 3, 4, 1, 1, 3, 3, 1, 2, 3, 3, 3, 4, 4, 4, 4, 4, 4, 1, 1, 1, 1, 1, 1, 2, 2, 2, 3, 3, 2, 2, 2, 2, 3, 3, 4, 5, 3, 4, 5, 6, 2, 2, 2, 1, 2, 1, 2, 2, 2, 2, 2, 1, 3, 1, 1, 1, 3, 3, 3, 4, 3, 3, 4, 3, 3, 5, 3, 3, 3, 5, 1, 1, 1, 2, 4, 6, 3, 3, 5, 2, 2, 2, 3, 3, 6, 1, 3, 4, 1, 4, 2, 4, 5, 5, 3, 5, 5, 5, 5, 6, 4, 5, 5, 5, 1, 6, 1, 6, 6, 3, 6, 1, 6, 6, 3, 6, 6, 6, 6, 2]);
----------
objective = 9555;
period_of = array1d(1..139, [1, 1, 2, 2, 2, 2, 2, 1, 1, 2, 1, 3, 3, 3, 1, 3, 3, 3, 4, 3, 4, 1, 1, 3, 3, 1, 2, 3, 3, 3, 4, 4, 4, 4, 4, 4, 1, 1, 1, 1, 1, 1, 2, 2, 2, 3, 3, 2, 2, 2, 2, 3, 3, 4, 5, 3, 4, 5, 6, 2, 2, 2, 1, 2, 1, 2, 2, 2, 2, 2, 1, 3, 1, 1, 1, 3, 3, 3, 4, 3, 3, 4, 3, 3, 5, 3, 3, 3, 5, 1, 1, 1, 3, 4, 6, 3, 3, 5, 2, 2, 2, 4, 3, 6, 1, 3, 4, 1, 4, 2, 4, 5, 5, 3, 5, 5, 5, 5, 6, 4, 5, 5, 5, 1, 6, 1, 6, 6, 3, 6, 1, 6, 6, 3, 6, 6, 6, 6, 2]);
----------
objective = 9483;
period_of = array1d(1..139, [1, 1, 2, 2, 2, 2, 2, 1, 1, 2, 1, 3, 3, 3, 1, 3, 3, 3, 4, 3, 4, 1, 1, 3, 3, 1, 2, 3, 3, 3, 4, 4, 4, 4, 4, 4, 1, 1, 1, 1, 1, 1, 2, 2, 2, 3, 3, 2, 2, 2, 2, 3, 3, 4, 5, 3, 4, 5, 6, 2, 2, 2, 1, 2, 1, 2, 2, 2, 2, 2, 1, 3, 1, 1, 1, 3, 3, 3, 4, 5, 3, 4, 3, 3, 5, 3, 3, 3, 5, 1, 1, 1, 3, 4, 6, 3, 3, 5, 2, 2, 2, 4, 3, 6, 1, 3, 4, 1, 4, 2, 4, 5, 5, 3, 5, 5, 5, 5, 6, 4, 5, 5, 5, 1, 6, 1, 6, 6, 3, 6, 1, 6, 6, 3, 6, 6, 6, 6, 2]);
----------
objective = 9411;
period_of = array1d(1..139, [1, 1, 2, 2, 2, 2, 2, 1, 1, 2, 1, 3, 3, 3, 1, 3, 3, 3, 4, 3, 4, 1, 1, 3, 3, 1, 2, 3, 3, 3, 4, 4, 4, 4, 4, 4, 1, 1, 1, 1, 1, 1, 2, 2, 2, 3, 3, 2, 2, 2, 2, 3, 3, 4, 5, 3, 4, 5, 6, 2, 2, 2, 1, 2, 1, 2, 2, 2, 2, 2, 1, 3, 1, 1, 1, 3, 3, 3, 4, 3, 3, 4, 5, 3, 5, 3, 3, 3, 5, 1, 1, 1, 3, 4, 6, 3, 3, 5, 2, 2, 2, 4, 3, 6, 1, 3, 4, 1, 4, 2, 4, 5, 5, 3, 5, 5, 5, 5, 6, 4, 5, 5, 5, 1, 6, 1, 6, 6, 3, 6, 1, 6, 6, 3, 6, 6, 6, 6, 2]);
----------
objective = 9339;
period_of = array1d(1..139, [1, 1, 2, 2, 2, 2, 2, 1, 1, 2, 1, 3, 3, 3, 1, 3, 3, 3, 4, 3, 4, 1, 1, 3, 3, 1, 2, 3, 3, 3, 4, 4, 4, 4, 4, 4, 1, 1, 1, 1, 1, 1, 2, 2, 2, 3, 3, 2, 2, 2, 2, 3, 3, 4, 5, 3, 4, 5, 6, 2, 2, 2, 1, 2, 1, 2, 2, 2, 2, 2, 1, 3, 1, 1, 1, 3, 3, 3, 4, 5, 3, 4, 5, 3, 5, 3, 3, 3, 5, 1, 1, 1, 3, 4, 6, 3, 3, 5, 2, 2, 2, 4, 3, 6, 1, 3, 4, 1, 4, 2, 4, 5, 5, 3, 5, 5, 5, 5, 6, 4, 5, 5, 5, 1, 6, 1, 6, 6, 3, 6, 1, 6, 6, 3, 6, 6, 6, 6, 2]);
----------
objective = 9267;
period_of = array1d(1..139, [1, 1, 2, 2, 2, 2, 2, 1, 1, 2, 1, 3, 3, 3, 1, 3, 3, 3, 4, 3, 4, 1, 1, 3, 3, 1, 2, 3, 3, 3, 4, 4, 4, 4, 4, 4, 1, 1, 1, 1, 1, 1, 2, 2, 2, 3, 3, 2, 2, 2, 2, 3, 3, 4, 5, 3, 4, 5, 6, 2, 2, 2, 1, 2, 1, 2, 2, 2, 2, 2, 1, 3, 1, 1, 1, 3, 3, 3, 4, 5, 3, 4, 5, 3, 6, 3, 3, 3, 5, 1, 1, 1, 3, 4, 6, 3, 3, 5, 2, 2, 2, 4, 3, 6, 1, 3, 4, 1, 4, 2, 4, 5, 5, 3, 5, 5, 5, 5, 6, 4, 5, 5, 5, 1, 6, 1, 6, 6, 3, 6, 1, 6, 6, 3, 6, 6, 6, 6, 2]);
----------
objective = 9195;
period_of = array1d(1..139, [1, 1, 2, 2, 2, 2, 2, 1, 1, 2, 1, 3, 3, 3, 1, 3, 3, 3, 4, 3, 4, 1, 1, 3, 3, 1, 2, 3, 3, 3, 4, 4, 4, 4, 4, 4, 1, 1, 1, 1, 1, 1, 2, 2, 2, 3, 3, 2, 2, 2, 2, 3, 3, 4, 5, 3, 4, 5, 6, 2, 2, 2, 1, 2, 1, 2, 2, 2, 2, 2, 1, 3, 1, 1, 5, 3, 3, 3, 4, 1, 3, 4, 5, 3, 6, 3, 3, 3, 5, 1, 1, 1, 3, 4, 6, 3, 3, 5, 2, 2, 2, 4, 3, 6, 1, 3, 4, 1, 4, 2, 4, 5, 5, 3, 5, 5, 5, 5, 6, 4, 5, 5, 5, 1, 6, 1, 6, 6, 3, 6, 1, 6, 6, 3, 6, 6, 6, 6, 2]);
----------
objective = 9123;
period_of = array1d(1..139, [1, 1, 2, 2, 2, 2, 2, 1, 1, 2, 1, 3, 3, 3, 1, 3, 3, 3, 4, 3, 4, 1, 1, 3, 3, 1, 2, 3, 3, 3, 4, 4, 4, 4, 4, 4, 1, 1, 1, 1, 1, 1, 2, 2, 2, 3, 3, 2, 2, 2, 2, 3, 3, 4, 5, 3, 4, 5, 6, 2, 2, 2, 1, 2, 1, 2, 2, 2, 2, 2, 1, 3, 1, 1, 5, 3, 3, 3, 4, 1, 3, 4, 6, 3, 6, 3, 3, 3, 5, 1, 1, 1, 3, 4, 6, 3, 3, 5, 2, 2, 2, 4, 3, 6, 1, 3, 4, 1, 4, 2, 4, 5, 5, 3, 5, 5, 5, 5, 6, 4, 5, 5, 5, 1, 6, 1, 6, 6, 3, 6, 1, 6, 6, 3, 6, 6, 6, 6, 2]);
----------
objective = 9051;
period_of = array1d(1..139, [1, 1, 2, 2, 2, 2, 2, 1, 1, 2, 1, 3, 3, 3, 1, 3, 3, 3, 4, 3, 4, 1, 1, 3, 3, 1, 2, 3, 3, 3, 4, 4, 4, 4, 4, 4, 1, 1, 1, 1, 1, 1, 2, 2, 2, 3, 3, 2, 2, 2, 2, 3, 3, 4, 5, 3, 4, 5, 6, 2, 2, 2, 1, 2, 1, 2, 2, 2, 2, 2, 1, 3, 1, 1, 5, 3, 3, 3, 4, 3, 3, 4, 5, 3, 6, 3, 3, 3, 5, 1, 1, 1, 3, 4, 6, 3, 3, 5, 2, 2, 2, 4, 3, 6, 1, 3, 4, 1, 4, 2, 4, 5, 5, 3, 5, 5, 5, 5, 6, 4, 5, 5, 5, 1, 6, 1, 6, 6, 3, 6, 1, 6, 6, 3, 6, 6, 6, 6, 2]);
----------
objective = 8979;
period_of = array1d(1..139, [1, 1, 2, 2, 2, 2, 2, 1, 1, 2, 1, 3, 3, 3, 1, 3, 3, 3, 4, 3, 4, 1, 1, 3, 3, 1, 2, 3, 3, 3, 4, 4, 4, 4, 4, 4, 1, 1, 1, 1, 1, 1, 2, 2, 2, 3, 3, 2, 2, 2, 2, 3, 3, 4, 5, 3, 4, 5, 6, 2, 2, 2, 1, 2, 1, 2, 2, 2, 2, 2, 1, 3, 1, 1, 5, 3, 3, 3, 4, 3, 3, 4, 6, 3, 6, 3, 3, 3, 5, 1, 1, 1, 3, 4, 6, 3, 3, 5, 2, 2, 2, 4, 3, 6, 1, 3, 4, 1, 4, 2, 4, 5, 5, 3, 5, 5, 5, 5, 6, 4, 5, 5, 5, 1, 6, 1, 6, 6, 3, 6, 1, 6, 6, 3, 6, 6, 6, 6, 2]);
----------
objective = 8907;
period_of = array1d(1..139, [1, 1, 2, 2, 2, 2, 2, 1, 1, 2, 1, 3, 3, 3, 1, 3, 3, 3, 4, 3, 4, 1, 1, 3, 3, 1, 2, 3, 3, 3, 4, 4, 4, 4, 4, 4, 1, 1, 1, 1, 1, 1, 2, 2, 2, 3, 3, 2, 2, 2, 2, 3, 3, 4, 5, 3, 4, 5, 6, 2, 2, 2, 1, 2, 1, 2, 2, 2, 2, 2, 1, 3, 1, 1, 5, 3, 3, 3, 4, 5, 3, 4, 6, 3, 6, 3, 3, 3, 5, 1, 1, 1, 3, 4, 6, 3, 3, 5, 2, 2, 2, 4, 3, 6, 1, 3, 4, 1, 4, 2, 4, 5, 5, 3, 5, 5, 5, 5, 6, 4, 5, 5, 5, 1, 6, 1, 6, 6, 3, 6, 1, 6, 6, 3, 6, 6, 6, 6, 2]);
----------
objective = 8835;
period_of = array1d(1..139, [1, 1, 2, 2, 2, 2, 2, 1, 1, 2, 1, 3, 3, 3, 1, 3, 3, 3, 4, 3, 4, 1, 1, 3, 3, 1, 2, 3, 3, 3, 4, 4, 4, 4, 4, 4, 1, 1, 1, 1, 1, 1, 2, 2, 2, 3, 3, 2, 2, 2, 2, 3, 3, 4, 5, 3, 4, 5, 6, 2, 2, 2, 1, 2, 1, 2, 2, 2, 2, 2, 1, 3, 1, 1, 5, 3, 3, 3, 4, 1, 3, 5, 6, 3, 6, 3, 3, 3, 5, 1, 1, 1, 3, 4, 6, 3, 3, 5, 2, 2, 2, 4, 3, 6, 1, 3, 4, 1, 4, 2, 4, 5, 5, 3, 5, 5, 5, 5, 6, 4, 5, 5, 5, 1, 6, 1, 6, 6, 3, 6, 1, 6, 6, 3, 6, 6, 6, 6, 2]);
----------
objective = 8763;
period_of = array1d(1..139, [1, 1, 2, 2, 2, 2, 2, 1, 1, 2, 1, 3, 3, 3, 1, 3, 3, 3, 4, 3, 4, 1, 1, 3, 3, 1, 2, 3, 3, 3, 4, 4, 4, 4, 4, 4, 1, 1, 1, 1, 1, 1, 2, 2, 2, 3, 3, 2, 2, 2, 2, 3, 3, 4, 5, 3, 4, 5, 6, 2, 2, 2, 1, 2, 1, 2, 2, 2, 2, 2, 1, 3, 1, 1, 5, 3, 3, 3, 4, 3, 3, 5, 5, 3, 6, 3, 3, 3, 5, 1, 1, 1, 3, 4, 6, 3, 3, 5, 2, 2, 2, 4, 3, 6, 1, 3, 4, 1, 4, 2, 4, 5, 5, 3, 5, 5, 5, 5, 6, 4, 5, 5, 5, 1, 6, 1, 6, 6, 3, 6, 1, 6, 6, 3, 6, 6, 6, 6, 2]);
----------
objective = 8691;
period_of = array1d(1..139, [1, 1, 2, 2, 2, 2, 2, 1, 1, 2, 1, 3, 3, 3, 1, 3, 3, 3, 4, 3, 4, 1, 1, 3, 3, 1, 2, 3, 3, 3, 4, 4, 4, 4, 4, 4, 1, 1, 1, 1, 1, 1, 2, 2, 2, 3, 3, 2, 2, 2, 2, 3, 3, 4, 5, 3, 4, 5, 6, 2, 2, 2, 1, 2, 1, 2, 2, 2, 2, 2, 1, 3, 1, 1, 5, 3, 3, 3, 4, 3, 3, 5, 6, 3, 6, 3, 3, 3, 5, 1, 1, 1, 3, 4, 6, 3, 3, 5, 2, 2, 2, 4, 3, 6, 1, 3, 4, 1, 4, 2, 4, 5, 5, 3, 5, 5, 5, 5, 6, 4, 5, 5, 5, 1, 6, 1, 6, 6, 3, 6, 1, 6, 6, 3, 6, 6, 6, 6, 2]);
----------
objective = 8619;
period_of = array1d(1..139, [1, 1, 2, 2, 2, 2, 2, 1, 1, 2, 1, 3, 3, 3, 1, 3, 3, 3, 4, 3, 4, 1, 1, 3, 3, 1, 2, 3, 3, 3, 4, 4, 4, 4, 4, 4, 1, 1, 1, 1, 1, 1, 2, 2, 2, 3, 3, 2, 2, 2, 2, 3, 3, 4, 5, 3, 4, 5, 6, 2, 2, 2, 1, 2, 1, 2, 2, 2, 2, 2, 1, 3, 1, 1, 5, 3, 3, 3, 4, 5, 3, 5, 6, 3, 6, 3, 3, 3, 5, 1, 1, 1, 3, 4, 6, 3, 3, 5, 2, 2, 2, 4, 3, 6, 1, 3, 4, 1, 4, 2, 4, 5, 5, 3, 5, 5, 5, 5, 6, 4, 5, 5, 5, 1, 6, 1, 6, 6, 3, 6, 1, 6, 6, 3, 6, 6, 6, 6, 2]);
----------
objective = 8547;
period_of = array1d(1..139, [1, 1, 2, 2, 2, 2, 2, 1, 1, 2, 1, 3, 3, 3, 1, 3, 3, 3, 4, 3, 4, 1, 1, 3, 3, 1, 2, 3, 3, 3, 4, 4, 4, 4, 4, 4, 1, 1, 1, 1, 1, 1, 2, 2, 2, 3, 3, 2, 2, 2, 2, 3, 3, 4, 5, 3, 4, 5, 6, 2, 2, 2, 1, 2, 1, 2, 2, 2, 2, 2, 1, 3, 1, 1, 5, 3, 3, 3, 5, 3, 3, 5, 6, 3, 6, 3, 3, 3, 5, 1, 1, 1, 3, 4, 6, 3, 3, 5, 2, 2, 2, 4, 3, 6, 1, 3, 4, 1, 4, 2, 4, 5, 5, 3, 5, 5, 5, 5, 6, 4, 5, 5, 5, 1, 6, 1, 6, 6, 3, 6, 1, 6, 6, 3, 6, 6, 6, 6, 2]);
----------
objective = 8475;
period_of = array1d(1..139, [1, 1, 2, 2, 2, 2, 2, 1, 1, 2, 1, 3, 3, 3, 1, 3, 3, 3, 4, 3, 4, 1, 1, 3, 3, 1, 2, 3, 3, 3, 4, 4, 4, 4, 4, 4, 1, 1, 1, 1, 1, 1, 2, 2, 2, 3, 3, 2, 2, 2, 2, 3, 3, 4, 5, 3, 4, 5, 6, 2, 2, 2, 1, 2, 1, 2, 2, 2, 2, 2, 1, 3, 1, 1, 5, 3, 3, 3, 5, 5, 3, 5, 6, 3, 6, 3, 3, 3, 5, 1, 1, 1, 3, 4, 6, 3, 3, 5, 2, 2, 2, 4, 3, 6, 1, 3, 4, 1, 4, 2, 4, 5, 5, 3, 5, 5, 5, 5, 6, 4, 5, 5, 5, 1, 6, 1, 6, 6, 3, 6, 1, 6, 6, 3, 6, 6, 6, 6, 2]);
----------
objective = 8403;
period_of = array1d(1..139, [1, 1, 2, 2, 2, 2, 2, 1, 1, 2, 1, 3, 3, 3, 1, 3, 3, 3, 4, 3, 4, 1, 1, 3, 3, 1, 2, 3, 3, 3, 4, 4, 4, 4, 4, 4, 1, 1, 1, 1, 1, 1, 2, 2, 2, 3, 3, 2, 2, 2, 2, 3, 3, 4, 5, 3, 4, 5, 6, 2, 2, 2, 1, 2, 1, 2, 2, 2, 2, 2, 1, 3, 1, 1, 5, 3, 3, 3, 5, 5, 3, 6, 6, 3, 6, 3, 3, 3, 5, 1, 1, 1, 3, 4, 6, 3, 3, 5, 2, 2, 2, 4, 3, 6, 1, 3, 4, 1, 4, 2, 4, 5, 5, 3, 5, 5, 5, 5, 6, 4, 5, 5, 5, 1, 6, 1, 6, 6, 3, 6, 1, 6, 6, 3, 6, 6, 6, 6, 2]);
----------
objective = 8331;
period_of = array1d(1..139, [1, 1, 2, 2, 2, 2, 2, 1, 1, 2, 1, 3, 3, 3, 1, 3, 3, 3, 4, 3, 4, 1, 1, 3, 3, 1, 2, 3, 3, 3, 4, 4, 4, 4, 4, 4, 1, 1, 1, 1, 1, 1, 2, 2, 2, 3, 3, 2, 2, 2, 2, 3, 3, 4, 5, 3, 4, 5, 6, 2, 2, 2, 1, 2, 1, 2, 2, 2, 2, 2, 1, 3, 4, 1, 1, 3, 3, 3, 5, 5, 3, 5, 3, 3, 4, 3, 3, 3, 5, 1, 1, 1, 2, 4, 6, 3, 3, 5, 2, 2, 2, 3, 3, 6, 1, 3, 4, 1, 4, 2, 4, 5, 5, 3, 5, 5, 5, 5, 6, 4, 5, 5, 5, 1, 6, 1, 6, 6, 3, 6, 1, 6, 6, 3, 6, 6, 6, 6, 2]);
----------
objective = 8259;
period_of = array1d(1..139, [1, 1, 2, 2, 2, 2, 2, 1, 1, 2, 1, 3, 3, 3, 1, 3, 3, 3, 4, 3, 4, 1, 1, 3, 3, 1, 2, 3, 3, 3, 4, 4, 4, 4, 4, 4, 1, 1, 1, 1, 1, 1, 2, 2, 2, 3, 3, 2, 2, 2, 2, 3, 3, 4, 5, 3, 4, 5, 6, 2, 2, 2, 1, 2, 1, 2, 2, 2, 2, 2, 1, 3, 4, 1, 1, 3, 3, 3, 5, 5, 3, 6, 3, 3, 4, 3, 3, 3, 5, 1, 1, 1, 2, 4, 6, 3, 3, 5, 2, 2, 2, 3, 3, 6, 1, 3, 4, 1, 4, 2, 4, 5, 5, 3, 5, 5, 5, 5, 6, 4, 5, 5, 5, 1, 6, 1, 6, 6, 3, 6, 1, 6, 6, 3, 6, 6, 6, 6, 2]);
----------
objective = 8187;
period_of = array1d(1..139, [1, 1, 2, 2, 2, 2, 2, 1, 1, 2, 1, 3, 3, 3, 1, 3, 3, 3, 4, 3, 4, 1, 1, 3, 3, 1, 2, 3, 3, 3, 4, 4, 4, 4, 4, 4, 1, 1, 1, 1, 1, 1, 2, 2, 2, 3, 3, 2, 2, 2, 2, 3, 3, 4, 5, 3, 4, 5, 6, 2, 2, 2, 1, 2, 1, 2, 2, 2, 2, 2, 1, 3, 4, 1, 1, 3, 3, 3, 5, 3, 3, 5, 3, 3, 5, 3, 3, 3, 5, 1, 1, 1, 2, 4, 6, 3, 3, 5, 2, 2, 2, 3, 3, 6, 1, 3, 4, 1, 4, 2, 4, 5, 5, 3, 5, 5, 5, 5, 6, 4, 5, 5, 5, 1, 6, 1, 6, 6, 3, 6, 1, 6, 6, 3, 6, 6, 6, 6, 2]);
----------
objective = 8115;
period_of = array1d(1..139, [1, 1, 2, 2, 2, 2, 2, 1, 1, 2, 1, 3, 3, 3, 1, 3, 3, 3, 4, 3, 4, 1, 1, 3, 3, 1, 2, 3, 3, 3, 4, 4, 4, 4, 4, 4, 1, 1, 1, 1, 1, 1, 2, 2, 2, 3, 3, 2, 2, 2, 2, 3, 3, 4, 5, 3, 4, 5, 6, 2, 2, 2, 1, 2, 1, 2, 2, 2, 2, 2, 1, 3, 4, 1, 1, 3, 3, 3, 5, 5, 3, 5, 3, 3, 5, 3, 3, 3, 5, 1, 1, 1, 2, 4, 6, 3, 3, 5, 2, 2, 2, 3, 3, 6, 1, 3, 4, 1, 4, 2, 4, 5, 5, 3, 5, 5, 5, 5, 6, 4, 5, 5, 5, 1, 6, 1, 6, 6, 3, 6, 1, 6, 6, 3, 6, 6, 6, 6, 2]);
----------
objective = 8043;
period_of = array1d(1..139, [1, 1, 2, 2, 2, 2, 2, 1, 1, 2, 1, 3, 3, 3, 1, 3, 3, 3, 4, 3, 4, 1, 1, 3, 3, 1, 2, 3, 3, 3, 4, 4, 4, 4, 4, 4, 1, 1, 1, 1, 1, 1, 2, 2, 2, 3, 3, 2, 2, 2, 2, 3, 3, 4, 5, 3, 4, 5, 6, 2, 2, 2, 1, 2, 1, 2, 2, 2, 2, 2, 1, 3, 4, 1, 1, 3, 3, 3, 5, 5, 3, 6, 3, 3, 5, 3, 3, 3, 5, 1, 1, 1, 2, 4, 6, 3, 3, 5, 2, 2, 2, 3, 3, 6, 1, 3, 4, 1, 4, 2, 4, 5, 5, 3, 5, 5, 5, 5, 6, 4, 5, 5, 5, 1, 6, 1, 6, 6, 3, 6, 1, 6, 6, 3, 6, 6, 6, 6, 2]);
----------
objective = 7971;
period_of = array1d(1..139, [1, 1, 2, 2, 2, 2, 2, 1, 1, 2, 1, 3, 3, 3, 1, 3, 3, 3, 4, 3, 4, 1, 1, 3, 3, 1, 2, 3, 3, 3, 4, 4, 4, 4, 4, 4, 1, 1, 1, 1, 1, 1, 2, 2, 2, 3, 3, 2, 2, 2, 2, 3, 3, 4, 5, 3, 4, 5, 6, 2, 2, 2, 1, 2, 1, 2, 2, 2, 2, 2, 1, 3, 4, 1, 1, 3, 3, 3, 5, 5, 3, 5, 5, 3, 5, 3, 3, 3, 5, 1, 1, 1, 2, 4, 6, 3, 3, 5, 2, 2, 2, 3, 3, 6, 1, 3, 4, 1, 4, 2, 4, 5, 5, 3, 5, 5, 5, 5, 6, 4, 5, 5, 5, 1, 6, 1, 6, 6, 3, 6, 1, 6, 6, 3, 6, 6, 6, 6, 2]);
----------
objective = 7899;
period_of = array1d(1..139, [1, 1, 2, 2, 2, 2, 2, 1, 1, 2, 1, 3, 3, 3, 1, 3, 3, 3, 4, 3, 4, 1, 1, 3, 3, 1, 2, 3, 3, 3, 4, 4, 4, 4, 4, 4, 1, 1, 1, 1, 1, 1, 2, 2, 2, 3, 3, 2, 2, 2, 2, 3, 3, 4, 5, 3, 4, 5, 6, 2, 2, 2, 1, 2, 1, 2, 2, 2, 2, 2, 1, 3, 4, 1, 1, 3, 3, 3, 5, 5, 3, 6, 5, 3, 5, 3, 3, 3, 5, 1, 1, 1, 2, 4, 6, 3, 3, 5, 2, 2, 2, 3, 3, 6, 1, 3, 4, 1, 4, 2, 4, 5, 5, 3, 5, 5, 5, 5, 6, 4, 5, 5, 5, 1, 6, 1, 6, 6, 3, 6, 1, 6, 6, 3, 6, 6, 6, 6, 2]);
----------
objective = 7827;
period_of = array1d(1..139, [1, 1, 2, 2, 2, 2, 2, 1, 1, 2, 1, 3, 3, 3, 1, 3, 3, 3, 4, 3, 4, 1, 1, 3, 3, 1, 2, 3, 3, 3, 4, 4, 4, 4, 4, 4, 1, 1, 1, 1, 1, 1, 2, 2, 2, 3, 3, 2, 2, 2, 2, 3, 3, 4, 5, 3, 4, 5, 6, 2, 2, 2, 1, 2, 1, 2, 2, 2, 2, 2, 1, 3, 4, 1, 1, 3, 3, 3, 5, 5, 3, 6, 5, 3, 6, 3, 3, 3, 5, 1, 1, 1, 2, 4, 6, 3, 3, 5, 2, 2, 2, 3, 3, 6, 1, 3, 4, 1, 4, 2, 4, 5, 5, 3, 5, 5, 5, 5, 6, 4, 5, 5, 5, 1, 6, 1, 6, 6, 3, 6, 1, 6, 6, 3, 6, 6, 6, 6, 2]);
----------
objective = 7755;
period_of = array1d(1..139, [1, 1, 2, 2, 2, 2, 2, 1, 1, 2, 1, 3, 3, 3, 1, 3, 3, 3, 4, 3, 4, 1, 1, 3, 3, 1, 2, 3, 3, 3, 4, 4, 4, 4, 4, 4, 1, 1, 1, 1, 1, 1, 2, 2, 2, 3, 3, 2, 2, 2, 2, 3, 3, 4, 5, 3, 4, 5, 6, 2, 2, 2, 1, 2, 1, 2, 2, 2, 2, 2, 1, 3, 4, 1, 5, 3, 3, 3, 1, 5, 3, 5, 6, 3, 6, 3, 3, 3, 5, 1, 1, 1, 2, 4, 6, 3, 3, 5, 2, 2, 2, 3, 3, 6, 1, 3, 4, 1, 4, 2, 4, 5, 5, 3, 5, 5, 5, 5, 6, 4, 5, 5, 5, 1, 6, 1, 6, 6, 3, 6, 1, 6, 6, 3, 6, 6, 6, 6, 2]);
----------
objective = 7683;
period_of = array1d(1..139, [1, 1, 2, 2, 2, 2, 2, 1, 1, 2, 1, 3, 3, 3, 1, 3, 3, 3, 4, 3, 4, 1, 1, 3, 3, 1, 2, 3, 3, 3, 4, 4, 4, 4, 4, 4, 1, 1, 1, 1, 1, 1, 2, 2, 2, 3, 3, 2, 2, 2, 2, 3, 3, 4, 5, 3, 4, 5, 6, 2, 2, 2, 1, 2, 1, 2, 2, 2, 2, 2, 1, 3, 4, 1, 5, 3, 3, 3, 5, 3, 3, 5, 5, 3, 6, 3, 3, 3, 5, 1, 1, 1, 2, 4, 6, 3, 3, 5, 2, 2, 2, 3, 3, 6, 1, 3, 4, 1, 4, 2, 4, 5, 5, 3, 5, 5, 5, 5, 6, 4, 5, 5, 5, 1, 6, 1, 6, 6, 3, 6, 1, 6, 6, 3, 6, 6, 6, 6, 2]);
----------
objective = 7611;
period_of = array1d(1..139, [1, 1, 2, 2, 2, 2, 2, 1, 1, 2, 1, 3, 3, 3, 1, 3, 3, 3, 4, 3, 4, 1, 1, 3, 3, 1, 2, 3, 3, 3, 4, 4, 4, 4, 4, 4, 1, 1, 1, 1, 1, 1, 2, 2, 2, 3, 3, 2, 2, 2, 2, 3, 3, 4, 5, 3, 4, 5, 6, 2, 2, 2, 1, 2, 1, 2, 2, 2, 2, 2, 1, 3, 4, 1, 5, 3, 3, 3, 5, 3, 3, 5, 6, 3, 6, 3, 3, 3, 5, 1, 1, 1, 2, 4, 6, 3, 3, 5, 2, 2, 2, 3, 3, 6, 1, 3, 4, 1, 4, 2, 4, 5, 5, 3, 5, 5, 5, 5, 6, 4, 5, 5, 5, 1, 6, 1, 6, 6, 3, 6, 1, 6, 6, 3, 6, 6, 6, 6, 2]);
----------
objective = 7539;
period_of = array1d(1..139, [1, 1, 2, 2, 2, 2, 2, 1, 1, 2, 1, 3, 3, 3, 1, 3, 3, 3, 4, 3, 4, 1, 1, 3, 3, 1, 2, 3, 3, 3, 4, 4, 4, 4, 4, 4, 1, 1, 1, 1, 1, 1, 2, 2, 2, 3, 3, 2, 2, 2, 2, 3, 3, 4, 5, 3, 4, 5, 6, 2, 2, 2, 1, 2, 1, 2, 2, 2, 2, 2, 1, 3, 4, 1, 5, 3, 3, 3, 5, 5, 3, 5, 6, 3, 6, 3, 3, 3, 5, 1, 1, 1, 2, 4, 6, 3, 3, 5, 2, 2, 2, 3, 3, 6, 1, 3, 4, 1, 4, 2, 4, 5, 5, 3, 5, 5, 5, 5, 6, 4, 5, 5, 5, 1, 6, 1, 6, 6, 3, 6, 1, 6, 6, 3, 6, 6, 6, 6, 2]);
----------
objective = 7467;
period_of = array1d(1..139, [1, 1, 2, 2, 2, 2, 2, 1, 1, 2, 1, 3, 3, 3, 1, 3, 3, 3, 4, 3, 4, 1, 1, 3, 3, 1, 2, 3, 3, 3, 4, 4, 4, 4, 4, 4, 1, 1, 1, 1, 1, 1, 2, 2, 2, 3, 3, 2, 2, 2, 2, 3, 3, 4, 5, 3, 4, 5, 6, 2, 2, 2, 1, 2, 1, 2, 2, 2, 2, 2, 1, 3, 4, 1, 5, 3, 3, 3, 5, 5, 3, 6, 6, 3, 6, 3, 3, 3, 5, 1, 1, 1, 2, 4, 6, 3, 3, 5, 2, 2, 2, 3, 3, 6, 1, 3, 4, 1, 4, 2, 4, 5, 5, 3, 5, 5, 5, 5, 6, 4, 5, 5, 5, 1, 6, 1, 6, 6, 3, 6, 1, 6, 6, 3, 6, 6, 6, 6, 2]);
----------
objective = 7395;
period_of = array1d(1..139, [1, 1, 2, 2, 2, 2, 2, 1, 1, 2, 1, 3, 3, 3, 1, 3, 3, 3, 4, 3, 4, 1, 1, 3, 3, 1, 2, 3, 3, 3, 4, 4, 4, 4, 4, 4, 1, 1, 1, 1, 1, 1, 2, 2, 2, 3, 3, 2, 2, 2, 2, 3, 3, 4, 5, 3, 4, 5, 6, 2, 2, 2, 1, 2, 1, 2, 2, 2, 2, 2, 1, 3, 5, 1, 5, 3, 3, 3, 1, 6, 3, 6, 6, 3, 6, 3, 3, 3, 5, 1, 1, 1, 3, 4, 6, 3, 3, 5, 2, 2, 2, 4, 5, 5, 1, 3, 4, 1, 4, 2, 4, 5, 5, 3, 5, 5, 5, 5, 6, 4, 5, 5, 6, 1, 6, 1, 6, 6, 3, 6, 1, 6, 6, 3, 6, 6, 6, 6, 2]);
----------
objective = 7323;
period_of = array1d(1..139, [1, 1, 2, 2, 2, 2, 2, 1, 1, 2, 1, 3, 3, 3, 1, 3, 3, 3, 4, 3, 4, 1, 1, 3, 3, 1, 2, 3, 3, 3, 4, 4, 4, 4, 4, 4, 1, 1, 1, 1, 1, 1, 2, 2, 2, 3, 3, 2, 2, 2, 2, 3, 3, 4, 5, 3, 4, 5, 6, 2, 2, 2, 1, 2, 1, 2, 2, 2, 2, 2, 1, 3, 5, 1, 5, 3, 3, 3, 4, 6, 3, 6, 6, 3, 6, 3, 3, 3, 5, 1, 1, 1, 3, 4, 6, 3, 3, 5, 2, 2, 2, 4, 5, 5, 1, 3, 4, 1, 4, 2, 4, 5, 5, 3, 5, 5, 5, 5, 6, 4, 5, 5, 6, 1, 6, 1, 6, 6, 3, 6, 1, 6, 6, 3, 6, 6, 6, 6, 2]);
----------
objective = 7251;
period_of = array1d(1..139, [1, 1, 2, 2, 2, 2, 2, 1, 1, 2, 1, 3, 3, 3, 1, 3, 3, 3, 4, 3, 4, 1, 1, 3, 3, 1, 2, 3, 3, 3, 4, 4, 4, 4, 4, 4, 1, 1, 1, 1, 1, 1, 2, 2, 2, 3, 3, 2, 2, 2, 2, 3, 3, 4, 5, 3, 4, 5, 6, 2, 2, 2, 1, 2, 1, 2, 2, 2, 2, 2, 1, 3, 5, 1, 5, 3, 3, 3, 5, 6, 3, 6, 6, 3, 6, 3, 3, 3, 5, 1, 1, 1, 3, 4, 6, 3, 3, 5, 2, 2, 2, 4, 5, 5, 1, 3, 4, 1, 4, 2, 4, 5, 5, 3, 5, 5, 5, 5, 6, 4, 5, 5, 6, 1, 6, 1, 6, 6, 3, 6, 1, 6, 6, 3, 6, 6, 6, 6, 2]);
----------
objective = 7179;
period_of = array1d(1..139, [1, 1, 2, 2, 2, 2, 2, 1, 1, 2, 1, 3, 3, 3, 1, 3, 3, 3, 4, 3, 4, 1, 1, 3, 3, 1, 2, 3, 3, 3, 4, 4, 4, 4, 4, 4, 1, 1, 1, 1, 1, 1, 2, 2, 2, 3, 3, 2, 2, 2, 2, 3, 3, 4, 5, 3, 4, 5, 6, 2, 2, 2, 1, 2, 1, 2, 2, 2, 2, 2, 1, 3, 5, 1, 5, 3, 3, 3, 6, 6, 3, 6, 6, 3, 6, 3, 3, 3, 5, 1, 1, 1, 3, 4, 6, 3, 3, 5, 2, 2, 2, 4, 5, 5, 1, 3, 4, 1, 4, 2, 4, 5, 5, 3, 5, 5, 5, 5, 6, 4, 5, 5, 6, 1, 6, 1, 6, 6, 3, 6, 1, 6, 6, 3, 6, 6, 6, 6, 2]);
----------
