mznc2018_probs/cargo/challenge12_1422f_1644.dzn
dT__ = array1d(1..56, [10, 11, 11, 10, 11, 10, 10, 10, 11, 10, 6, 8, 8, 7, 9, 7, 7, 8, 10, 9, 7, 7, 10, 6, 8, 9, 9, 9, 8, 7, 8, 8, 7, 9, 10, 7, 6, 6, 5, 8, 7, 9, 6, 6, 7, 7, 6, 6, 6, 6, 6, 4, 6, 7, 8, 8]);
h__ = array1d(1..56, [0, 262, 361, 621, 715, 1009, 1219, 1328, 1568, 1719, 0, 134, 264, 692, 378, 759, 1058, 1126, 1255, 1397, 0, 244, 1633, 323, 521, 675, 843, 974, 1144, 1313, 1433, 1526, 0, 187, 1621, 508, 653, 848, 1082, 1132, 0, 1447, 246, 355, 1601, 683, 770, 1062, 0, 246, 1288, 344, 437, 583, 1414, 831]);
objective = 55516;
tR = array1d(1..56, [14686, 15669, 16041, 16743, 17097, 20373, 21161, 20550, 23004, 23131, 23292, 27360, 27360, 27789, 28042, 29323, 30020, 32614, 36178, 36358, 36713, 37630, 37927, 37440, 40929, 43565, 43853, 44347, 47520, 46062, 47265, 47614, 47971, 50098, 51303, 51040, 52213, 53280, 52527, 59040, 60222, 61145, 59040, 60480, 61712, 62423, 61723, 67970, 69120, 67680, 68051, 66240, 69120, 72209, 73440, 79200]);
tS__ = array1d(1..56, [1, 1, 1, 2, 2, 5, 5, 5, 6, 7, 11, 12, 12, 13, 12, 15, 15, 15, 16, 17, 20, 20, 17, 21, 21, 22, 22, 23, 26, 26, 26, 26, 27, 27, 27, 29, 31, 32, 32, 34, 36, 34, 36, 37, 37, 37, 38, 42, 43, 42, 42, 43, 43, 44, 44, 48]);
----------
dT__ = array1d(1..56, [10, 11, 11, 10, 11, 10, 10, 10, 11, 10, 6, 8, 8, 7, 9, 7, 7, 8, 10, 9, 7, 7, 10, 6, 8, 9, 9, 9, 8, 7, 8, 8, 7, 9, 10, 7, 6, 6, 5, 8, 7, 9, 6, 6, 7, 7, 4, 6, 6, 6, 6, 4, 6, 7, 8, 8]);
h__ = array1d(1..56, [0, 262, 361, 621, 715, 1009, 1219, 1328, 1568, 1719, 0, 134, 264, 692, 378, 759, 1058, 1126, 1255, 1397, 0, 244, 1633, 323, 521, 675, 843, 974, 1144, 1313, 1433, 1526, 0, 187, 1621, 508, 653, 848, 1082, 1132, 0, 1447, 246, 355, 1601, 683, 868, 1160, 0, 770, 185, 868, 311, 457, 1386, 705]);
objective = 52833;
tR = array1d(1..56, [14686, 15669, 16041, 16743, 17097, 20373, 21161, 20550, 23004, 23131, 23292, 27360, 27360, 27789, 28042, 29323, 30020, 32614, 36178, 36358, 36713, 37630, 37927, 37440, 40929, 43565, 43853, 44347, 47520, 46062, 47265, 47614, 47971, 50098, 51303, 51040, 52213, 53280, 52527, 59040, 60222, 61145, 59040, 60480, 61712, 62423, 64800, 67970, 69120, 61920, 69120, 59779, 69596, 72209, 73440, 76320]);
tS__ = array1d(1..56, [1, 1, 1, 2, 2, 5, 5, 5, 6, 7, 11, 12, 12, 13, 12, 15, 15, 15, 16, 17, 20, 20, 17, 21, 21, 22, 22, 23, 26, 26, 26, 26, 27, 27, 27, 29, 31, 32, 32, 34, 36, 34, 36, 37, 37, 37, 42, 42, 43, 38, 43, 38, 43, 44, 44, 46]);
----------
dT__ = array1d(1..56, [10, 11, 11, 10, 11, 10, 10, 10, 11, 10, 6, 8, 8, 7, 9, 7, 7, 8, 10, 9, 7, 7, 10, 6, 8, 9, 9, 9, 8, 7, 8, 8, 7, 9, 10, 7, 6, 6, 5, 8, 7, 9, 6, 6, 7, 6, 4, 6, 6, 7, 6, 4, 6, 7, 8, 8]);
h__ = array1d(1..56, [0, 262, 361, 621, 715, 1009, 1219, 1328, 1568, 1719, 0, 134, 264, 692, 378, 759, 1058, 1126, 1255, 1397, 0, 244, 1633, 323, 521, 675, 843, 974, 1144, 1313, 1433, 1526, 0, 187, 1621, 508, 653, 848, 1082, 1132, 0, 1447, 246, 355, 1601, 781, 868, 1160, 0, 683, 185, 868, 311, 457, 1386, 705]);
objective = 52636;
tR = array1d(1..56, [14686, 15669, 16041, 16743, 17097, 20373, 21161, 20550, 23004, 23131, 23292, 27360, 27360, 27789, 28042, 29323, 30020, 32614, 36178, 36358, 36713, 37630, 37927, 37440, 40929, 43565, 43853, 44347, 47520, 46062, 47265, 47614, 47971, 50098, 51303, 51040, 52213, 53280, 52527, 59040, 60222, 61145, 59040, 60480, 61712, 62423, 64800, 67970, 69120, 61723, 69120, 59779, 69596, 72209, 73440, 76320]);
tS__ = array1d(1..56, [1, 1, 1, 2, 2, 5, 5, 5, 6, 7, 11, 12, 12, 13, 12, 15, 15, 15, 16, 17, 20, 20, 17, 21, 21, 22, 22, 23, 26, 26, 26, 26, 27, 27, 27, 29, 31, 32, 32, 34, 36, 34, 36, 37, 37, 38, 42, 42, 43, 37, 43, 38, 43, 44, 44, 46]);
----------
dT__ = array1d(1..56, [10, 11, 11, 10, 11, 10, 10, 10, 11, 10, 6, 8, 8, 7, 9, 7, 7, 8, 10, 9, 7, 7, 10, 6, 8, 9, 9, 9, 8, 7, 8, 8, 7, 9, 10, 7, 6, 6, 5, 8, 7, 9, 6, 6, 7, 6, 4, 6, 7, 6, 6, 4, 6, 7, 8, 8]);
h__ = array1d(1..56, [0, 262, 361, 621, 715, 1009, 1219, 1328, 1568, 1719, 0, 134, 264, 692, 378, 759, 1058, 1126, 1255, 1397, 0, 244, 1633, 323, 521, 675, 843, 974, 1144, 1313, 1433, 1526, 0, 187, 1621, 508, 653, 848, 1082, 1132, 0, 1447, 246, 453, 1601, 781, 868, 1160, 246, 355, 0, 868, 431, 577, 1386, 825]);
objective = 49773;
tR = array1d(1..56, [14686, 15669, 16041, 16743, 17097, 20373, 21161, 20550, 23004, 23131, 23292, 27360, 27360, 27789, 28042, 29323, 30020, 32614, 36178, 36358, 36713, 37630, 37927, 37440, 40929, 43565, 43853, 44347, 47520, 46062, 47265, 47614, 47971, 50098, 51303, 51040, 52213, 53280, 52527, 59040, 60222, 61145, 59040, 60480, 61712, 62423, 64800, 67680, 68530, 59450, 69120, 59821, 69224, 72209, 73440, 76320]);
tS__ = array1d(1..56, [1, 1, 1, 2, 2, 5, 5, 5, 6, 7, 11, 12, 12, 13, 12, 15, 15, 15, 16, 17, 20, 20, 17, 21, 21, 22, 22, 23, 26, 26, 26, 26, 27, 27, 27, 29, 31, 32, 32, 34, 36, 34, 36, 37, 37, 38, 42, 42, 42, 36, 43, 38, 43, 44, 44, 46]);
----------
dT__ = array1d(1..56, [10, 11, 11, 10, 11, 10, 10, 10, 11, 10, 6, 8, 8, 7, 9, 7, 7, 8, 10, 9, 7, 7, 10, 6, 8, 9, 9, 9, 8, 7, 8, 8, 7, 9, 10, 7, 6, 6, 5, 8, 7, 9, 6, 6, 7, 6, 4, 9, 6, 6, 6, 4, 6, 7, 8, 8]);
h__ = array1d(1..56, [0, 262, 361, 621, 715, 1009, 1219, 1328, 1568, 1719, 0, 134, 264, 692, 378, 759, 1058, 1126, 1255, 1397, 0, 244, 1633, 323, 521, 675, 843, 974, 1144, 1313, 1433, 1526, 0, 187, 1621, 508, 653, 848, 1082, 1132, 0, 1447, 246, 453, 1601, 781, 1094, 868, 246, 355, 0, 126, 431, 577, 1386, 1094]);
objective = 48923;
tR = array1d(1..56, [14686, 15669, 16041, 16743, 17097, 20373, 21161, 20550, 23004, 23131, 23292, 27360, 27360, 27789, 28042, 29323, 30020, 32614, 36178, 36358, 36713, 37630, 37927, 37440, 40929, 43565, 43853, 44347, 47520, 46062, 47265, 47614, 47971, 50098, 51303, 51040, 52213, 53280, 52527, 59040, 60222, 61145, 59040, 60480, 61712, 62423, 64800, 66530, 67680, 59450, 69120, 66240, 69120, 72209, 73440, 76320]);
tS__ = array1d(1..56, [1, 1, 1, 2, 2, 5, 5, 5, 6, 7, 11, 12, 12, 13, 12, 15, 15, 15, 16, 17, 20, 20, 17, 21, 21, 22, 22, 23, 26, 26, 26, 26, 27, 27, 27, 29, 31, 32, 32, 34, 36, 34, 36, 37, 37, 38, 42, 38, 42, 36, 43, 43, 43, 44, 44, 46]);
----------
