mznc2019_probs/stochastic-vrp/vrp-s3-v2-c7_vrp-v2-c7_det.mzn
arrivalTime = array2d(1..3, 1..11, [5, 13, 22, 31, 41, 49, 7, 0, 0, 58, 18, 5, 13, 22, 31, 41, 51, 7, 0, 0, 60, 18, 5, 13, 25, 52, 32, 40, 7, 0, 0, 58, 18]);
objective = 410;
predecessor = array2d(1..3, 1..11, [8, 1, 2, 3, 4, 5, 9, 11, 10, 6, 7, 8, 1, 2, 3, 4, 5, 9, 11, 10, 6, 7, 8, 1, 2, 6, 3, 5, 9, 11, 10, 4, 7]);
successor = array2d(1..3, 1..11, [2, 3, 4, 5, 6, 10, 11, 1, 7, 9, 8, 2, 3, 4, 5, 6, 10, 11, 1, 7, 9, 8, 2, 3, 5, 10, 6, 4, 11, 1, 7, 9, 8]);
vehicle = array1d(1..11, [1, 1, 1, 1, 1, 1, 2, 1, 2, 1, 2]);
----------
arrivalTime = array2d(1..3, 1..11, [5, 13, 22, 31, 41, 49, 7, 0, 0, 58, 18, 5, 13, 22, 31, 41, 51, 7, 0, 0, 60, 18, 5, 13, 25, 51, 38, 33, 7, 0, 0, 57, 18]);
objective = 408;
predecessor = array2d(1..3, 1..11, [8, 1, 2, 3, 4, 5, 9, 11, 10, 6, 7, 8, 1, 2, 3, 4, 5, 9, 11, 10, 6, 7, 8, 1, 2, 5, 6, 3, 9, 11, 10, 4, 7]);
successor = array2d(1..3, 1..11, [2, 3, 4, 5, 6, 10, 11, 1, 7, 9, 8, 2, 3, 4, 5, 6, 10, 11, 1, 7, 9, 8, 2, 3, 6, 10, 4, 5, 11, 1, 7, 9, 8]);
vehicle = array1d(1..11, [1, 1, 1, 1, 1, 1, 2, 1, 2, 1, 2]);
----------
arrivalTime = array2d(1..3, 1..11, [5, 13, 22, 31, 41, 49, 7, 0, 0, 58, 18, 5, 13, 22, 31, 41, 51, 7, 0, 0, 60, 18, 5, 13, 32, 23, 39, 47, 7, 0, 0, 56, 18]);
objective = 406;
predecessor = array2d(1..3, 1..11, [8, 1, 2, 3, 4, 5, 9, 11, 10, 6, 7, 8, 1, 2, 3, 4, 5, 9, 11, 10, 6, 7, 8, 1, 4, 2, 3, 5, 9, 11, 10, 6, 7]);
successor = array2d(1..3, 1..11, [2, 3, 4, 5, 6, 10, 11, 1, 7, 9, 8, 2, 3, 4, 5, 6, 10, 11, 1, 7, 9, 8, 2, 4, 5, 3, 6, 10, 11, 1, 7, 9, 8]);
vehicle = array1d(1..11, [1, 1, 1, 1, 1, 1, 2, 1, 2, 1, 2]);
----------
arrivalTime = array2d(1..3, 1..11, [5, 13, 22, 31, 41, 49, 7, 0, 0, 58, 18, 5, 13, 22, 31, 41, 51, 7, 0, 0, 60, 18, 5, 13, 32, 23, 45, 40, 7, 0, 0, 55, 18]);
objective = 404;
predecessor = array2d(1..3, 1..11, [8, 1, 2, 3, 4, 5, 9, 11, 10, 6, 7, 8, 1, 2, 3, 4, 5, 9, 11, 10, 6, 7, 8, 1, 4, 2, 6, 3, 9, 11, 10, 5, 7]);
successor = array2d(1..3, 1..11, [2, 3, 4, 5, 6, 10, 11, 1, 7, 9, 8, 2, 3, 4, 5, 6, 10, 11, 1, 7, 9, 8, 2, 4, 6, 3, 10, 5, 11, 1, 7, 9, 8]);
vehicle = array1d(1..11, [1, 1, 1, 1, 1, 1, 2, 1, 2, 1, 2]);
----------
arrivalTime = array2d(1..3, 1..11, [5, 13, 22, 31, 41, 49, 7, 0, 0, 58, 18, 5, 13, 22, 31, 41, 51, 7, 0, 0, 60, 18, 10, 18, 30, 3, 37, 45, 7, 0, 0, 54, 18]);
objective = 402;
predecessor = array2d(1..3, 1..11, [8, 1, 2, 3, 4, 5, 9, 11, 10, 6, 7, 8, 1, 2, 3, 4, 5, 9, 11, 10, 6, 7, 4, 1, 2, 8, 3, 5, 9, 11, 10, 6, 7]);
successor = array2d(1..3, 1..11, [2, 3, 4, 5, 6, 10, 11, 1, 7, 9, 8, 2, 3, 4, 5, 6, 10, 11, 1, 7, 9, 8, 2, 3, 5, 1, 6, 10, 11, 4, 7, 9, 8]);
vehicle = array1d(1..11, [1, 1, 1, 1, 1, 1, 2, 1, 2, 1, 2]);
----------
arrivalTime = array2d(1..3, 1..11, [5, 13, 22, 31, 41, 49, 7, 0, 0, 58, 18, 5, 13, 22, 31, 41, 51, 7, 0, 0, 60, 18, 10, 18, 30, 3, 43, 38, 7, 0, 0, 53, 18]);
objective = 400;
predecessor = array2d(1..3, 1..11, [8, 1, 2, 3, 4, 5, 9, 11, 10, 6, 7, 8, 1, 2, 3, 4, 5, 9, 11, 10, 6, 7, 4, 1, 2, 8, 6, 3, 9, 11, 10, 5, 7]);
successor = array2d(1..3, 1..11, [2, 3, 4, 5, 6, 10, 11, 1, 7, 9, 8, 2, 3, 4, 5, 6, 10, 11, 1, 7, 9, 8, 2, 3, 6, 1, 10, 5, 11, 4, 7, 9, 8]);
vehicle = array1d(1..11, [1, 1, 1, 1, 1, 1, 2, 1, 2, 1, 2]);
----------
arrivalTime = array2d(1..3, 1..11, [5, 13, 22, 31, 41, 49, 7, 0, 0, 58, 18, 5, 13, 22, 50, 37, 30, 7, 0, 0, 59, 18, 10, 18, 30, 3, 43, 38, 7, 0, 0, 53, 18]);
objective = 398;
predecessor = array2d(1..3, 1..11, [8, 1, 2, 3, 4, 5, 9, 11, 10, 6, 7, 8, 1, 2, 5, 6, 3, 9, 11, 10, 4, 7, 4, 1, 2, 8, 6, 3, 9, 11, 10, 5, 7]);
successor = array2d(1..3, 1..11, [2, 3, 4, 5, 6, 10, 11, 1, 7, 9, 8, 2, 3, 6, 10, 4, 5, 11, 1, 7, 9, 8, 2, 3, 6, 1, 10, 5, 11, 4, 7, 9, 8]);
vehicle = array1d(1..11, [1, 1, 1, 1, 1, 1, 2, 1, 2, 1, 2]);
----------
arrivalTime = array2d(1..3, 1..11, [5, 13, 22, 31, 41, 49, 7, 0, 0, 58, 18, 5, 13, 32, 23, 39, 49, 7, 0, 0, 58, 18, 10, 18, 30, 3, 43, 38, 7, 0, 0, 53, 18]);
objective = 396;
predecessor = array2d(1..3, 1..11, [8, 1, 2, 3, 4, 5, 9, 11, 10, 6, 7, 8, 1, 4, 2, 3, 5, 9, 11, 10, 6, 7, 4, 1, 2, 8, 6, 3, 9, 11, 10, 5, 7]);
successor = array2d(1..3, 1..11, [2, 3, 4, 5, 6, 10, 11, 1, 7, 9, 8, 2, 4, 5, 3, 6, 10, 11, 1, 7, 9, 8, 2, 3, 6, 1, 10, 5, 11, 4, 7, 9, 8]);
vehicle = array1d(1..11, [1, 1, 1, 1, 1, 1, 2, 1, 2, 1, 2]);
----------
arrivalTime = array2d(1..3, 1..11, [5, 13, 22, 31, 41, 49, 7, 0, 0, 58, 18, 5, 13, 32, 23, 47, 40, 7, 0, 0, 57, 18, 10, 18, 30, 3, 43, 38, 7, 0, 0, 53, 18]);
objective = 394;
predecessor = array2d(1..3, 1..11, [8, 1, 2, 3, 4, 5, 9, 11, 10, 6, 7, 8, 1, 4, 2, 6, 3, 9, 11, 10, 5, 7, 4, 1, 2, 8, 6, 3, 9, 11, 10, 5, 7]);
successor = array2d(1..3, 1..11, [2, 3, 4, 5, 6, 10, 11, 1, 7, 9, 8, 2, 4, 6, 3, 10, 5, 11, 1, 7, 9, 8, 2, 3, 6, 1, 10, 5, 11, 4, 7, 9, 8]);
vehicle = array1d(1..11, [1, 1, 1, 1, 1, 1, 2, 1, 2, 1, 2]);
----------
arrivalTime = array2d(1..3, 1..11, [5, 13, 22, 49, 29, 37, 7, 0, 0, 55, 18, 5, 13, 22, 31, 41, 51, 7, 0, 0, 60, 18, 10, 18, 30, 3, 37, 45, 7, 0, 0, 54, 18]);
objective = 393;
predecessor = array2d(1..3, 1..11, [8, 1, 2, 6, 3, 5, 9, 11, 10, 4, 7, 8, 1, 2, 3, 4, 5, 9, 11, 10, 6, 7, 4, 1, 2, 8, 3, 5, 9, 11, 10, 6, 7]);
successor = array2d(1..3, 1..11, [2, 3, 5, 10, 6, 4, 11, 1, 7, 9, 8, 2, 3, 4, 5, 6, 10, 11, 1, 7, 9, 8, 2, 3, 5, 1, 6, 10, 11, 4, 7, 9, 8]);
vehicle = array1d(1..11, [1, 1, 1, 1, 1, 1, 2, 1, 2, 1, 2]);
----------
arrivalTime = array2d(1..3, 1..11, [5, 13, 22, 49, 29, 37, 7, 0, 0, 55, 18, 5, 13, 22, 31, 41, 51, 7, 0, 0, 60, 18, 10, 18, 30, 3, 43, 38, 7, 0, 0, 53, 18]);
objective = 391;
predecessor = array2d(1..3, 1..11, [8, 1, 2, 6, 3, 5, 9, 11, 10, 4, 7, 8, 1, 2, 3, 4, 5, 9, 11, 10, 6, 7, 4, 1, 2, 8, 6, 3, 9, 11, 10, 5, 7]);
successor = array2d(1..3, 1..11, [2, 3, 5, 10, 6, 4, 11, 1, 7, 9, 8, 2, 3, 4, 5, 6, 10, 11, 1, 7, 9, 8, 2, 3, 6, 1, 10, 5, 11, 4, 7, 9, 8]);
vehicle = array1d(1..11, [1, 1, 1, 1, 1, 1, 2, 1, 2, 1, 2]);
----------
arrivalTime = array2d(1..3, 1..11, [5, 13, 22, 49, 29, 37, 7, 0, 0, 55, 18, 5, 13, 22, 50, 37, 30, 7, 0, 0, 59, 18, 10, 18, 30, 3, 43, 38, 7, 0, 0, 53, 18]);
objective = 389;
predecessor = array2d(1..3, 1..11, [8, 1, 2, 6, 3, 5, 9, 11, 10, 4, 7, 8, 1, 2, 5, 6, 3, 9, 11, 10, 4, 7, 4, 1, 2, 8, 6, 3, 9, 11, 10, 5, 7]);
successor = array2d(1..3, 1..11, [2, 3, 5, 10, 6, 4, 11, 1, 7, 9, 8, 2, 3, 6, 10, 4, 5, 11, 1, 7, 9, 8, 2, 3, 6, 1, 10, 5, 11, 4, 7, 9, 8]);
vehicle = array1d(1..11, [1, 1, 1, 1, 1, 1, 2, 1, 2, 1, 2]);
----------
arrivalTime = array2d(1..3, 1..11, [5, 13, 22, 49, 29, 37, 7, 0, 0, 55, 18, 5, 13, 32, 23, 39, 49, 7, 0, 0, 58, 18, 10, 18, 30, 3, 43, 38, 7, 0, 0, 53, 18]);
objective = 387;
predecessor = array2d(1..3, 1..11, [8, 1, 2, 6, 3, 5, 9, 11, 10, 4, 7, 8, 1, 4, 2, 3, 5, 9, 11, 10, 6, 7, 4, 1, 2, 8, 6, 3, 9, 11, 10, 5, 7]);
successor = array2d(1..3, 1..11, [2, 3, 5, 10, 6, 4, 11, 1, 7, 9, 8, 2, 4, 5, 3, 6, 10, 11, 1, 7, 9, 8, 2, 3, 6, 1, 10, 5, 11, 4, 7, 9, 8]);
vehicle = array1d(1..11, [1, 1, 1, 1, 1, 1, 2, 1, 2, 1, 2]);
----------
arrivalTime = array2d(1..3, 1..11, [5, 13, 22, 49, 29, 37, 7, 0, 0, 55, 18, 5, 13, 32, 23, 47, 40, 7, 0, 0, 57, 18, 10, 18, 30, 3, 43, 38, 7, 0, 0, 53, 18]);
objective = 385;
predecessor = array2d(1..3, 1..11, [8, 1, 2, 6, 3, 5, 9, 11, 10, 4, 7, 8, 1, 4, 2, 6, 3, 9, 11, 10, 5, 7, 4, 1, 2, 8, 6, 3, 9, 11, 10, 5, 7]);
successor = array2d(1..3, 1..11, [2, 3, 5, 10, 6, 4, 11, 1, 7, 9, 8, 2, 4, 6, 3, 10, 5, 11, 1, 7, 9, 8, 2, 3, 6, 1, 10, 5, 11, 4, 7, 9, 8]);
vehicle = array1d(1..11, [1, 1, 1, 1, 1, 1, 2, 1, 2, 1, 2]);
----------
arrivalTime = array2d(1..3, 1..11, [5, 13, 22, 48, 35, 30, 7, 0, 0, 54, 18, 5, 13, 32, 23, 39, 49, 7, 0, 0, 58, 18, 10, 18, 30, 3, 43, 38, 7, 0, 0, 53, 18]);
objective = 384;
predecessor = array2d(1..3, 1..11, [8, 1, 2, 5, 6, 3, 9, 11, 10, 4, 7, 8, 1, 4, 2, 3, 5, 9, 11, 10, 6, 7, 4, 1, 2, 8, 6, 3, 9, 11, 10, 5, 7]);
successor = array2d(1..3, 1..11, [2, 3, 6, 10, 4, 5, 11, 1, 7, 9, 8, 2, 4, 5, 3, 6, 10, 11, 1, 7, 9, 8, 2, 3, 6, 1, 10, 5, 11, 4, 7, 9, 8]);
vehicle = array1d(1..11, [1, 1, 1, 1, 1, 1, 2, 1, 2, 1, 2]);
----------
arrivalTime = array2d(1..3, 1..11, [5, 13, 22, 48, 35, 30, 7, 0, 0, 54, 18, 5, 13, 32, 23, 47, 40, 7, 0, 0, 57, 18, 10, 18, 30, 3, 43, 38, 7, 0, 0, 53, 18]);
objective = 382;
predecessor = array2d(1..3, 1..11, [8, 1, 2, 5, 6, 3, 9, 11, 10, 4, 7, 8, 1, 4, 2, 6, 3, 9, 11, 10, 5, 7, 4, 1, 2, 8, 6, 3, 9, 11, 10, 5, 7]);
successor = array2d(1..3, 1..11, [2, 3, 6, 10, 4, 5, 11, 1, 7, 9, 8, 2, 4, 6, 3, 10, 5, 11, 1, 7, 9, 8, 2, 3, 6, 1, 10, 5, 11, 4, 7, 9, 8]);
vehicle = array1d(1..11, [1, 1, 1, 1, 1, 1, 2, 1, 2, 1, 2]);
----------
arrivalTime = array2d(1..3, 1..11, [36, 44, 3, 29, 16, 11, 7, 0, 0, 53, 18, 5, 13, 32, 23, 39, 49, 7, 0, 0, 58, 18, 10, 18, 30, 3, 43, 38, 7, 0, 0, 53, 18]);
objective = 381;
predecessor = array2d(1..3, 1..11, [4, 1, 8, 5, 6, 3, 9, 11, 10, 2, 7, 8, 1, 4, 2, 3, 5, 9, 11, 10, 6, 7, 4, 1, 2, 8, 6, 3, 9, 11, 10, 5, 7]);
successor = array2d(1..3, 1..11, [2, 10, 6, 1, 4, 5, 11, 3, 7, 9, 8, 2, 4, 5, 3, 6, 10, 11, 1, 7, 9, 8, 2, 3, 6, 1, 10, 5, 11, 4, 7, 9, 8]);
vehicle = array1d(1..11, [1, 1, 1, 1, 1, 1, 2, 1, 2, 1, 2]);
----------
arrivalTime = array2d(1..3, 1..11, [36, 44, 3, 29, 16, 11, 7, 0, 0, 53, 18, 5, 13, 32, 23, 47, 40, 7, 0, 0, 57, 18, 10, 18, 30, 3, 43, 38, 7, 0, 0, 53, 18]);
objective = 379;
predecessor = array2d(1..3, 1..11, [4, 1, 8, 5, 6, 3, 9, 11, 10, 2, 7, 8, 1, 4, 2, 6, 3, 9, 11, 10, 5, 7, 4, 1, 2, 8, 6, 3, 9, 11, 10, 5, 7]);
successor = array2d(1..3, 1..11, [2, 10, 6, 1, 4, 5, 11, 3, 7, 9, 8, 2, 4, 6, 3, 10, 5, 11, 1, 7, 9, 8, 2, 3, 6, 1, 10, 5, 11, 4, 7, 9, 8]);
vehicle = array1d(1..11, [1, 1, 1, 1, 1, 1, 2, 1, 2, 1, 2]);
----------
arrivalTime = array2d(1..3, 1..11, [10, 18, 27, 3, 34, 42, 7, 0, 0, 51, 18, 5, 13, 22, 50, 37, 30, 7, 0, 0, 59, 18, 10, 18, 30, 3, 43, 38, 7, 0, 0, 53, 18]);
objective = 377;
predecessor = array2d(1..3, 1..11, [4, 1, 2, 8, 3, 5, 9, 11, 10, 6, 7, 8, 1, 2, 5, 6, 3, 9, 11, 10, 4, 7, 4, 1, 2, 8, 6, 3, 9, 11, 10, 5, 7]);
successor = array2d(1..3, 1..11, [2, 3, 5, 1, 6, 10, 11, 4, 7, 9, 8, 2, 3, 6, 10, 4, 5, 11, 1, 7, 9, 8, 2, 3, 6, 1, 10, 5, 11, 4, 7, 9, 8]);
vehicle = array1d(1..11, [1, 1, 1, 1, 1, 1, 2, 1, 2, 1, 2]);
----------
arrivalTime = array2d(1..3, 1..11, [10, 18, 27, 3, 34, 42, 7, 0, 0, 51, 18, 5, 13, 32, 23, 39, 49, 7, 0, 0, 58, 18, 10, 18, 30, 3, 43, 38, 7, 0, 0, 53, 18]);
objective = 375;
predecessor = array2d(1..3, 1..11, [4, 1, 2, 8, 3, 5, 9, 11, 10, 6, 7, 8, 1, 4, 2, 3, 5, 9, 11, 10, 6, 7, 4, 1, 2, 8, 6, 3, 9, 11, 10, 5, 7]);
successor = array2d(1..3, 1..11, [2, 3, 5, 1, 6, 10, 11, 4, 7, 9, 8, 2, 4, 5, 3, 6, 10, 11, 1, 7, 9, 8, 2, 3, 6, 1, 10, 5, 11, 4, 7, 9, 8]);
vehicle = array1d(1..11, [1, 1, 1, 1, 1, 1, 2, 1, 2, 1, 2]);
----------
arrivalTime = array2d(1..3, 1..11, [10, 18, 27, 3, 34, 42, 7, 0, 0, 51, 18, 5, 13, 32, 23, 47, 40, 7, 0, 0, 57, 18, 10, 18, 30, 3, 43, 38, 7, 0, 0, 53, 18]);
objective = 373;
predecessor = array2d(1..3, 1..11, [4, 1, 2, 8, 3, 5, 9, 11, 10, 6, 7, 8, 1, 4, 2, 6, 3, 9, 11, 10, 5, 7, 4, 1, 2, 8, 6, 3, 9, 11, 10, 5, 7]);
successor = array2d(1..3, 1..11, [2, 3, 5, 1, 6, 10, 11, 4, 7, 9, 8, 2, 4, 6, 3, 10, 5, 11, 1, 7, 9, 8, 2, 3, 6, 1, 10, 5, 11, 4, 7, 9, 8]);
vehicle = array1d(1..11, [1, 1, 1, 1, 1, 1, 2, 1, 2, 1, 2]);
----------
arrivalTime = array2d(1..3, 1..11, [10, 18, 27, 3, 40, 35, 7, 0, 0, 50, 18, 5, 13, 32, 23, 39, 49, 7, 0, 0, 58, 18, 10, 18, 30, 3, 43, 38, 7, 0, 0, 53, 18]);
objective = 372;
predecessor = array2d(1..3, 1..11, [4, 1, 2, 8, 6, 3, 9, 11, 10, 5, 7, 8, 1, 4, 2, 3, 5, 9, 11, 10, 6, 7, 4, 1, 2, 8, 6, 3, 9, 11, 10, 5, 7]);
successor = array2d(1..3, 1..11, [2, 3, 6, 1, 10, 5, 11, 4, 7, 9, 8, 2, 4, 5, 3, 6, 10, 11, 1, 7, 9, 8, 2, 3, 6, 1, 10, 5, 11, 4, 7, 9, 8]);
vehicle = array1d(1..11, [1, 1, 1, 1, 1, 1, 2, 1, 2, 1, 2]);
----------
arrivalTime = array2d(1..3, 1..11, [10, 18, 27, 3, 40, 35, 7, 0, 0, 50, 18, 5, 13, 32, 23, 47, 40, 7, 0, 0, 57, 18, 10, 18, 30, 3, 43, 38, 7, 0, 0, 53, 18]);
objective = 370;
predecessor = array2d(1..3, 1..11, [4, 1, 2, 8, 6, 3, 9, 11, 10, 5, 7, 8, 1, 4, 2, 6, 3, 9, 11, 10, 5, 7, 4, 1, 2, 8, 6, 3, 9, 11, 10, 5, 7]);
successor = array2d(1..3, 1..11, [2, 3, 6, 1, 10, 5, 11, 4, 7, 9, 8, 2, 4, 6, 3, 10, 5, 11, 1, 7, 9, 8, 2, 3, 6, 1, 10, 5, 11, 4, 7, 9, 8]);
vehicle = array1d(1..11, [1, 1, 1, 1, 1, 1, 2, 1, 2, 1, 2]);
----------
arrivalTime = array2d(1..3, 1..11, [5, 13, 22, 31, 41, 6, 10, 0, 0, 51, 21, 5, 13, 22, 31, 41, 6, 10, 0, 0, 51, 21, 5, 13, 25, 34, 44, 6, 10, 0, 0, 54, 21]);
objective = 363;
predecessor = array2d(1..3, 1..11, [8, 1, 2, 3, 4, 9, 6, 11, 10, 5, 7, 8, 1, 2, 3, 4, 9, 6, 11, 10, 5, 7, 8, 1, 2, 3, 4, 9, 6, 11, 10, 5, 7]);
successor = array2d(1..3, 1..11, [2, 3, 4, 5, 10, 7, 11, 1, 6, 9, 8, 2, 3, 4, 5, 10, 7, 11, 1, 6, 9, 8, 2, 3, 4, 5, 10, 7, 11, 1, 6, 9, 8]);
vehicle = array1d(1..11, [1, 1, 1, 1, 1, 2, 2, 1, 2, 1, 2]);
----------
arrivalTime = array2d(1..3, 1..11, [5, 13, 22, 31, 41, 6, 10, 0, 0, 51, 21, 5, 13, 22, 31, 41, 6, 10, 0, 0, 51, 21, 5, 13, 25, 45, 32, 6, 10, 0, 0, 51, 21]);
objective = 357;
predecessor = array2d(1..3, 1..11, [8, 1, 2, 3, 4, 9, 6, 11, 10, 5, 7, 8, 1, 2, 3, 4, 9, 6, 11, 10, 5, 7, 8, 1, 2, 5, 3, 9, 6, 11, 10, 4, 7]);
successor = array2d(1..3, 1..11, [2, 3, 4, 5, 10, 7, 11, 1, 6, 9, 8, 2, 3, 4, 5, 10, 7, 11, 1, 6, 9, 8, 2, 3, 5, 10, 4, 7, 11, 1, 6, 9, 8]);
vehicle = array1d(1..11, [1, 1, 1, 1, 1, 2, 2, 1, 2, 1, 2]);
----------
arrivalTime = array2d(1..3, 1..11, [5, 13, 22, 31, 41, 6, 10, 0, 0, 51, 21, 5, 13, 22, 31, 41, 6, 10, 0, 0, 51, 21, 5, 13, 32, 23, 39, 6, 10, 0, 0, 49, 21]);
objective = 353;
predecessor = array2d(1..3, 1..11, [8, 1, 2, 3, 4, 9, 6, 11, 10, 5, 7, 8, 1, 2, 3, 4, 9, 6, 11, 10, 5, 7, 8, 1, 4, 2, 3, 9, 6, 11, 10, 5, 7]);
successor = array2d(1..3, 1..11, [2, 3, 4, 5, 10, 7, 11, 1, 6, 9, 8, 2, 3, 4, 5, 10, 7, 11, 1, 6, 9, 8, 2, 4, 5, 3, 10, 7, 11, 1, 6, 9, 8]);
vehicle = array1d(1..11, [1, 1, 1, 1, 1, 2, 2, 1, 2, 1, 2]);
----------
arrivalTime = array2d(1..3, 1..11, [5, 13, 22, 31, 41, 6, 10, 0, 0, 51, 21, 5, 13, 22, 31, 41, 6, 10, 0, 0, 51, 21, 10, 18, 30, 3, 37, 6, 10, 0, 0, 47, 21]);
objective = 349;
predecessor = array2d(1..3, 1..11, [8, 1, 2, 3, 4, 9, 6, 11, 10, 5, 7, 8, 1, 2, 3, 4, 9, 6, 11, 10, 5, 7, 4, 1, 2, 8, 3, 9, 6, 11, 10, 5, 7]);
successor = array2d(1..3, 1..11, [2, 3, 4, 5, 10, 7, 11, 1, 6, 9, 8, 2, 3, 4, 5, 10, 7, 11, 1, 6, 9, 8, 2, 3, 5, 1, 10, 7, 11, 4, 6, 9, 8]);
vehicle = array1d(1..11, [1, 1, 1, 1, 1, 2, 2, 1, 2, 1, 2]);
----------
arrivalTime = array2d(1..3, 1..11, [5, 13, 22, 31, 41, 6, 10, 0, 0, 51, 21, 5, 13, 32, 23, 39, 6, 10, 0, 0, 49, 21, 10, 18, 30, 3, 37, 6, 10, 0, 0, 47, 21]);
objective = 345;
predecessor = array2d(1..3, 1..11, [8, 1, 2, 3, 4, 9, 6, 11, 10, 5, 7, 8, 1, 4, 2, 3, 9, 6, 11, 10, 5, 7, 4, 1, 2, 8, 3, 9, 6, 11, 10, 5, 7]);
successor = array2d(1..3, 1..11, [2, 3, 4, 5, 10, 7, 11, 1, 6, 9, 8, 2, 4, 5, 3, 10, 7, 11, 1, 6, 9, 8, 2, 3, 5, 1, 10, 7, 11, 4, 6, 9, 8]);
vehicle = array1d(1..11, [1, 1, 1, 1, 1, 2, 2, 1, 2, 1, 2]);
----------
arrivalTime = array2d(1..3, 1..11, [5, 13, 22, 42, 29, 6, 10, 0, 0, 48, 21, 5, 13, 22, 31, 41, 6, 10, 0, 0, 51, 21, 5, 13, 32, 23, 39, 6, 10, 0, 0, 49, 21]);
objective = 344;
predecessor = array2d(1..3, 1..11, [8, 1, 2, 5, 3, 9, 6, 11, 10, 4, 7, 8, 1, 2, 3, 4, 9, 6, 11, 10, 5, 7, 8, 1, 4, 2, 3, 9, 6, 11, 10, 5, 7]);
successor = array2d(1..3, 1..11, [2, 3, 5, 10, 4, 7, 11, 1, 6, 9, 8, 2, 3, 4, 5, 10, 7, 11, 1, 6, 9, 8, 2, 4, 5, 3, 10, 7, 11, 1, 6, 9, 8]);
vehicle = array1d(1..11, [1, 1, 1, 1, 1, 2, 2, 1, 2, 1, 2]);
----------
arrivalTime = array2d(1..3, 1..11, [5, 13, 22, 42, 29, 6, 10, 0, 0, 48, 21, 5, 13, 22, 31, 41, 6, 10, 0, 0, 51, 21, 10, 18, 30, 3, 37, 6, 10, 0, 0, 47, 21]);
objective = 340;
predecessor = array2d(1..3, 1..11, [8, 1, 2, 5, 3, 9, 6, 11, 10, 4, 7, 8, 1, 2, 3, 4, 9, 6, 11, 10, 5, 7, 4, 1, 2, 8, 3, 9, 6, 11, 10, 5, 7]);
successor = array2d(1..3, 1..11, [2, 3, 5, 10, 4, 7, 11, 1, 6, 9, 8, 2, 3, 4, 5, 10, 7, 11, 1, 6, 9, 8, 2, 3, 5, 1, 10, 7, 11, 4, 6, 9, 8]);
vehicle = array1d(1..11, [1, 1, 1, 1, 1, 2, 2, 1, 2, 1, 2]);
----------
arrivalTime = array2d(1..3, 1..11, [5, 13, 22, 42, 29, 6, 10, 0, 0, 48, 21, 5, 13, 32, 23, 39, 6, 10, 0, 0, 49, 21, 10, 18, 30, 3, 37, 6, 10, 0, 0, 47, 21]);
objective = 336;
predecessor = array2d(1..3, 1..11, [8, 1, 2, 5, 3, 9, 6, 11, 10, 4, 7, 8, 1, 4, 2, 3, 9, 6, 11, 10, 5, 7, 4, 1, 2, 8, 3, 9, 6, 11, 10, 5, 7]);
successor = array2d(1..3, 1..11, [2, 3, 5, 10, 4, 7, 11, 1, 6, 9, 8, 2, 4, 5, 3, 10, 7, 11, 1, 6, 9, 8, 2, 3, 5, 1, 10, 7, 11, 4, 6, 9, 8]);
vehicle = array1d(1..11, [1, 1, 1, 1, 1, 2, 2, 1, 2, 1, 2]);
----------
arrivalTime = array2d(1..3, 1..11, [30, 38, 3, 23, 10, 6, 10, 0, 0, 47, 21, 5, 13, 32, 23, 39, 6, 10, 0, 0, 49, 21, 10, 18, 30, 3, 37, 6, 10, 0, 0, 47, 21]);
objective = 333;
predecessor = array2d(1..3, 1..11, [4, 1, 8, 5, 3, 9, 6, 11, 10, 2, 7, 8, 1, 4, 2, 3, 9, 6, 11, 10, 5, 7, 4, 1, 2, 8, 3, 9, 6, 11, 10, 5, 7]);
successor = array2d(1..3, 1..11, [2, 10, 5, 1, 4, 7, 11, 3, 6, 9, 8, 2, 4, 5, 3, 10, 7, 11, 1, 6, 9, 8, 2, 3, 5, 1, 10, 7, 11, 4, 6, 9, 8]);
vehicle = array1d(1..11, [1, 1, 1, 1, 1, 2, 2, 1, 2, 1, 2]);
----------
arrivalTime = array2d(1..3, 1..11, [10, 18, 27, 3, 34, 6, 10, 0, 0, 44, 21, 5, 13, 22, 31, 41, 6, 10, 0, 0, 51, 21, 5, 13, 32, 23, 39, 6, 10, 0, 0, 49, 21]);
objective = 332;
predecessor = array2d(1..3, 1..11, [4, 1, 2, 8, 3, 9, 6, 11, 10, 5, 7, 8, 1, 2, 3, 4, 9, 6, 11, 10, 5, 7, 8, 1, 4, 2, 3, 9, 6, 11, 10, 5, 7]);
successor = array2d(1..3, 1..11, [2, 3, 5, 1, 10, 7, 11, 4, 6, 9, 8, 2, 3, 4, 5, 10, 7, 11, 1, 6, 9, 8, 2, 4, 5, 3, 10, 7, 11, 1, 6, 9, 8]);
vehicle = array1d(1..11, [1, 1, 1, 1, 1, 2, 2, 1, 2, 1, 2]);
----------
arrivalTime = array2d(1..3, 1..11, [10, 18, 27, 3, 34, 6, 10, 0, 0, 44, 21, 5, 13, 22, 31, 41, 6, 10, 0, 0, 51, 21, 10, 18, 30, 3, 37, 6, 10, 0, 0, 47, 21]);
objective = 328;
predecessor = array2d(1..3, 1..11, [4, 1, 2, 8, 3, 9, 6, 11, 10, 5, 7, 8, 1, 2, 3, 4, 9, 6, 11, 10, 5, 7, 4, 1, 2, 8, 3, 9, 6, 11, 10, 5, 7]);
successor = array2d(1..3, 1..11, [2, 3, 5, 1, 10, 7, 11, 4, 6, 9, 8, 2, 3, 4, 5, 10, 7, 11, 1, 6, 9, 8, 2, 3, 5, 1, 10, 7, 11, 4, 6, 9, 8]);
vehicle = array1d(1..11, [1, 1, 1, 1, 1, 2, 2, 1, 2, 1, 2]);
----------
arrivalTime = array2d(1..3, 1..11, [10, 18, 27, 3, 34, 6, 10, 0, 0, 44, 21, 5, 13, 32, 23, 39, 6, 10, 0, 0, 49, 21, 10, 18, 30, 3, 37, 6, 10, 0, 0, 47, 21]);
objective = 324;
predecessor = array2d(1..3, 1..11, [4, 1, 2, 8, 3, 9, 6, 11, 10, 5, 7, 8, 1, 4, 2, 3, 9, 6, 11, 10, 5, 7, 4, 1, 2, 8, 3, 9, 6, 11, 10, 5, 7]);
successor = array2d(1..3, 1..11, [2, 3, 5, 1, 10, 7, 11, 4, 6, 9, 8, 2, 4, 5, 3, 10, 7, 11, 1, 6, 9, 8, 2, 3, 5, 1, 10, 7, 11, 4, 6, 9, 8]);
vehicle = array1d(1..11, [1, 1, 1, 1, 1, 2, 2, 1, 2, 1, 2]);
----------
arrivalTime = array2d(1..3, 1..11, [5, 13, 22, 31, 4, 12, 16, 0, 0, 37, 27, 5, 13, 22, 31, 4, 14, 18, 0, 0, 40, 29, 5, 13, 25, 34, 4, 12, 16, 0, 0, 40, 27]);
objective = 271;
predecessor = array2d(1..3, 1..11, [8, 1, 2, 3, 9, 5, 6, 11, 10, 4, 7, 8, 1, 2, 3, 9, 5, 6, 11, 10, 4, 7, 8, 1, 2, 3, 9, 5, 6, 11, 10, 4, 7]);
successor = array2d(1..3, 1..11, [2, 3, 4, 10, 6, 7, 11, 1, 5, 9, 8, 2, 3, 4, 10, 6, 7, 11, 1, 5, 9, 8, 2, 3, 4, 10, 6, 7, 11, 1, 5, 9, 8]);
vehicle = array1d(1..11, [1, 1, 1, 1, 2, 2, 2, 1, 2, 1, 2]);
----------
arrivalTime = array2d(1..3, 1..11, [5, 13, 22, 31, 4, 12, 16, 0, 0, 37, 27, 5, 13, 22, 31, 4, 14, 18, 0, 0, 40, 29, 10, 18, 30, 3, 4, 12, 16, 0, 0, 39, 27]);
objective = 269;
predecessor = array2d(1..3, 1..11, [8, 1, 2, 3, 9, 5, 6, 11, 10, 4, 7, 8, 1, 2, 3, 9, 5, 6, 11, 10, 4, 7, 4, 1, 2, 8, 9, 5, 6, 11, 10, 3, 7]);
successor = array2d(1..3, 1..11, [2, 3, 4, 10, 6, 7, 11, 1, 5, 9, 8, 2, 3, 4, 10, 6, 7, 11, 1, 5, 9, 8, 2, 3, 10, 1, 6, 7, 11, 4, 5, 9, 8]);
vehicle = array1d(1..11, [1, 1, 1, 1, 2, 2, 2, 1, 2, 1, 2]);
----------
arrivalTime = array2d(1..3, 1..11, [5, 13, 22, 31, 4, 12, 16, 0, 0, 37, 27, 5, 13, 32, 23, 4, 14, 18, 0, 0, 38, 29, 5, 13, 25, 34, 4, 12, 16, 0, 0, 40, 27]);
objective = 267;
predecessor = array2d(1..3, 1..11, [8, 1, 2, 3, 9, 5, 6, 11, 10, 4, 7, 8, 1, 4, 2, 9, 5, 6, 11, 10, 3, 7, 8, 1, 2, 3, 9, 5, 6, 11, 10, 4, 7]);
successor = array2d(1..3, 1..11, [2, 3, 4, 10, 6, 7, 11, 1, 5, 9, 8, 2, 4, 10, 3, 6, 7, 11, 1, 5, 9, 8, 2, 3, 4, 10, 6, 7, 11, 1, 5, 9, 8]);
vehicle = array1d(1..11, [1, 1, 1, 1, 2, 2, 2, 1, 2, 1, 2]);
----------
arrivalTime = array2d(1..3, 1..11, [5, 13, 22, 31, 4, 12, 16, 0, 0, 37, 27, 5, 13, 32, 23, 4, 14, 18, 0, 0, 38, 29, 10, 18, 30, 3, 4, 12, 16, 0, 0, 39, 27]);
objective = 265;
predecessor = array2d(1..3, 1..11, [8, 1, 2, 3, 9, 5, 6, 11, 10, 4, 7, 8, 1, 4, 2, 9, 5, 6, 11, 10, 3, 7, 4, 1, 2, 8, 9, 5, 6, 11, 10, 3, 7]);
successor = array2d(1..3, 1..11, [2, 3, 4, 10, 6, 7, 11, 1, 5, 9, 8, 2, 4, 10, 3, 6, 7, 11, 1, 5, 9, 8, 2, 3, 10, 1, 6, 7, 11, 4, 5, 9, 8]);
vehicle = array1d(1..11, [1, 1, 1, 1, 2, 2, 2, 1, 2, 1, 2]);
----------
arrivalTime = array2d(1..3, 1..11, [19, 27, 3, 12, 4, 12, 16, 0, 0, 36, 27, 5, 13, 32, 23, 4, 14, 18, 0, 0, 38, 29, 5, 13, 25, 34, 4, 12, 16, 0, 0, 40, 27]);
objective = 264;
predecessor = array2d(1..3, 1..11, [4, 1, 8, 3, 9, 5, 6, 11, 10, 2, 7, 8, 1, 4, 2, 9, 5, 6, 11, 10, 3, 7, 8, 1, 2, 3, 9, 5, 6, 11, 10, 4, 7]);
successor = array2d(1..3, 1..11, [2, 10, 4, 1, 6, 7, 11, 3, 5, 9, 8, 2, 4, 10, 3, 6, 7, 11, 1, 5, 9, 8, 2, 3, 4, 10, 6, 7, 11, 1, 5, 9, 8]);
vehicle = array1d(1..11, [1, 1, 1, 1, 2, 2, 2, 1, 2, 1, 2]);
----------
arrivalTime = array2d(1..3, 1..11, [19, 27, 3, 12, 4, 12, 16, 0, 0, 36, 27, 5, 13, 32, 23, 4, 14, 18, 0, 0, 38, 29, 10, 18, 30, 3, 4, 12, 16, 0, 0, 39, 27]);
objective = 262;
predecessor = array2d(1..3, 1..11, [4, 1, 8, 3, 9, 5, 6, 11, 10, 2, 7, 8, 1, 4, 2, 9, 5, 6, 11, 10, 3, 7, 4, 1, 2, 8, 9, 5, 6, 11, 10, 3, 7]);
successor = array2d(1..3, 1..11, [2, 10, 4, 1, 6, 7, 11, 3, 5, 9, 8, 2, 4, 10, 3, 6, 7, 11, 1, 5, 9, 8, 2, 3, 10, 1, 6, 7, 11, 4, 5, 9, 8]);
vehicle = array1d(1..11, [1, 1, 1, 1, 2, 2, 2, 1, 2, 1, 2]);
----------
arrivalTime = array2d(1..3, 1..11, [10, 18, 27, 3, 4, 12, 16, 0, 0, 33, 27, 5, 13, 22, 31, 4, 14, 18, 0, 0, 40, 29, 5, 13, 25, 34, 4, 12, 16, 0, 0, 40, 27]);
objective = 259;
predecessor = array2d(1..3, 1..11, [4, 1, 2, 8, 9, 5, 6, 11, 10, 3, 7, 8, 1, 2, 3, 9, 5, 6, 11, 10, 4, 7, 8, 1, 2, 3, 9, 5, 6, 11, 10, 4, 7]);
successor = array2d(1..3, 1..11, [2, 3, 10, 1, 6, 7, 11, 4, 5, 9, 8, 2, 3, 4, 10, 6, 7, 11, 1, 5, 9, 8, 2, 3, 4, 10, 6, 7, 11, 1, 5, 9, 8]);
vehicle = array1d(1..11, [1, 1, 1, 1, 2, 2, 2, 1, 2, 1, 2]);
----------
arrivalTime = array2d(1..3, 1..11, [10, 18, 27, 3, 4, 12, 16, 0, 0, 33, 27, 5, 13, 22, 31, 4, 14, 18, 0, 0, 40, 29, 10, 18, 30, 3, 4, 12, 16, 0, 0, 39, 27]);
objective = 257;
predecessor = array2d(1..3, 1..11, [4, 1, 2, 8, 9, 5, 6, 11, 10, 3, 7, 8, 1, 2, 3, 9, 5, 6, 11, 10, 4, 7, 4, 1, 2, 8, 9, 5, 6, 11, 10, 3, 7]);
successor = array2d(1..3, 1..11, [2, 3, 10, 1, 6, 7, 11, 4, 5, 9, 8, 2, 3, 4, 10, 6, 7, 11, 1, 5, 9, 8, 2, 3, 10, 1, 6, 7, 11, 4, 5, 9, 8]);
vehicle = array1d(1..11, [1, 1, 1, 1, 2, 2, 2, 1, 2, 1, 2]);
----------
arrivalTime = array2d(1..3, 1..11, [10, 18, 27, 3, 4, 12, 16, 0, 0, 33, 27, 5, 13, 32, 23, 4, 14, 18, 0, 0, 38, 29, 5, 13, 25, 34, 4, 12, 16, 0, 0, 40, 27]);
objective = 255;
predecessor = array2d(1..3, 1..11, [4, 1, 2, 8, 9, 5, 6, 11, 10, 3, 7, 8, 1, 4, 2, 9, 5, 6, 11, 10, 3, 7, 8, 1, 2, 3, 9, 5, 6, 11, 10, 4, 7]);
successor = array2d(1..3, 1..11, [2, 3, 10, 1, 6, 7, 11, 4, 5, 9, 8, 2, 4, 10, 3, 6, 7, 11, 1, 5, 9, 8, 2, 3, 4, 10, 6, 7, 11, 1, 5, 9, 8]);
vehicle = array1d(1..11, [1, 1, 1, 1, 2, 2, 2, 1, 2, 1, 2]);
----------
arrivalTime = array2d(1..3, 1..11, [10, 18, 27, 3, 4, 12, 16, 0, 0, 33, 27, 5, 13, 32, 23, 4, 14, 18, 0, 0, 38, 29, 10, 18, 30, 3, 4, 12, 16, 0, 0, 39, 27]);
objective = 253;
predecessor = array2d(1..3, 1..11, [4, 1, 2, 8, 9, 5, 6, 11, 10, 3, 7, 8, 1, 4, 2, 9, 5, 6, 11, 10, 3, 7, 4, 1, 2, 8, 9, 5, 6, 11, 10, 3, 7]);
successor = array2d(1..3, 1..11, [2, 3, 10, 1, 6, 7, 11, 4, 5, 9, 8, 2, 4, 10, 3, 6, 7, 11, 1, 5, 9, 8, 2, 3, 10, 1, 6, 7, 11, 4, 5, 9, 8]);
vehicle = array1d(1..11, [1, 1, 1, 1, 2, 2, 2, 1, 2, 1, 2]);
----------
arrivalTime = array2d(1..3, 1..11, [5, 13, 3, 23, 10, 18, 22, 0, 0, 29, 33, 5, 13, 3, 23, 10, 20, 24, 0, 0, 32, 35, 5, 13, 6, 23, 13, 21, 25, 0, 0, 29, 36]);
objective = 241;
predecessor = array2d(1..3, 1..11, [8, 1, 9, 2, 3, 5, 6, 11, 10, 4, 7, 8, 1, 9, 2, 3, 5, 6, 11, 10, 4, 7, 8, 1, 9, 2, 3, 5, 6, 11, 10, 4, 7]);
successor = array2d(1..3, 1..11, [2, 4, 5, 10, 6, 7, 11, 1, 3, 9, 8, 2, 4, 5, 10, 6, 7, 11, 1, 3, 9, 8, 2, 4, 5, 10, 6, 7, 11, 1, 3, 9, 8]);
vehicle = array1d(1..11, [1, 1, 2, 1, 2, 2, 2, 1, 2, 1, 2]);
----------
arrivalTime = array2d(1..3, 1..11, [5, 13, 3, 23, 10, 18, 22, 0, 0, 29, 33, 5, 13, 3, 23, 10, 20, 24, 0, 0, 32, 35, 5, 13, 6, 23, 25, 14, 18, 0, 0, 29, 35]);
objective = 239;
predecessor = array2d(1..3, 1..11, [8, 1, 9, 2, 3, 5, 6, 11, 10, 4, 7, 8, 1, 9, 2, 3, 5, 6, 11, 10, 4, 7, 8, 1, 9, 2, 7, 3, 6, 11, 10, 4, 5]);
successor = array2d(1..3, 1..11, [2, 4, 5, 10, 6, 7, 11, 1, 3, 9, 8, 2, 4, 5, 10, 6, 7, 11, 1, 3, 9, 8, 2, 4, 6, 10, 11, 7, 5, 1, 3, 9, 8]);
vehicle = array1d(1..11, [1, 1, 2, 1, 2, 2, 2, 1, 2, 1, 2]);
----------
arrivalTime = array2d(1..3, 1..11, [5, 13, 3, 23, 10, 18, 22, 0, 0, 29, 33, 5, 13, 3, 23, 10, 24, 19, 0, 0, 32, 33, 5, 13, 6, 23, 13, 21, 25, 0, 0, 29, 36]);
objective = 237;
predecessor = array2d(1..3, 1..11, [8, 1, 9, 2, 3, 5, 6, 11, 10, 4, 7, 8, 1, 9, 2, 3, 7, 5, 11, 10, 4, 6, 8, 1, 9, 2, 3, 5, 6, 11, 10, 4, 7]);
successor = array2d(1..3, 1..11, [2, 4, 5, 10, 6, 7, 11, 1, 3, 9, 8, 2, 4, 5, 10, 7, 11, 6, 1, 3, 9, 8, 2, 4, 5, 10, 6, 7, 11, 1, 3, 9, 8]);
vehicle = array1d(1..11, [1, 1, 2, 1, 2, 2, 2, 1, 2, 1, 2]);
----------
arrivalTime = array2d(1..3, 1..11, [5, 13, 3, 23, 10, 18, 22, 0, 0, 29, 33, 5, 13, 3, 23, 10, 24, 19, 0, 0, 32, 33, 5, 13, 6, 23, 25, 14, 18, 0, 0, 29, 35]);
objective = 235;
predecessor = array2d(1..3, 1..11, [8, 1, 9, 2, 3, 5, 6, 11, 10, 4, 7, 8, 1, 9, 2, 3, 7, 5, 11, 10, 4, 6, 8, 1, 9, 2, 7, 3, 6, 11, 10, 4, 5]);
successor = array2d(1..3, 1..11, [2, 4, 5, 10, 6, 7, 11, 1, 3, 9, 8, 2, 4, 5, 10, 7, 11, 6, 1, 3, 9, 8, 2, 4, 6, 10, 11, 7, 5, 1, 3, 9, 8]);
vehicle = array1d(1..11, [1, 1, 2, 1, 2, 2, 2, 1, 2, 1, 2]);
----------
arrivalTime = array2d(1..3, 1..11, [5, 13, 3, 23, 10, 18, 22, 0, 0, 29, 33, 5, 13, 3, 23, 22, 11, 15, 0, 0, 32, 32, 5, 13, 6, 23, 25, 14, 18, 0, 0, 29, 35]);
objective = 233;
predecessor = array2d(1..3, 1..11, [8, 1, 9, 2, 3, 5, 6, 11, 10, 4, 7, 8, 1, 9, 2, 7, 3, 6, 11, 10, 4, 5, 8, 1, 9, 2, 7, 3, 6, 11, 10, 4, 5]);
successor = array2d(1..3, 1..11, [2, 4, 5, 10, 6, 7, 11, 1, 3, 9, 8, 2, 4, 6, 10, 11, 7, 5, 1, 3, 9, 8, 2, 4, 6, 10, 11, 7, 5, 1, 3, 9, 8]);
vehicle = array1d(1..11, [1, 1, 2, 1, 2, 2, 2, 1, 2, 1, 2]);
----------
arrivalTime = array2d(1..3, 1..11, [5, 13, 3, 23, 22, 11, 15, 0, 0, 29, 32, 5, 13, 3, 23, 10, 24, 19, 0, 0, 32, 33, 5, 13, 6, 23, 25, 14, 18, 0, 0, 29, 35]);
objective = 232;
predecessor = array2d(1..3, 1..11, [8, 1, 9, 2, 7, 3, 6, 11, 10, 4, 5, 8, 1, 9, 2, 3, 7, 5, 11, 10, 4, 6, 8, 1, 9, 2, 7, 3, 6, 11, 10, 4, 5]);
successor = array2d(1..3, 1..11, [2, 4, 6, 10, 11, 7, 5, 1, 3, 9, 8, 2, 4, 5, 10, 7, 11, 6, 1, 3, 9, 8, 2, 4, 6, 10, 11, 7, 5, 1, 3, 9, 8]);
vehicle = array1d(1..11, [1, 1, 2, 1, 2, 2, 2, 1, 2, 1, 2]);
----------
arrivalTime = array2d(1..3, 1..11, [5, 13, 3, 23, 22, 11, 15, 0, 0, 29, 32, 5, 13, 3, 23, 22, 11, 15, 0, 0, 32, 32, 5, 13, 6, 23, 25, 14, 18, 0, 0, 29, 35]);
objective = 230;
predecessor = array2d(1..3, 1..11, [8, 1, 9, 2, 7, 3, 6, 11, 10, 4, 5, 8, 1, 9, 2, 7, 3, 6, 11, 10, 4, 5, 8, 1, 9, 2, 7, 3, 6, 11, 10, 4, 5]);
successor = array2d(1..3, 1..11, [2, 4, 6, 10, 11, 7, 5, 1, 3, 9, 8, 2, 4, 6, 10, 11, 7, 5, 1, 3, 9, 8, 2, 4, 6, 10, 11, 7, 5, 1, 3, 9, 8]);
vehicle = array1d(1..11, [1, 1, 2, 1, 2, 2, 2, 1, 2, 1, 2]);
----------
==========
