mznc2017_probs/cargo/challenge19_31058f_2548.dzn
dT__ = array1d(1..85, [10, 10, 11, 11, 11, 11, 10, 10, 11, 6, 7, 6, 7, 6, 6, 5, 5, 6, 6, 8, 4, 4, 4, 6, 6, 6, 6, 6, 7, 8, 8, 6, 6, 6, 6, 13, 7, 8, 8, 6, 6, 6, 7, 6, 5, 6, 7, 4, 6, 4, 7, 8, 4, 6, 5, 6, 6, 6, 8, 7, 8, 10, 10, 7, 8, 8, 6, 9, 9, 6, 7, 10, 7, 6, 6, 7, 11, 8, 10, 9, 6, 6, 6, 7, 6]);
h__ = array1d(1..85, [0, 75, 270, 566, 737, 972, 1246, 1405, 1456, 0, 316, 495, 649, 951, 1069, 1283, 1557, 495, 0, 293, 536, 775, 847, 948, 1262, 1428, 1489, 1676, 536, 642, 0, 945, 1094, 261, 1256, 1721, 1545, 482, 594, 676, 764, 0, 856, 1067, 1126, 229, 1442, 0, 318, 416, 1744, 675, 981, 1280, 0, 285, 1394, 1537, 415, 981, 559, 1673, 1198, 0, 663, 1230, 235, 1519, 1602, 501, 922, 1062, 0, 1188, 210, 1507, 1697, 364, 817, 883, 0, 44, 1023, 485, 1134]);
objective = 140121;
tR = array1d(1..85, [16766, 17695, 17729, 18474, 19117, 19493, 21787, 22842, 23711, 27360, 28545, 27360, 27940, 29497, 30240, 30962, 31348, 36000, 36155, 40320, 34560, 35458, 34560, 38880, 40320, 40946, 41760, 40952, 45384, 46083, 47520, 47520, 48082, 48960, 50400, 51485, 51721, 56160, 57600, 54720, 54720, 56160, 57022, 56582, 57814, 57909, 61468, 61920, 62715, 63360, 64334, 69120, 64800, 65924, 69191, 70560, 70560, 71107, 74880, 75422, 74880, 77339, 79205, 79583, 80465, 82135, 83520, 84518, 83942, 89280, 85590, 89306, 89781, 90720, 91695, 92970, 93686, 94719, 96718, 97558, 98084, 98252, 97945, 98362, 99360]);
tS__ = array1d(1..85, [2, 3, 3, 3, 3, 4, 6, 6, 7, 14, 14, 14, 14, 15, 16, 18, 18, 20, 20, 21, 21, 21, 21, 22, 23, 23, 24, 23, 25, 25, 26, 28, 28, 29, 30, 23, 30, 32, 33, 33, 33, 34, 34, 34, 36, 35, 37, 40, 38, 41, 38, 41, 42, 41, 44, 44, 44, 44, 45, 46, 45, 44, 46, 49, 49, 50, 53, 50, 50, 57, 53, 53, 56, 58, 59, 59, 55, 59, 58, 60, 63, 63, 63, 63, 64]);
----------
dT__ = array1d(1..85, [10, 10, 11, 11, 11, 11, 10, 10, 11, 6, 7, 6, 7, 6, 6, 5, 5, 6, 6, 8, 4, 4, 4, 6, 6, 6, 6, 6, 7, 8, 8, 6, 6, 6, 6, 13, 7, 8, 8, 6, 6, 6, 7, 6, 5, 6, 7, 4, 6, 4, 7, 8, 4, 6, 5, 6, 6, 6, 8, 7, 8, 10, 10, 7, 8, 8, 6, 9, 9, 6, 4, 9, 5, 7, 7, 7, 7, 8, 9, 8, 10, 6, 6, 6, 6]);
h__ = array1d(1..85, [0, 75, 270, 566, 737, 972, 1246, 1405, 1456, 0, 316, 495, 649, 951, 1069, 1283, 1557, 495, 0, 293, 536, 775, 847, 948, 1262, 1428, 1489, 1676, 536, 642, 0, 945, 1094, 261, 1256, 1721, 1545, 482, 594, 676, 764, 0, 856, 1067, 1126, 229, 1442, 0, 318, 416, 1744, 675, 981, 1280, 0, 285, 1394, 1537, 415, 981, 559, 1673, 1198, 0, 663, 1230, 235, 1519, 1602, 501, 0, 1667, 1136, 817, 1346, 140, 330, 1500, 403, 0, 1621, 469, 548, 659, 1136]);
objective = 139972;
tR = array1d(1..85, [16766, 17695, 17729, 18474, 19117, 19493, 21787, 22842, 23711, 27360, 28545, 27360, 27940, 29497, 30240, 30962, 31348, 36000, 36155, 40320, 34560, 35458, 34560, 38880, 40320, 40946, 41760, 40952, 45384, 46083, 47520, 47520, 48082, 48960, 50400, 51485, 51721, 56160, 57600, 54720, 54720, 56160, 57022, 56582, 57814, 57909, 61468, 61920, 62715, 63360, 64334, 69120, 64800, 65924, 69191, 70560, 70560, 71107, 74880, 75422, 74880, 77339, 79205, 79583, 80465, 82135, 83520, 84518, 83942, 89280, 85590, 89306, 89781, 90571, 91695, 92970, 93686, 94719, 96718, 97558, 98084, 98252, 98643, 99360, 98348]);
tS__ = array1d(1..85, [2, 3, 3, 3, 3, 4, 6, 6, 7, 14, 14, 14, 14, 15, 16, 18, 18, 20, 20, 21, 21, 21, 21, 22, 23, 23, 24, 23, 25, 25, 26, 28, 28, 29, 30, 23, 30, 32, 33, 33, 33, 34, 34, 34, 36, 35, 37, 40, 38, 41, 38, 41, 42, 41, 44, 44, 44, 44, 45, 46, 45, 44, 46, 49, 49, 50, 53, 50, 50, 57, 56, 54, 58, 57, 58, 59, 59, 59, 59, 61, 59, 63, 63, 64, 63]);
----------
dT__ = array1d(1..85, [10, 10, 11, 11, 11, 11, 10, 10, 11, 6, 7, 6, 7, 6, 6, 5, 5, 6, 6, 8, 4, 4, 4, 6, 6, 6, 6, 6, 7, 8, 8, 6, 6, 6, 6, 13, 7, 8, 8, 6, 6, 6, 7, 6, 5, 6, 7, 4, 6, 4, 7, 8, 4, 6, 5, 6, 6, 6, 8, 7, 8, 10, 10, 7, 8, 8, 6, 9, 9, 6, 7, 10, 5, 7, 6, 7, 11, 7, 9, 7, 11, 10, 7, 7, 6]);
h__ = array1d(1..85, [0, 75, 270, 566, 737, 972, 1246, 1405, 1456, 0, 316, 495, 649, 951, 1069, 1283, 1557, 495, 0, 293, 536, 775, 847, 948, 1262, 1428, 1489, 1676, 536, 642, 0, 945, 1094, 261, 1256, 1721, 1545, 482, 594, 676, 764, 0, 856, 1067, 1126, 229, 1442, 0, 318, 416, 1744, 675, 981, 1280, 0, 285, 1394, 1537, 415, 981, 559, 1673, 1198, 0, 663, 1230, 316, 1519, 1602, 0, 922, 1062, 1188, 582, 316, 1398, 1667, 901, 470, 0, 1740, 1588, 140, 1022, 536]);
objective = 138188;
tR = array1d(1..85, [16766, 17695, 17729, 18474, 19117, 19493, 21787, 22842, 23711, 27360, 28545, 27360, 27940, 29497, 30240, 30962, 31348, 36000, 36155, 40320, 34560, 35458, 34560, 38880, 40320, 40946, 41760, 40952, 45384, 46083, 47520, 47520, 48082, 48960, 50400, 51485, 51721, 56160, 57600, 54720, 54720, 56160, 57022, 56582, 57814, 57909, 61468, 61920, 62715, 63360, 64334, 69120, 64800, 65924, 69191, 70560, 70560, 71107, 74880, 75422, 74880, 77339, 79205, 79583, 80465, 82135, 83520, 84518, 83942, 87840, 85590, 89306, 89437, 90227, 91695, 92970, 93686, 94719, 96718, 97558, 98084, 98252, 97945, 98362, 99360]);
tS__ = array1d(1..85, [2, 3, 3, 3, 3, 4, 6, 6, 7, 14, 14, 14, 14, 15, 16, 18, 18, 20, 20, 21, 21, 21, 21, 22, 23, 23, 24, 23, 25, 25, 26, 28, 28, 29, 30, 23, 30, 32, 33, 33, 33, 34, 34, 34, 36, 35, 37, 40, 38, 41, 38, 41, 42, 41, 44, 44, 44, 44, 45, 46, 45, 44, 46, 49, 49, 50, 53, 50, 50, 56, 53, 53, 58, 57, 59, 59, 55, 60, 59, 62, 58, 59, 62, 63, 64]);
----------
dT__ = array1d(1..85, [10, 10, 11, 11, 11, 11, 10, 10, 11, 6, 7, 6, 7, 6, 6, 5, 5, 6, 6, 8, 4, 4, 4, 6, 6, 6, 6, 6, 7, 8, 8, 6, 6, 6, 6, 13, 7, 8, 8, 6, 6, 6, 7, 6, 5, 6, 7, 4, 6, 4, 7, 8, 4, 6, 5, 6, 6, 6, 8, 7, 8, 10, 10, 7, 8, 8, 6, 9, 9, 7, 6, 7, 6, 6, 6, 7, 11, 8, 9, 9, 9, 9, 9, 6, 6]);
h__ = array1d(1..85, [0, 75, 270, 566, 737, 972, 1246, 1405, 1456, 0, 316, 495, 649, 951, 1069, 1283, 1557, 495, 0, 293, 536, 775, 847, 948, 1262, 1428, 1489, 1676, 536, 642, 0, 945, 1094, 261, 1256, 1721, 1545, 482, 594, 676, 764, 0, 856, 1067, 1126, 229, 1442, 0, 318, 416, 1744, 675, 981, 1280, 0, 285, 1394, 1537, 415, 981, 559, 1673, 1198, 0, 663, 1230, 922, 235, 1519, 318, 1584, 0, 634, 1188, 126, 844, 1724, 1034, 1507, 280, 420, 464, 1573, 1155, 543]);
objective = 135098;
tR = array1d(1..85, [16766, 17695, 17729, 18474, 19117, 19493, 21787, 22842, 23711, 27360, 28545, 27360, 27940, 29497, 30240, 30962, 31348, 36000, 36155, 40320, 34560, 35458, 34560, 38880, 40320, 40946, 41760, 40952, 45384, 46083, 47520, 47520, 48082, 48960, 50400, 51485, 51721, 56160, 57600, 54720, 54720, 56160, 57022, 56582, 57814, 57909, 61468, 61920, 62715, 63360, 64334, 69120, 64800, 65924, 69191, 70560, 70560, 71107, 74880, 75422, 74880, 77339, 79205, 79583, 80465, 82135, 83520, 84518, 83942, 84257, 85590, 89306, 89630, 90720, 91695, 92970, 93686, 94719, 96718, 97558, 98084, 98252, 98643, 99360, 98348]);
tS__ = array1d(1..85, [2, 3, 3, 3, 3, 4, 6, 6, 7, 14, 14, 14, 14, 15, 16, 18, 18, 20, 20, 21, 21, 21, 21, 22, 23, 23, 24, 23, 25, 25, 26, 28, 28, 29, 30, 23, 30, 32, 33, 33, 33, 34, 34, 34, 36, 35, 37, 40, 38, 41, 38, 41, 42, 41, 44, 44, 44, 44, 45, 46, 45, 44, 46, 49, 49, 50, 53, 50, 50, 53, 54, 56, 57, 58, 59, 59, 55, 59, 59, 60, 60, 60, 60, 64, 63]);
----------
dT__ = array1d(1..85, [10, 10, 11, 11, 11, 11, 10, 10, 11, 6, 7, 6, 7, 6, 6, 5, 5, 6, 6, 8, 4, 4, 4, 6, 6, 6, 6, 6, 7, 8, 8, 6, 6, 6, 6, 13, 7, 8, 8, 6, 6, 6, 7, 6, 5, 6, 7, 4, 6, 4, 7, 8, 4, 6, 5, 6, 6, 6, 8, 7, 8, 10, 10, 7, 8, 8, 6, 9, 9, 7, 4, 9, 5, 7, 6, 7, 10, 8, 9, 9, 9, 9, 9, 6, 6]);
h__ = array1d(1..85, [0, 75, 270, 566, 737, 972, 1246, 1405, 1456, 0, 316, 495, 649, 951, 1069, 1283, 1557, 495, 0, 293, 536, 775, 847, 948, 1262, 1428, 1489, 1676, 536, 642, 0, 945, 1094, 261, 1256, 1721, 1545, 482, 594, 676, 764, 0, 856, 1067, 1126, 229, 1442, 0, 318, 416, 1744, 675, 981, 1280, 0, 285, 1394, 1537, 415, 981, 559, 1673, 1198, 0, 663, 1230, 922, 1519, 1602, 235, 0, 1667, 1188, 551, 870, 1398, 140, 1024, 1588, 0, 213, 257, 336, 447, 1145]);
objective = 134605;
tR = array1d(1..85, [16766, 17695, 17729, 18474, 19117, 19493, 21787, 22842, 23711, 27360, 28545, 27360, 27940, 29497, 30240, 30962, 31348, 36000, 36155, 40320, 34560, 35458, 34560, 38880, 40320, 40946, 41760, 40952, 45384, 46083, 47520, 47520, 48082, 48960, 50400, 51485, 51721, 56160, 57600, 54720, 54720, 56160, 57022, 56582, 57814, 57909, 61468, 61920, 62715, 63360, 64334, 69120, 64800, 65924, 69191, 70560, 70560, 71107, 74880, 75422, 74880, 77339, 79205, 79583, 80465, 82135, 83520, 84518, 83942, 84257, 85590, 89306, 89437, 90227, 91695, 92970, 93686, 94719, 96718, 97558, 98084, 98252, 98643, 99360, 98348]);
tS__ = array1d(1..85, [2, 3, 3, 3, 3, 4, 6, 6, 7, 14, 14, 14, 14, 15, 16, 18, 18, 20, 20, 21, 21, 21, 21, 22, 23, 23, 24, 23, 25, 25, 26, 28, 28, 29, 30, 23, 30, 32, 33, 33, 33, 34, 34, 34, 36, 35, 37, 40, 38, 41, 38, 41, 42, 41, 44, 44, 44, 44, 45, 46, 45, 44, 46, 49, 49, 50, 53, 50, 50, 53, 56, 54, 58, 57, 59, 59, 56, 59, 59, 60, 60, 60, 60, 64, 63]);
----------
dT__ = array1d(1..85, [10, 10, 11, 11, 11, 11, 10, 10, 11, 6, 7, 6, 7, 6, 6, 5, 5, 6, 6, 8, 4, 4, 4, 6, 6, 6, 6, 6, 7, 8, 8, 6, 6, 6, 6, 13, 7, 8, 8, 6, 6, 6, 7, 6, 5, 6, 7, 4, 6, 4, 7, 8, 4, 6, 5, 6, 6, 6, 8, 7, 8, 9, 10, 6, 7, 9, 10, 6, 9, 7, 7, 7, 5, 7, 8, 7, 8, 8, 9, 9, 9, 9, 9, 6, 6]);
h__ = array1d(1..85, [0, 75, 270, 566, 737, 972, 1246, 1405, 1456, 0, 316, 495, 649, 951, 1069, 1283, 1557, 495, 0, 293, 536, 775, 847, 948, 1262, 1428, 1489, 1676, 536, 642, 0, 945, 1094, 261, 1256, 1721, 1545, 482, 594, 676, 764, 0, 856, 1067, 1126, 229, 1442, 0, 318, 416, 1744, 675, 981, 1280, 0, 285, 1394, 1537, 415, 981, 559, 1692, 1762, 1198, 1433, 663, 0, 952, 266, 331, 1035, 1175, 647, 1301, 1620, 0, 857, 190, 930, 311, 451, 495, 996, 1107, 574]);
objective = 133986;
tR = array1d(1..85, [16766, 17695, 17729, 18474, 19117, 19493, 21787, 22842, 23711, 27360, 28545, 27360, 27940, 29497, 30240, 30962, 31348, 36000, 36155, 40320, 34560, 35458, 34560, 38880, 40320, 40946, 41760, 40952, 45384, 46083, 47520, 47520, 48082, 48960, 50400, 51485, 51721, 56160, 57600, 54720, 54720, 56160, 57022, 56582, 57814, 57909, 61468, 61920, 62715, 63360, 64334, 69120, 64800, 65924, 69191, 70560, 70560, 71107, 74880, 75422, 74880, 77339, 79205, 79583, 80465, 81816, 82901, 83899, 83942, 84257, 85590, 89306, 89437, 90227, 91695, 92970, 93686, 94719, 96718, 97558, 98084, 98252, 98643, 99360, 98348]);
tS__ = array1d(1..85, [2, 3, 3, 3, 3, 4, 6, 6, 7, 14, 14, 14, 14, 15, 16, 18, 18, 20, 20, 21, 21, 21, 21, 22, 23, 23, 24, 23, 25, 25, 26, 28, 28, 29, 30, 23, 30, 32, 33, 33, 33, 34, 34, 34, 36, 35, 37, 40, 38, 41, 38, 41, 42, 41, 44, 44, 44, 44, 45, 46, 45, 45, 46, 50, 50, 49, 49, 53, 50, 53, 53, 56, 58, 57, 57, 59, 58, 59, 59, 60, 60, 60, 60, 64, 63]);
----------
dT__ = array1d(1..85, [10, 10, 11, 11, 11, 11, 10, 10, 11, 6, 7, 6, 7, 6, 6, 5, 5, 6, 6, 8, 4, 4, 4, 6, 6, 6, 6, 6, 7, 8, 8, 6, 6, 6, 6, 13, 7, 8, 8, 6, 6, 6, 7, 6, 5, 6, 7, 4, 6, 4, 7, 8, 4, 6, 5, 6, 6, 6, 8, 6, 8, 9, 10, 7, 8, 8, 7, 9, 7, 7, 6, 7, 6, 6, 6, 7, 11, 8, 9, 9, 9, 9, 9, 6, 6]);
h__ = array1d(1..85, [0, 75, 270, 566, 737, 972, 1246, 1405, 1456, 0, 316, 495, 649, 951, 1069, 1283, 1557, 495, 0, 293, 536, 775, 847, 948, 1262, 1428, 1489, 1676, 536, 642, 0, 945, 1094, 261, 1256, 1721, 1545, 482, 594, 676, 764, 0, 856, 1067, 1126, 229, 1442, 0, 318, 416, 1744, 675, 981, 1280, 0, 285, 1394, 415, 1537, 981, 551, 1681, 1198, 0, 655, 1230, 914, 235, 1519, 318, 1584, 0, 634, 1180, 126, 844, 1724, 1034, 1499, 280, 420, 464, 1565, 1155, 543]);
objective = 133932;
tR = array1d(1..85, [16766, 17695, 17729, 18474, 19117, 19493, 21787, 22842, 23711, 27360, 28545, 27360, 27940, 29497, 30240, 30962, 31348, 36000, 36155, 40320, 34560, 35458, 34560, 38880, 40320, 40946, 41760, 40952, 45384, 46083, 47520, 47520, 48082, 48960, 50400, 51485, 51721, 56160, 57600, 54720, 54720, 56160, 57022, 56582, 57814, 57909, 61468, 61920, 62715, 63360, 64334, 69120, 64800, 65924, 69191, 70560, 70560, 72000, 73440, 73982, 74880, 77339, 79205, 79583, 80465, 81816, 82901, 83899, 83942, 84257, 85590, 89306, 89630, 90720, 91695, 92970, 93686, 94719, 96718, 97558, 98084, 98252, 98643, 99360, 98348]);
tS__ = array1d(1..85, [2, 3, 3, 3, 3, 4, 6, 6, 7, 14, 14, 14, 14, 15, 16, 18, 18, 20, 20, 21, 21, 21, 21, 22, 23, 23, 24, 23, 25, 25, 26, 28, 28, 29, 30, 23, 30, 32, 33, 33, 33, 34, 34, 34, 36, 35, 37, 40, 38, 41, 38, 41, 42, 41, 44, 44, 44, 45, 44, 46, 45, 45, 46, 49, 49, 50, 52, 50, 52, 53, 54, 56, 57, 58, 59, 59, 55, 59, 59, 60, 60, 60, 60, 64, 63]);
----------
dT__ = array1d(1..85, [10, 10, 11, 11, 11, 11, 10, 10, 11, 6, 7, 6, 7, 6, 6, 5, 5, 6, 6, 8, 4, 4, 4, 6, 6, 6, 6, 6, 7, 8, 8, 6, 6, 6, 6, 13, 7, 8, 8, 6, 6, 6, 7, 6, 5, 6, 7, 4, 6, 4, 7, 8, 4, 6, 5, 6, 6, 6, 8, 6, 8, 9, 10, 7, 8, 8, 7, 7, 7, 9, 4, 9, 5, 7, 6, 7, 10, 8, 9, 9, 9, 9, 9, 6, 6]);
h__ = array1d(1..85, [0, 75, 270, 566, 737, 972, 1246, 1405, 1456, 0, 316, 495, 649, 951, 1069, 1283, 1557, 495, 0, 293, 536, 775, 847, 948, 1262, 1428, 1489, 1676, 536, 642, 0, 945, 1094, 261, 1256, 1721, 1545, 482, 594, 676, 764, 0, 856, 1067, 1126, 229, 1442, 0, 318, 416, 1744, 675, 981, 1280, 0, 285, 1394, 415, 1537, 981, 551, 1681, 1198, 0, 655, 1230, 914, 1519, 1602, 235, 0, 1667, 1180, 551, 870, 1390, 140, 1024, 1580, 0, 213, 257, 336, 447, 1145]);
objective = 133439;
tR = array1d(1..85, [16766, 17695, 17729, 18474, 19117, 19493, 21787, 22842, 23711, 27360, 28545, 27360, 27940, 29497, 30240, 30962, 31348, 36000, 36155, 40320, 34560, 35458, 34560, 38880, 40320, 40946, 41760, 40952, 45384, 46083, 47520, 47520, 48082, 48960, 50400, 51485, 51721, 56160, 57600, 54720, 54720, 56160, 57022, 56582, 57814, 57909, 61468, 61920, 62715, 63360, 64334, 69120, 64800, 65924, 69191, 70560, 70560, 72000, 73440, 73982, 74880, 77339, 79205, 79583, 80465, 81816, 82901, 83899, 83942, 84257, 85590, 89306, 89437, 90227, 91695, 92970, 93686, 94719, 96718, 97558, 98084, 98252, 98643, 99360, 98348]);
tS__ = array1d(1..85, [2, 3, 3, 3, 3, 4, 6, 6, 7, 14, 14, 14, 14, 15, 16, 18, 18, 20, 20, 21, 21, 21, 21, 22, 23, 23, 24, 23, 25, 25, 26, 28, 28, 29, 30, 23, 30, 32, 33, 33, 33, 34, 34, 34, 36, 35, 37, 40, 38, 41, 38, 41, 42, 41, 44, 44, 44, 45, 44, 46, 45, 45, 46, 49, 49, 50, 52, 52, 52, 51, 56, 54, 58, 57, 59, 59, 56, 59, 59, 60, 60, 60, 60, 64, 63]);
----------
dT__ = array1d(1..85, [10, 10, 11, 11, 11, 11, 10, 10, 11, 6, 7, 6, 7, 6, 6, 5, 5, 6, 6, 8, 4, 4, 4, 6, 6, 6, 6, 6, 7, 8, 8, 6, 6, 6, 6, 13, 7, 8, 8, 6, 6, 6, 7, 6, 5, 6, 7, 4, 6, 4, 7, 8, 4, 6, 4, 6, 6, 6, 8, 6, 8, 9, 10, 7, 7, 7, 7, 10, 7, 8, 6, 7, 5, 7, 7, 7, 11, 7, 9, 9, 10, 9, 9, 7, 6]);
h__ = array1d(1..85, [0, 75, 270, 566, 737, 972, 1246, 1405, 1456, 0, 316, 495, 649, 951, 1069, 1283, 1557, 495, 0, 293, 536, 775, 847, 948, 1262, 1428, 1489, 1676, 536, 642, 0, 945, 1094, 261, 1256, 1721, 1545, 482, 594, 676, 764, 0, 856, 1067, 1126, 229, 1442, 0, 318, 416, 1744, 675, 981, 1280, 234, 0, 1394, 519, 1537, 981, 130, 1681, 1198, 266, 1230, 501, 0, 790, 1508, 873, 1573, 266, 392, 1189, 602, 0, 1713, 756, 190, 877, 1508, 1017, 1552, 256, 1096]);
objective = 132956;
tR = array1d(1..85, [16766, 17695, 17729, 18474, 19117, 19493, 21787, 22842, 23711, 27360, 28545, 27360, 27940, 29497, 30240, 30962, 31348, 36000, 36155, 40320, 34560, 35458, 34560, 38880, 40320, 40946, 41760, 40952, 45384, 46083, 47520, 47520, 48082, 48960, 50400, 51485, 51721, 56160, 57600, 54720, 54720, 56160, 57022, 56582, 57814, 57909, 61468, 61920, 62715, 63360, 64334, 69120, 64800, 65924, 69191, 70560, 70560, 72000, 73440, 73982, 74397, 77339, 79205, 79583, 80465, 81816, 82901, 83899, 83942, 84257, 85590, 89306, 89437, 90227, 91695, 92970, 93686, 94719, 96718, 97558, 98084, 98252, 97945, 98362, 99360]);
tS__ = array1d(1..85, [2, 3, 3, 3, 3, 4, 6, 6, 7, 14, 14, 14, 14, 15, 16, 18, 18, 20, 20, 21, 21, 21, 21, 22, 23, 23, 24, 23, 25, 25, 26, 28, 28, 29, 30, 23, 30, 32, 33, 33, 33, 34, 34, 34, 36, 35, 37, 40, 38, 41, 38, 41, 42, 41, 45, 44, 44, 45, 44, 46, 44, 45, 46, 49, 50, 51, 52, 49, 52, 52, 54, 56, 58, 57, 58, 59, 55, 60, 59, 60, 59, 60, 60, 63, 64]);
----------
dT__ = array1d(1..85, [10, 10, 11, 11, 11, 11, 10, 10, 11, 6, 7, 6, 7, 6, 6, 5, 5, 6, 6, 8, 4, 4, 4, 6, 6, 6, 6, 6, 7, 8, 8, 6, 6, 6, 6, 13, 7, 8, 8, 6, 6, 6, 7, 6, 5, 6, 7, 4, 6, 4, 7, 8, 4, 6, 4, 6, 6, 6, 8, 6, 8, 9, 10, 7, 7, 8, 7, 7, 7, 7, 6, 7, 5, 7, 6, 7, 11, 9, 9, 9, 9, 9, 9, 6, 6]);
h__ = array1d(1..85, [0, 75, 270, 566, 737, 972, 1246, 1405, 1456, 0, 316, 495, 649, 951, 1069, 1283, 1557, 495, 0, 293, 536, 775, 847, 948, 1262, 1428, 1489, 1676, 536, 642, 0, 945, 1094, 261, 1256, 1721, 1545, 482, 594, 676, 764, 0, 856, 1067, 1126, 229, 1442, 0, 318, 416, 1744, 675, 981, 1280, 266, 0, 1394, 130, 1537, 981, 551, 1681, 1198, 266, 0, 1230, 817, 1083, 1519, 501, 1584, 319, 1166, 0, 817, 971, 1724, 1376, 1497, 445, 585, 629, 1563, 0, 1161]);
objective = 132546;
tR = array1d(1..85, [16766, 17695, 17729, 18474, 19117, 19493, 21787, 22842, 23711, 27360, 28545, 27360, 27940, 29497, 30240, 30962, 31348, 36000, 36155, 40320, 34560, 35458, 34560, 38880, 40320, 40946, 41760, 40952, 45384, 46083, 47520, 47520, 48082, 48960, 50400, 51485, 51721, 56160, 57600, 54720, 54720, 56160, 57022, 56582, 57814, 57909, 61468, 61920, 62715, 63360, 64334, 69120, 64800, 65924, 69191, 70560, 70560, 71107, 73440, 73982, 74880, 77339, 79205, 79583, 80465, 81816, 82901, 83899, 83942, 84257, 85590, 89306, 89437, 90227, 91695, 92970, 93686, 94719, 96718, 97558, 98084, 98252, 98643, 99360, 98348]);
tS__ = array1d(1..85, [2, 3, 3, 3, 3, 4, 6, 6, 7, 14, 14, 14, 14, 15, 16, 18, 18, 20, 20, 21, 21, 21, 21, 22, 23, 23, 24, 23, 25, 25, 26, 28, 28, 29, 30, 23, 30, 32, 33, 33, 33, 34, 34, 34, 36, 35, 37, 40, 38, 41, 38, 41, 42, 41, 45, 44, 44, 44, 44, 46, 45, 45, 46, 49, 50, 50, 52, 52, 52, 53, 54, 56, 58, 57, 59, 59, 55, 58, 59, 60, 60, 60, 60, 64, 63]);
----------
dT__ = array1d(1..85, [10, 10, 11, 11, 11, 11, 10, 10, 11, 6, 7, 6, 7, 6, 6, 5, 5, 6, 6, 8, 4, 4, 4, 6, 6, 6, 6, 6, 7, 8, 8, 6, 6, 6, 6, 13, 7, 8, 8, 6, 6, 6, 7, 6, 5, 6, 7, 4, 6, 4, 7, 8, 4, 6, 4, 6, 6, 6, 8, 6, 8, 9, 10, 7, 8, 8, 9, 7, 7, 8, 6, 7, 5, 7, 6, 7, 11, 9, 10, 9, 10, 9, 9, 6, 6]);
h__ = array1d(1..85, [0, 75, 270, 566, 737, 972, 1246, 1405, 1456, 0, 316, 495, 649, 951, 1069, 1283, 1557, 495, 0, 293, 536, 775, 847, 948, 1262, 1428, 1489, 1676, 536, 642, 0, 945, 1094, 261, 1256, 1721, 1545, 482, 594, 676, 764, 0, 856, 1067, 1126, 229, 1442, 0, 318, 416, 1744, 675, 981, 1280, 370, 0, 1394, 130, 1537, 981, 266, 1681, 1198, 370, 605, 1230, 0, 266, 1519, 864, 1584, 349, 1180, 475, 0, 154, 1724, 1390, 794, 860, 1511, 1000, 1555, 344, 1079]);
objective = 132063;
tR = array1d(1..85, [16766, 17695, 17729, 18474, 19117, 19493, 21787, 22842, 23711, 27360, 28545, 27360, 27940, 29497, 30240, 30962, 31348, 36000, 36155, 40320, 34560, 35458, 34560, 38880, 40320, 40946, 41760, 40952, 45384, 46083, 47520, 47520, 48082, 48960, 50400, 51485, 51721, 56160, 57600, 54720, 54720, 56160, 57022, 56582, 57814, 57909, 61468, 61920, 62715, 63360, 64334, 69120, 64800, 65924, 69191, 70560, 70560, 71107, 73440, 73982, 74397, 77339, 79205, 79583, 80465, 81816, 82901, 83899, 83942, 84257, 85590, 89306, 89437, 90227, 91695, 92970, 93686, 94719, 96718, 97558, 98084, 98252, 98643, 99360, 98348]);
tS__ = array1d(1..85, [2, 3, 3, 3, 3, 4, 6, 6, 7, 14, 14, 14, 14, 15, 16, 18, 18, 20, 20, 21, 21, 21, 21, 22, 23, 23, 24, 23, 25, 25, 26, 28, 28, 29, 30, 23, 30, 32, 33, 33, 33, 34, 34, 34, 36, 35, 37, 40, 38, 41, 38, 41, 42, 41, 45, 44, 44, 44, 44, 46, 44, 45, 46, 49, 49, 50, 50, 52, 52, 52, 54, 56, 58, 57, 59, 59, 55, 58, 58, 60, 59, 60, 60, 64, 63]);
----------
