mznc2018_probs/cargo/challenge25.dzn
dT__ = array1d(1..22, [10, 11, 11, 11, 10, 11, 10, 11, 10, 10, 11, 8, 7, 11, 6, 6, 6, 11, 6, 8, 7, 7]);
h__ = array1d(1..22, [0, 43, 293, 335, 513, 580, 740, 959, 1141, 1212, 1479, 0, 254, 1645, 484, 647, 872, 1705, 1077, 1130, 1239, 1341]);
objective = 3331;
tR = array1d(1..22, [14949, 15614, 16617, 18608, 23626, 23896, 24821, 25698, 25955, 26239, 26826, 27490, 27958, 28571, 33120, 33120, 34560, 33973, 34560, 37899, 36664, 37073]);
tS__ = array1d(1..22, [1, 1, 1, 3, 7, 7, 8, 8, 9, 9, 9, 12, 14, 10, 18, 18, 19, 13, 19, 19, 19, 19]);
----------
dT__ = array1d(1..22, [10, 11, 11, 11, 10, 11, 10, 11, 10, 10, 11, 8, 4, 11, 8, 6, 6, 11, 6, 8, 7, 7]);
h__ = array1d(1..22, [0, 43, 293, 335, 513, 580, 740, 959, 1141, 1212, 1479, 0, 417, 1645, 254, 647, 872, 1705, 1077, 1130, 1239, 1341]);
objective = 2282;
tR = array1d(1..22, [14949, 15614, 16617, 18608, 23626, 23896, 24821, 25698, 25955, 26239, 26826, 27490, 30240, 28571, 29789, 33120, 34560, 33973, 34560, 37899, 36664, 37073]);
tS__ = array1d(1..22, [1, 1, 1, 3, 7, 7, 8, 8, 9, 9, 9, 12, 18, 10, 14, 18, 19, 13, 19, 19, 19, 19]);
----------
dT__ = array1d(1..22, [10, 11, 11, 11, 10, 11, 10, 11, 10, 10, 8, 11, 7, 11, 6, 6, 6, 6, 6, 8, 7, 7]);
h__ = array1d(1..22, [0, 43, 293, 335, 513, 580, 740, 959, 1141, 1212, 0, 1479, 166, 1733, 396, 559, 784, 989, 1060, 1113, 1222, 1324]);
objective = 1891;
tR = array1d(1..22, [14949, 15614, 16617, 18608, 23626, 23896, 24821, 25698, 25955, 26239, 26826, 27490, 27958, 28571, 31680, 33120, 34560, 34560, 34847, 37899, 36664, 37073]);
tS__ = array1d(1..22, [1, 1, 1, 3, 7, 7, 8, 8, 9, 9, 12, 9, 14, 10, 17, 18, 19, 19, 19, 19, 19, 19]);
----------
dT__ = array1d(1..22, [10, 11, 11, 11, 10, 11, 10, 11, 10, 10, 8, 11, 4, 11, 10, 6, 6, 6, 6, 8, 7, 7]);
h__ = array1d(1..22, [0, 43, 293, 335, 513, 580, 740, 959, 1141, 1212, 0, 1479, 329, 1733, 166, 559, 784, 989, 1060, 1113, 1222, 1324]);
objective = 842;
tR = array1d(1..22, [14949, 15614, 16617, 18608, 23626, 23896, 24821, 25698, 25955, 26239, 26826, 27490, 28800, 28571, 29789, 33120, 34560, 34560, 34847, 37899, 36664, 37073]);
tS__ = array1d(1..22, [1, 1, 1, 3, 7, 7, 8, 8, 9, 9, 12, 9, 17, 10, 12, 18, 19, 19, 19, 19, 19, 19]);
----------
