mznc2018_probs/train/instance.17.dzn
arrival = array2d(1..4, 1..4, [0, 5, 21, 30, 0, 15, 33, 42, 0, 25, 41, 50, 0, 35, 51, 66]);
collect = array2d(1..4, 1..4, [0, 0, 0, 0, 0, 210, 0, 0, 0, 120, 0, 0, 0, 150, 300, 0]);
departure = array2d(1..4, 1..4, [0, 8, 21, 30, 10, 20, 33, 42, 20, 28, 41, 50, 30, 38, 57, 66]);
dwell = array2d(1..4, 1..4, [0, 3, 0, 0, 10, 5, 0, 0, 20, 3, 0, 0, 30, 3, 6, 0]);
load = array2d(1..4, 1..4, [0, 0, 0, 0, 0, 210, 210, 210, 0, 120, 120, 120, 0, 150, 450, 450]);
objective = 44520;
sigmaLower = array2d(1..4, 1..4, [0, 6, 16, 0, 0, 6, 16, 0, 0, 20, 16, 0, 0, 28, 16, 0]);
sigmaUpper = array2d(1..4, 1..4, [0, 6, 16, 0, 0, 20, 16, 0, 0, 28, 16, 0, 0, 38, 46, 0]);
----------
arrival = array2d(1..4, 1..4, [0, 5, 21, 30, 0, 15, 33, 42, 0, 25, 41, 50, 0, 35, 51, 66]);
collect = array2d(1..4, 1..4, [0, 30, 0, 0, 0, 180, 0, 0, 0, 120, 0, 0, 0, 150, 300, 0]);
departure = array2d(1..4, 1..4, [0, 8, 21, 30, 10, 20, 33, 42, 20, 28, 41, 50, 30, 38, 57, 66]);
dwell = array2d(1..4, 1..4, [0, 3, 0, 0, 10, 5, 0, 0, 20, 3, 0, 0, 30, 3, 6, 0]);
load = array2d(1..4, 1..4, [0, 30, 30, 30, 0, 180, 180, 180, 0, 120, 120, 120, 0, 150, 450, 450]);
objective = 44160;
sigmaLower = array2d(1..4, 1..4, [0, 6, 16, 0, 0, 8, 16, 0, 0, 20, 16, 0, 0, 28, 16, 0]);
sigmaUpper = array2d(1..4, 1..4, [0, 8, 16, 0, 0, 20, 16, 0, 0, 28, 16, 0, 0, 38, 46, 0]);
----------
arrival = array2d(1..4, 1..4, [0, 5, 21, 30, 0, 15, 33, 42, 0, 25, 42, 51, 0, 35, 51, 66]);
collect = array2d(1..4, 1..4, [0, 30, 0, 0, 0, 180, 0, 0, 0, 135, 0, 0, 0, 135, 300, 0]);
departure = array2d(1..4, 1..4, [0, 8, 21, 30, 10, 20, 33, 42, 20, 29, 42, 51, 30, 38, 57, 66]);
dwell = array2d(1..4, 1..4, [0, 3, 0, 0, 10, 5, 0, 0, 20, 4, 0, 0, 30, 3, 6, 0]);
load = array2d(1..4, 1..4, [0, 30, 30, 30, 0, 180, 180, 180, 0, 135, 135, 135, 0, 135, 435, 435]);
objective = 44055;
sigmaLower = array2d(1..4, 1..4, [0, 6, 16, 0, 0, 8, 16, 0, 0, 20, 16, 0, 0, 29, 16, 0]);
sigmaUpper = array2d(1..4, 1..4, [0, 8, 16, 0, 0, 20, 16, 0, 0, 29, 16, 0, 0, 38, 46, 0]);
----------
arrival = array2d(1..4, 1..4, [0, 5, 21, 30, 0, 15, 33, 42, 0, 25, 43, 52, 0, 35, 51, 66]);
collect = array2d(1..4, 1..4, [0, 30, 0, 0, 0, 180, 0, 0, 0, 150, 0, 0, 0, 120, 300, 0]);
departure = array2d(1..4, 1..4, [0, 8, 21, 30, 10, 20, 33, 42, 20, 30, 43, 52, 30, 38, 57, 66]);
dwell = array2d(1..4, 1..4, [0, 3, 0, 0, 10, 5, 0, 0, 20, 5, 0, 0, 30, 3, 6, 0]);
load = array2d(1..4, 1..4, [0, 30, 30, 30, 0, 180, 180, 180, 0, 150, 150, 150, 0, 120, 420, 420]);
objective = 43980;
sigmaLower = array2d(1..4, 1..4, [0, 6, 16, 0, 0, 8, 16, 0, 0, 20, 16, 0, 0, 30, 16, 0]);
sigmaUpper = array2d(1..4, 1..4, [0, 8, 16, 0, 0, 20, 16, 0, 0, 30, 16, 0, 0, 38, 46, 0]);
----------
arrival = array2d(1..4, 1..4, [0, 5, 21, 30, 0, 15, 33, 42, 0, 25, 44, 53, 0, 35, 51, 66]);
collect = array2d(1..4, 1..4, [0, 30, 0, 0, 0, 180, 0, 0, 0, 165, 0, 0, 0, 105, 300, 0]);
departure = array2d(1..4, 1..4, [0, 8, 21, 30, 10, 20, 33, 42, 20, 31, 44, 53, 30, 38, 57, 66]);
dwell = array2d(1..4, 1..4, [0, 3, 0, 0, 10, 5, 0, 0, 20, 6, 0, 0, 30, 3, 6, 0]);
load = array2d(1..4, 1..4, [0, 30, 30, 30, 0, 180, 180, 180, 0, 165, 165, 165, 0, 105, 405, 405]);
objective = 43935;
sigmaLower = array2d(1..4, 1..4, [0, 6, 16, 0, 0, 8, 16, 0, 0, 20, 16, 0, 0, 31, 16, 0]);
sigmaUpper = array2d(1..4, 1..4, [0, 8, 16, 0, 0, 20, 16, 0, 0, 31, 16, 0, 0, 38, 46, 0]);
----------
arrival = array2d(1..4, 1..4, [0, 5, 21, 30, 0, 15, 33, 42, 0, 25, 45, 54, 0, 35, 51, 66]);
collect = array2d(1..4, 1..4, [0, 30, 0, 0, 0, 180, 0, 0, 0, 180, 0, 0, 0, 90, 300, 0]);
departure = array2d(1..4, 1..4, [0, 8, 21, 30, 10, 20, 33, 42, 20, 32, 45, 54, 30, 38, 57, 66]);
dwell = array2d(1..4, 1..4, [0, 3, 0, 0, 10, 5, 0, 0, 20, 7, 0, 0, 30, 3, 6, 0]);
load = array2d(1..4, 1..4, [0, 30, 30, 30, 0, 180, 180, 180, 0, 180, 180, 180, 0, 90, 390, 390]);
objective = 43920;
sigmaLower = array2d(1..4, 1..4, [0, 6, 16, 0, 0, 8, 16, 0, 0, 20, 16, 0, 0, 32, 16, 0]);
sigmaUpper = array2d(1..4, 1..4, [0, 8, 16, 0, 0, 20, 16, 0, 0, 32, 16, 0, 0, 38, 46, 0]);
----------
arrival = array2d(1..4, 1..4, [0, 5, 21, 30, 0, 15, 33, 42, 0, 25, 41, 56, 0, 35, 51, 60]);
collect = array2d(1..4, 1..4, [0, 0, 0, 0, 0, 210, 0, 0, 0, 120, 300, 0, 0, 150, 0, 0]);
departure = array2d(1..4, 1..4, [0, 8, 21, 30, 10, 20, 33, 42, 20, 28, 47, 56, 30, 38, 51, 60]);
dwell = array2d(1..4, 1..4, [0, 3, 0, 0, 10, 5, 0, 0, 20, 3, 6, 0, 30, 3, 0, 0]);
load = array2d(1..4, 1..4, [0, 0, 0, 0, 0, 210, 210, 210, 0, 120, 420, 420, 0, 150, 150, 150]);
objective = 41340;
sigmaLower = array2d(1..4, 1..4, [0, 6, 16, 0, 0, 6, 16, 0, 0, 20, 16, 0, 0, 28, 46, 0]);
sigmaUpper = array2d(1..4, 1..4, [0, 6, 16, 0, 0, 20, 16, 0, 0, 28, 46, 0, 0, 38, 46, 0]);
----------
arrival = array2d(1..4, 1..4, [0, 5, 21, 30, 0, 15, 33, 42, 0, 25, 41, 56, 0, 35, 51, 60]);
collect = array2d(1..4, 1..4, [0, 30, 0, 0, 0, 180, 0, 0, 0, 120, 300, 0, 0, 150, 0, 0]);
departure = array2d(1..4, 1..4, [0, 8, 21, 30, 10, 20, 33, 42, 20, 28, 47, 56, 30, 38, 51, 60]);
dwell = array2d(1..4, 1..4, [0, 3, 0, 0, 10, 5, 0, 0, 20, 3, 6, 0, 30, 3, 0, 0]);
load = array2d(1..4, 1..4, [0, 30, 30, 30, 0, 180, 180, 180, 0, 120, 420, 420, 0, 150, 150, 150]);
objective = 40980;
sigmaLower = array2d(1..4, 1..4, [0, 6, 16, 0, 0, 8, 16, 0, 0, 20, 16, 0, 0, 28, 46, 0]);
sigmaUpper = array2d(1..4, 1..4, [0, 8, 16, 0, 0, 20, 16, 0, 0, 28, 46, 0, 0, 38, 46, 0]);
----------
arrival = array2d(1..4, 1..4, [0, 5, 21, 30, 0, 15, 34, 43, 0, 25, 41, 56, 0, 35, 51, 60]);
collect = array2d(1..4, 1..4, [0, 30, 0, 0, 0, 195, 0, 0, 0, 105, 300, 0, 0, 150, 0, 0]);
departure = array2d(1..4, 1..4, [0, 8, 21, 30, 10, 21, 34, 43, 20, 28, 47, 56, 30, 38, 51, 60]);
dwell = array2d(1..4, 1..4, [0, 3, 0, 0, 10, 6, 0, 0, 20, 3, 6, 0, 30, 3, 0, 0]);
load = array2d(1..4, 1..4, [0, 30, 30, 30, 0, 195, 195, 195, 0, 105, 405, 405, 0, 150, 150, 150]);
objective = 40965;
sigmaLower = array2d(1..4, 1..4, [0, 6, 16, 0, 0, 8, 16, 0, 0, 21, 16, 0, 0, 28, 46, 0]);
sigmaUpper = array2d(1..4, 1..4, [0, 8, 16, 0, 0, 21, 16, 0, 0, 28, 46, 0, 0, 38, 46, 0]);
----------
arrival = array2d(1..4, 1..4, [0, 5, 21, 30, 0, 15, 33, 47, 0, 25, 41, 50, 0, 35, 51, 62]);
collect = array2d(1..4, 1..4, [0, 0, 0, 0, 0, 210, 220, 0, 0, 120, 0, 0, 0, 150, 80, 0]);
departure = array2d(1..4, 1..4, [0, 8, 21, 30, 10, 20, 38, 47, 20, 28, 41, 50, 30, 38, 53, 62]);
dwell = array2d(1..4, 1..4, [0, 3, 0, 0, 10, 5, 5, 0, 20, 3, 0, 0, 30, 3, 2, 0]);
load = array2d(1..4, 1..4, [0, 0, 0, 0, 0, 210, 430, 430, 0, 120, 120, 120, 0, 150, 230, 230]);
objective = 40470;
sigmaLower = array2d(1..4, 1..4, [0, 6, 16, 0, 0, 6, 16, 0, 0, 20, 38, 0, 0, 28, 38, 0]);
sigmaUpper = array2d(1..4, 1..4, [0, 6, 16, 0, 0, 20, 38, 0, 0, 28, 38, 0, 0, 38, 46, 0]);
----------
arrival = array2d(1..4, 1..4, [0, 5, 21, 30, 0, 15, 33, 47, 0, 25, 41, 50, 0, 35, 51, 62]);
collect = array2d(1..4, 1..4, [0, 30, 0, 0, 0, 180, 220, 0, 0, 120, 0, 0, 0, 150, 80, 0]);
departure = array2d(1..4, 1..4, [0, 8, 21, 30, 10, 20, 38, 47, 20, 28, 41, 50, 30, 38, 53, 62]);
dwell = array2d(1..4, 1..4, [0, 3, 0, 0, 10, 5, 5, 0, 20, 3, 0, 0, 30, 3, 2, 0]);
load = array2d(1..4, 1..4, [0, 30, 30, 30, 0, 180, 400, 400, 0, 120, 120, 120, 0, 150, 230, 230]);
objective = 39960;
sigmaLower = array2d(1..4, 1..4, [0, 6, 16, 0, 0, 8, 16, 0, 0, 20, 38, 0, 0, 28, 38, 0]);
sigmaUpper = array2d(1..4, 1..4, [0, 8, 16, 0, 0, 20, 38, 0, 0, 28, 38, 0, 0, 38, 46, 0]);
----------
arrival = array2d(1..4, 1..4, [0, 5, 21, 30, 0, 15, 33, 47, 0, 25, 41, 51, 0, 35, 51, 61]);
collect = array2d(1..4, 1..4, [0, 30, 0, 0, 0, 180, 220, 0, 0, 120, 40, 0, 0, 150, 40, 0]);
departure = array2d(1..4, 1..4, [0, 8, 21, 30, 10, 20, 38, 47, 20, 28, 42, 51, 30, 38, 52, 61]);
dwell = array2d(1..4, 1..4, [0, 3, 0, 0, 10, 5, 5, 0, 20, 3, 1, 0, 30, 3, 1, 0]);
load = array2d(1..4, 1..4, [0, 30, 30, 30, 0, 180, 400, 400, 0, 120, 160, 160, 0, 150, 190, 190]);
objective = 39450;
sigmaLower = array2d(1..4, 1..4, [0, 6, 16, 0, 0, 8, 16, 0, 0, 20, 38, 0, 0, 28, 42, 0]);
sigmaUpper = array2d(1..4, 1..4, [0, 8, 16, 0, 0, 20, 38, 0, 0, 28, 42, 0, 0, 38, 46, 0]);
----------
arrival = array2d(1..4, 1..4, [0, 5, 21, 30, 0, 15, 33, 47, 0, 25, 42, 52, 0, 35, 51, 61]);
collect = array2d(1..4, 1..4, [0, 30, 0, 0, 0, 180, 220, 0, 0, 135, 50, 0, 0, 135, 30, 0]);
departure = array2d(1..4, 1..4, [0, 8, 21, 30, 10, 20, 38, 47, 20, 29, 43, 52, 30, 38, 52, 61]);
dwell = array2d(1..4, 1..4, [0, 3, 0, 0, 10, 5, 5, 0, 20, 4, 1, 0, 30, 3, 1, 0]);
load = array2d(1..4, 1..4, [0, 30, 30, 30, 0, 180, 400, 400, 0, 135, 185, 185, 0, 135, 165, 165]);
objective = 39385;
sigmaLower = array2d(1..4, 1..4, [0, 6, 16, 0, 0, 8, 16, 0, 0, 20, 38, 0, 0, 29, 43, 0]);
sigmaUpper = array2d(1..4, 1..4, [0, 8, 16, 0, 0, 20, 38, 0, 0, 29, 43, 0, 0, 38, 46, 0]);
----------
arrival = array2d(1..4, 1..4, [0, 5, 21, 32, 0, 15, 33, 42, 0, 25, 41, 55, 0, 35, 51, 60]);
collect = array2d(1..4, 1..4, [0, 0, 70, 0, 0, 210, 0, 0, 0, 120, 230, 0, 0, 150, 0, 0]);
departure = array2d(1..4, 1..4, [0, 8, 23, 32, 10, 20, 33, 42, 20, 28, 46, 55, 30, 38, 51, 60]);
dwell = array2d(1..4, 1..4, [0, 3, 2, 0, 10, 5, 0, 0, 20, 3, 5, 0, 30, 3, 0, 0]);
load = array2d(1..4, 1..4, [0, 0, 70, 70, 0, 210, 210, 210, 0, 120, 350, 350, 0, 150, 150, 150]);
objective = 39310;
sigmaLower = array2d(1..4, 1..4, [0, 6, 16, 0, 0, 6, 23, 0, 0, 20, 23, 0, 0, 28, 46, 0]);
sigmaUpper = array2d(1..4, 1..4, [0, 6, 23, 0, 0, 20, 23, 0, 0, 28, 46, 0, 0, 38, 46, 0]);
----------
arrival = array2d(1..4, 1..4, [0, 5, 21, 32, 0, 15, 33, 42, 0, 25, 41, 55, 0, 35, 51, 60]);
collect = array2d(1..4, 1..4, [0, 30, 70, 0, 0, 180, 0, 0, 0, 120, 230, 0, 0, 150, 0, 0]);
departure = array2d(1..4, 1..4, [0, 8, 23, 32, 10, 20, 33, 42, 20, 28, 46, 55, 30, 38, 51, 60]);
dwell = array2d(1..4, 1..4, [0, 3, 2, 0, 10, 5, 0, 0, 20, 3, 5, 0, 30, 3, 0, 0]);
load = array2d(1..4, 1..4, [0, 30, 100, 100, 0, 180, 180, 180, 0, 120, 350, 350, 0, 150, 150, 150]);
objective = 39010;
sigmaLower = array2d(1..4, 1..4, [0, 6, 16, 0, 0, 8, 23, 0, 0, 20, 23, 0, 0, 28, 46, 0]);
sigmaUpper = array2d(1..4, 1..4, [0, 8, 23, 0, 0, 20, 23, 0, 0, 28, 46, 0, 0, 38, 46, 0]);
----------
arrival = array2d(1..4, 1..4, [0, 5, 21, 32, 0, 15, 33, 45, 0, 25, 41, 50, 0, 35, 51, 62]);
collect = array2d(1..4, 1..4, [0, 30, 70, 0, 0, 180, 130, 0, 0, 120, 0, 0, 0, 150, 100, 0]);
departure = array2d(1..4, 1..4, [0, 8, 23, 32, 10, 20, 36, 45, 20, 28, 41, 50, 30, 38, 53, 62]);
dwell = array2d(1..4, 1..4, [0, 3, 2, 0, 10, 5, 3, 0, 20, 3, 0, 0, 30, 3, 2, 0]);
load = array2d(1..4, 1..4, [0, 30, 100, 100, 0, 180, 310, 310, 0, 120, 120, 120, 0, 150, 250, 250]);
objective = 38650;
sigmaLower = array2d(1..4, 1..4, [0, 6, 16, 0, 0, 8, 23, 0, 0, 20, 36, 0, 0, 28, 36, 0]);
sigmaUpper = array2d(1..4, 1..4, [0, 8, 23, 0, 0, 20, 36, 0, 0, 28, 36, 0, 0, 38, 46, 0]);
----------
arrival = array2d(1..4, 1..4, [0, 5, 21, 32, 0, 15, 33, 45, 0, 25, 42, 51, 0, 35, 51, 62]);
collect = array2d(1..4, 1..4, [0, 30, 70, 0, 0, 180, 130, 0, 0, 135, 0, 0, 0, 135, 100, 0]);
departure = array2d(1..4, 1..4, [0, 8, 23, 32, 10, 20, 36, 45, 20, 29, 42, 51, 30, 38, 53, 62]);
dwell = array2d(1..4, 1..4, [0, 3, 2, 0, 10, 5, 3, 0, 20, 4, 0, 0, 30, 3, 2, 0]);
load = array2d(1..4, 1..4, [0, 30, 100, 100, 0, 180, 310, 310, 0, 135, 135, 135, 0, 135, 235, 235]);
objective = 38605;
sigmaLower = array2d(1..4, 1..4, [0, 6, 16, 0, 0, 8, 23, 0, 0, 20, 36, 0, 0, 29, 36, 0]);
sigmaUpper = array2d(1..4, 1..4, [0, 8, 23, 0, 0, 20, 36, 0, 0, 29, 36, 0, 0, 38, 46, 0]);
----------
arrival = array2d(1..4, 1..4, [0, 5, 21, 32, 0, 15, 33, 45, 0, 25, 41, 52, 0, 35, 51, 61]);
collect = array2d(1..4, 1..4, [0, 0, 70, 0, 0, 210, 130, 0, 0, 120, 70, 0, 0, 150, 30, 0]);
departure = array2d(1..4, 1..4, [0, 8, 23, 32, 10, 20, 36, 45, 20, 28, 43, 52, 30, 38, 52, 61]);
dwell = array2d(1..4, 1..4, [0, 3, 2, 0, 10, 5, 3, 0, 20, 3, 2, 0, 30, 3, 1, 0]);
load = array2d(1..4, 1..4, [0, 0, 70, 70, 0, 210, 340, 340, 0, 120, 190, 190, 0, 150, 180, 180]);
objective = 38400;
sigmaLower = array2d(1..4, 1..4, [0, 6, 16, 0, 0, 6, 23, 0, 0, 20, 36, 0, 0, 28, 43, 0]);
sigmaUpper = array2d(1..4, 1..4, [0, 6, 23, 0, 0, 20, 36, 0, 0, 28, 43, 0, 0, 38, 46, 0]);
----------
arrival = array2d(1..4, 1..4, [0, 5, 21, 32, 0, 15, 33, 45, 0, 25, 41, 52, 0, 35, 51, 61]);
collect = array2d(1..4, 1..4, [0, 30, 70, 0, 0, 180, 130, 0, 0, 120, 70, 0, 0, 150, 30, 0]);
departure = array2d(1..4, 1..4, [0, 8, 23, 32, 10, 20, 36, 45, 20, 28, 43, 52, 30, 38, 52, 61]);
dwell = array2d(1..4, 1..4, [0, 3, 2, 0, 10, 5, 3, 0, 20, 3, 2, 0, 30, 3, 1, 0]);
load = array2d(1..4, 1..4, [0, 30, 100, 100, 0, 180, 310, 310, 0, 120, 190, 190, 0, 150, 180, 180]);
objective = 38010;
sigmaLower = array2d(1..4, 1..4, [0, 6, 16, 0, 0, 8, 23, 0, 0, 20, 36, 0, 0, 28, 43, 0]);
sigmaUpper = array2d(1..4, 1..4, [0, 8, 23, 0, 0, 20, 36, 0, 0, 28, 43, 0, 0, 38, 46, 0]);
----------
arrival = array2d(1..4, 1..4, [0, 5, 21, 32, 0, 15, 33, 45, 0, 25, 42, 53, 0, 35, 51, 61]);
collect = array2d(1..4, 1..4, [0, 30, 70, 0, 0, 180, 130, 0, 0, 135, 80, 0, 0, 135, 20, 0]);
departure = array2d(1..4, 1..4, [0, 8, 23, 32, 10, 20, 36, 45, 20, 29, 44, 53, 30, 38, 52, 61]);
dwell = array2d(1..4, 1..4, [0, 3, 2, 0, 10, 5, 3, 0, 20, 4, 2, 0, 30, 3, 1, 0]);
load = array2d(1..4, 1..4, [0, 30, 100, 100, 0, 180, 310, 310, 0, 135, 215, 215, 0, 135, 155, 155]);
objective = 38000;
sigmaLower = array2d(1..4, 1..4, [0, 6, 16, 0, 0, 8, 23, 0, 0, 20, 36, 0, 0, 29, 44, 0]);
sigmaUpper = array2d(1..4, 1..4, [0, 8, 23, 0, 0, 20, 36, 0, 0, 29, 44, 0, 0, 38, 46, 0]);
----------
arrival = array2d(1..4, 1..4, [0, 5, 21, 33, 0, 15, 33, 45, 0, 25, 41, 52, 0, 35, 51, 61]);
collect = array2d(1..4, 1..4, [0, 30, 80, 0, 0, 180, 120, 0, 0, 120, 70, 0, 0, 150, 30, 0]);
departure = array2d(1..4, 1..4, [0, 8, 24, 33, 10, 20, 36, 45, 20, 28, 43, 52, 30, 38, 52, 61]);
dwell = array2d(1..4, 1..4, [0, 3, 3, 0, 10, 5, 3, 0, 20, 3, 2, 0, 30, 3, 1, 0]);
load = array2d(1..4, 1..4, [0, 30, 110, 110, 0, 180, 300, 300, 0, 120, 190, 190, 0, 150, 180, 180]);
objective = 37990;
sigmaLower = array2d(1..4, 1..4, [0, 6, 16, 0, 0, 8, 24, 0, 0, 20, 36, 0, 0, 28, 43, 0]);
sigmaUpper = array2d(1..4, 1..4, [0, 8, 24, 0, 0, 20, 36, 0, 0, 28, 43, 0, 0, 38, 46, 0]);
----------
arrival = array2d(1..4, 1..4, [0, 5, 21, 33, 0, 15, 33, 45, 0, 25, 42, 53, 0, 35, 51, 61]);
collect = array2d(1..4, 1..4, [0, 30, 80, 0, 0, 180, 120, 0, 0, 135, 80, 0, 0, 135, 20, 0]);
departure = array2d(1..4, 1..4, [0, 8, 24, 33, 10, 20, 36, 45, 20, 29, 44, 53, 30, 38, 52, 61]);
dwell = array2d(1..4, 1..4, [0, 3, 3, 0, 10, 5, 3, 0, 20, 4, 2, 0, 30, 3, 1, 0]);
load = array2d(1..4, 1..4, [0, 30, 110, 110, 0, 180, 300, 300, 0, 135, 215, 215, 0, 135, 155, 155]);
objective = 37980;
sigmaLower = array2d(1..4, 1..4, [0, 6, 16, 0, 0, 8, 24, 0, 0, 20, 36, 0, 0, 29, 44, 0]);
sigmaUpper = array2d(1..4, 1..4, [0, 8, 24, 0, 0, 20, 36, 0, 0, 29, 44, 0, 0, 38, 46, 0]);
----------
arrival = array2d(1..4, 1..4, [0, 5, 21, 34, 0, 15, 33, 44, 0, 25, 41, 52, 0, 35, 51, 61]);
collect = array2d(1..4, 1..4, [0, 30, 90, 0, 0, 180, 100, 0, 0, 120, 80, 0, 0, 150, 30, 0]);
departure = array2d(1..4, 1..4, [0, 8, 25, 34, 10, 20, 35, 44, 20, 28, 43, 52, 30, 38, 52, 61]);
dwell = array2d(1..4, 1..4, [0, 3, 4, 0, 10, 5, 2, 0, 20, 3, 2, 0, 30, 3, 1, 0]);
load = array2d(1..4, 1..4, [0, 30, 120, 120, 0, 180, 280, 280, 0, 120, 200, 200, 0, 150, 180, 180]);
objective = 37780;
sigmaLower = array2d(1..4, 1..4, [0, 6, 16, 0, 0, 8, 25, 0, 0, 20, 35, 0, 0, 28, 43, 0]);
sigmaUpper = array2d(1..4, 1..4, [0, 8, 25, 0, 0, 20, 35, 0, 0, 28, 43, 0, 0, 38, 46, 0]);
----------
==========
