mznc2019_probs/stochastic-vrp/vrp-s5-v2-c6_vrp-v2-c6_det.mzn
arrivalTime = array2d(1..5, 1..10, [4, 13, 40, 20, 23, 27, 0, 0, 49, 0, 4, 26, 14, 33, 36, 40, 0, 0, 50, 0, 35, 44, 24, 4, 7, 11, 0, 0, 50, 0, 17, 26, 6, 33, 41, 37, 0, 0, 50, 0, 14, 26, 3, 33, 41, 37, 0, 0, 50, 0]);
objective = 447;
predecessor = array2d(1..5, 1..10, [7, 1, 6, 2, 4, 5, 10, 9, 3, 8, 7, 3, 1, 2, 4, 5, 10, 9, 6, 8, 3, 1, 6, 7, 4, 5, 10, 9, 2, 8, 3, 1, 7, 2, 6, 4, 10, 9, 5, 8, 3, 1, 7, 2, 6, 4, 10, 9, 5, 8]);
successor = array2d(1..5, 1..10, [2, 4, 9, 5, 6, 3, 1, 10, 8, 7, 3, 4, 2, 5, 6, 9, 1, 10, 8, 7, 2, 9, 1, 5, 6, 3, 4, 10, 8, 7, 2, 4, 1, 6, 9, 5, 3, 10, 8, 7, 2, 4, 1, 6, 9, 5, 3, 10, 8, 7]);
vehicle = array1d(1..10, [1, 1, 1, 1, 1, 1, 1, 2, 1, 2]);
----------
arrivalTime = array2d(1..5, 1..10, [4, 13, 40, 20, 23, 27, 0, 0, 49, 0, 4, 26, 14, 33, 36, 40, 0, 0, 50, 0, 35, 44, 24, 4, 7, 11, 0, 0, 50, 0, 17, 26, 6, 33, 41, 37, 0, 0, 50, 0, 14, 26, 3, 44, 34, 38, 0, 0, 49, 0]);
objective = 446;
predecessor = array2d(1..5, 1..10, [7, 1, 6, 2, 4, 5, 10, 9, 3, 8, 7, 3, 1, 2, 4, 5, 10, 9, 6, 8, 3, 1, 6, 7, 4, 5, 10, 9, 2, 8, 3, 1, 7, 2, 6, 4, 10, 9, 5, 8, 3, 1, 7, 6, 2, 5, 10, 9, 4, 8]);
successor = array2d(1..5, 1..10, [2, 4, 9, 5, 6, 3, 1, 10, 8, 7, 3, 4, 2, 5, 6, 9, 1, 10, 8, 7, 2, 9, 1, 5, 6, 3, 4, 10, 8, 7, 2, 4, 1, 6, 9, 5, 3, 10, 8, 7, 2, 5, 1, 9, 6, 4, 3, 10, 8, 7]);
vehicle = array1d(1..10, [1, 1, 1, 1, 1, 1, 1, 2, 1, 2]);
----------
arrivalTime = array2d(1..5, 1..10, [4, 13, 40, 20, 23, 27, 0, 0, 49, 0, 4, 26, 14, 33, 36, 40, 0, 0, 50, 0, 35, 44, 24, 4, 7, 11, 0, 0, 50, 0, 17, 26, 6, 33, 41, 37, 0, 0, 50, 0, 29, 3, 39, 21, 11, 15, 0, 0, 48, 0]);
objective = 445;
predecessor = array2d(1..5, 1..10, [7, 1, 6, 2, 4, 5, 10, 9, 3, 8, 7, 3, 1, 2, 4, 5, 10, 9, 6, 8, 3, 1, 6, 7, 4, 5, 10, 9, 2, 8, 3, 1, 7, 2, 6, 4, 10, 9, 5, 8, 4, 7, 1, 6, 2, 5, 10, 9, 3, 8]);
successor = array2d(1..5, 1..10, [2, 4, 9, 5, 6, 3, 1, 10, 8, 7, 3, 4, 2, 5, 6, 9, 1, 10, 8, 7, 2, 9, 1, 5, 6, 3, 4, 10, 8, 7, 2, 4, 1, 6, 9, 5, 3, 10, 8, 7, 3, 5, 9, 1, 6, 4, 2, 10, 8, 7]);
vehicle = array1d(1..10, [1, 1, 1, 1, 1, 1, 1, 2, 1, 2]);
----------
arrivalTime = array2d(1..5, 1..10, [4, 13, 40, 20, 23, 27, 0, 0, 49, 0, 4, 26, 14, 33, 36, 40, 0, 0, 50, 0, 35, 44, 24, 4, 7, 11, 0, 0, 50, 0, 4, 43, 14, 27, 35, 31, 0, 0, 49, 0, 29, 3, 39, 21, 11, 15, 0, 0, 48, 0]);
objective = 444;
predecessor = array2d(1..5, 1..10, [7, 1, 6, 2, 4, 5, 10, 9, 3, 8, 7, 3, 1, 2, 4, 5, 10, 9, 6, 8, 3, 1, 6, 7, 4, 5, 10, 9, 2, 8, 7, 5, 1, 3, 6, 4, 10, 9, 2, 8, 4, 7, 1, 6, 2, 5, 10, 9, 3, 8]);
successor = array2d(1..5, 1..10, [2, 4, 9, 5, 6, 3, 1, 10, 8, 7, 3, 4, 2, 5, 6, 9, 1, 10, 8, 7, 2, 9, 1, 5, 6, 3, 4, 10, 8, 7, 3, 9, 4, 6, 2, 5, 1, 10, 8, 7, 3, 5, 9, 1, 6, 4, 2, 10, 8, 7]);
vehicle = array1d(1..10, [1, 1, 1, 1, 1, 1, 1, 2, 1, 2]);
----------
arrivalTime = array2d(1..5, 1..10, [4, 13, 40, 20, 23, 27, 0, 0, 49, 0, 4, 26, 14, 33, 36, 40, 0, 0, 50, 0, 4, 26, 14, 44, 34, 38, 0, 0, 49, 0, 17, 26, 6, 33, 41, 37, 0, 0, 50, 0, 29, 3, 39, 21, 11, 15, 0, 0, 48, 0]);
objective = 443;
predecessor = array2d(1..5, 1..10, [7, 1, 6, 2, 4, 5, 10, 9, 3, 8, 7, 3, 1, 2, 4, 5, 10, 9, 6, 8, 7, 3, 1, 6, 2, 5, 10, 9, 4, 8, 3, 1, 7, 2, 6, 4, 10, 9, 5, 8, 4, 7, 1, 6, 2, 5, 10, 9, 3, 8]);
successor = array2d(1..5, 1..10, [2, 4, 9, 5, 6, 3, 1, 10, 8, 7, 3, 4, 2, 5, 6, 9, 1, 10, 8, 7, 3, 5, 2, 9, 6, 4, 1, 10, 8, 7, 2, 4, 1, 6, 9, 5, 3, 10, 8, 7, 3, 5, 9, 1, 6, 4, 2, 10, 8, 7]);
vehicle = array1d(1..10, [1, 1, 1, 1, 1, 1, 1, 2, 1, 2]);
----------
arrivalTime = array2d(1..5, 1..10, [4, 13, 40, 20, 23, 27, 0, 0, 49, 0, 4, 26, 14, 33, 36, 40, 0, 0, 50, 0, 4, 26, 14, 44, 34, 38, 0, 0, 49, 0, 4, 43, 14, 27, 35, 31, 0, 0, 49, 0, 29, 3, 39, 21, 11, 15, 0, 0, 48, 0]);
objective = 442;
predecessor = array2d(1..5, 1..10, [7, 1, 6, 2, 4, 5, 10, 9, 3, 8, 7, 3, 1, 2, 4, 5, 10, 9, 6, 8, 7, 3, 1, 6, 2, 5, 10, 9, 4, 8, 7, 5, 1, 3, 6, 4, 10, 9, 2, 8, 4, 7, 1, 6, 2, 5, 10, 9, 3, 8]);
successor = array2d(1..5, 1..10, [2, 4, 9, 5, 6, 3, 1, 10, 8, 7, 3, 4, 2, 5, 6, 9, 1, 10, 8, 7, 3, 5, 2, 9, 6, 4, 1, 10, 8, 7, 3, 9, 4, 6, 2, 5, 1, 10, 8, 7, 3, 5, 9, 1, 6, 4, 2, 10, 8, 7]);
vehicle = array1d(1..10, [1, 1, 1, 1, 1, 1, 1, 2, 1, 2]);
----------
arrivalTime = array2d(1..5, 1..10, [14, 23, 3, 30, 33, 37, 0, 0, 47, 0, 4, 26, 14, 33, 36, 40, 0, 0, 50, 0, 35, 44, 24, 4, 7, 11, 0, 0, 50, 0, 17, 26, 6, 33, 41, 37, 0, 0, 50, 0, 14, 26, 3, 33, 41, 37, 0, 0, 50, 0]);
objective = 441;
predecessor = array2d(1..5, 1..10, [3, 1, 7, 2, 4, 5, 10, 9, 6, 8, 7, 3, 1, 2, 4, 5, 10, 9, 6, 8, 3, 1, 6, 7, 4, 5, 10, 9, 2, 8, 3, 1, 7, 2, 6, 4, 10, 9, 5, 8, 3, 1, 7, 2, 6, 4, 10, 9, 5, 8]);
successor = array2d(1..5, 1..10, [2, 4, 1, 5, 6, 9, 3, 10, 8, 7, 3, 4, 2, 5, 6, 9, 1, 10, 8, 7, 2, 9, 1, 5, 6, 3, 4, 10, 8, 7, 2, 4, 1, 6, 9, 5, 3, 10, 8, 7, 2, 4, 1, 6, 9, 5, 3, 10, 8, 7]);
vehicle = array1d(1..10, [1, 1, 1, 1, 1, 1, 1, 2, 1, 2]);
----------
arrivalTime = array2d(1..5, 1..10, [14, 23, 3, 30, 33, 37, 0, 0, 47, 0, 4, 26, 14, 33, 36, 40, 0, 0, 50, 0, 35, 44, 24, 4, 7, 11, 0, 0, 50, 0, 17, 26, 6, 33, 41, 37, 0, 0, 50, 0, 14, 26, 3, 44, 34, 38, 0, 0, 49, 0]);
objective = 440;
predecessor = array2d(1..5, 1..10, [3, 1, 7, 2, 4, 5, 10, 9, 6, 8, 7, 3, 1, 2, 4, 5, 10, 9, 6, 8, 3, 1, 6, 7, 4, 5, 10, 9, 2, 8, 3, 1, 7, 2, 6, 4, 10, 9, 5, 8, 3, 1, 7, 6, 2, 5, 10, 9, 4, 8]);
successor = array2d(1..5, 1..10, [2, 4, 1, 5, 6, 9, 3, 10, 8, 7, 3, 4, 2, 5, 6, 9, 1, 10, 8, 7, 2, 9, 1, 5, 6, 3, 4, 10, 8, 7, 2, 4, 1, 6, 9, 5, 3, 10, 8, 7, 2, 5, 1, 9, 6, 4, 3, 10, 8, 7]);
vehicle = array1d(1..10, [1, 1, 1, 1, 1, 1, 1, 2, 1, 2]);
----------
arrivalTime = array2d(1..5, 1..10, [14, 23, 3, 30, 33, 37, 0, 0, 47, 0, 4, 26, 14, 33, 36, 40, 0, 0, 50, 0, 35, 44, 24, 4, 7, 11, 0, 0, 50, 0, 17, 26, 6, 33, 41, 37, 0, 0, 50, 0, 29, 3, 39, 21, 11, 15, 0, 0, 48, 0]);
objective = 439;
predecessor = array2d(1..5, 1..10, [3, 1, 7, 2, 4, 5, 10, 9, 6, 8, 7, 3, 1, 2, 4, 5, 10, 9, 6, 8, 3, 1, 6, 7, 4, 5, 10, 9, 2, 8, 3, 1, 7, 2, 6, 4, 10, 9, 5, 8, 4, 7, 1, 6, 2, 5, 10, 9, 3, 8]);
successor = array2d(1..5, 1..10, [2, 4, 1, 5, 6, 9, 3, 10, 8, 7, 3, 4, 2, 5, 6, 9, 1, 10, 8, 7, 2, 9, 1, 5, 6, 3, 4, 10, 8, 7, 2, 4, 1, 6, 9, 5, 3, 10, 8, 7, 3, 5, 9, 1, 6, 4, 2, 10, 8, 7]);
vehicle = array1d(1..10, [1, 1, 1, 1, 1, 1, 1, 2, 1, 2]);
----------
arrivalTime = array2d(1..5, 1..10, [14, 23, 3, 30, 33, 37, 0, 0, 47, 0, 4, 26, 14, 33, 36, 40, 0, 0, 50, 0, 35, 44, 24, 4, 7, 11, 0, 0, 50, 0, 4, 43, 14, 27, 35, 31, 0, 0, 49, 0, 29, 3, 39, 21, 11, 15, 0, 0, 48, 0]);
objective = 438;
predecessor = array2d(1..5, 1..10, [3, 1, 7, 2, 4, 5, 10, 9, 6, 8, 7, 3, 1, 2, 4, 5, 10, 9, 6, 8, 3, 1, 6, 7, 4, 5, 10, 9, 2, 8, 7, 5, 1, 3, 6, 4, 10, 9, 2, 8, 4, 7, 1, 6, 2, 5, 10, 9, 3, 8]);
successor = array2d(1..5, 1..10, [2, 4, 1, 5, 6, 9, 3, 10, 8, 7, 3, 4, 2, 5, 6, 9, 1, 10, 8, 7, 2, 9, 1, 5, 6, 3, 4, 10, 8, 7, 3, 9, 4, 6, 2, 5, 1, 10, 8, 7, 3, 5, 9, 1, 6, 4, 2, 10, 8, 7]);
vehicle = array1d(1..10, [1, 1, 1, 1, 1, 1, 1, 2, 1, 2]);
----------
arrivalTime = array2d(1..5, 1..10, [14, 23, 3, 30, 33, 37, 0, 0, 47, 0, 4, 26, 14, 33, 36, 40, 0, 0, 50, 0, 4, 26, 14, 44, 34, 38, 0, 0, 49, 0, 17, 26, 6, 33, 41, 37, 0, 0, 50, 0, 29, 3, 39, 21, 11, 15, 0, 0, 48, 0]);
objective = 437;
predecessor = array2d(1..5, 1..10, [3, 1, 7, 2, 4, 5, 10, 9, 6, 8, 7, 3, 1, 2, 4, 5, 10, 9, 6, 8, 7, 3, 1, 6, 2, 5, 10, 9, 4, 8, 3, 1, 7, 2, 6, 4, 10, 9, 5, 8, 4, 7, 1, 6, 2, 5, 10, 9, 3, 8]);
successor = array2d(1..5, 1..10, [2, 4, 1, 5, 6, 9, 3, 10, 8, 7, 3, 4, 2, 5, 6, 9, 1, 10, 8, 7, 3, 5, 2, 9, 6, 4, 1, 10, 8, 7, 2, 4, 1, 6, 9, 5, 3, 10, 8, 7, 3, 5, 9, 1, 6, 4, 2, 10, 8, 7]);
vehicle = array1d(1..10, [1, 1, 1, 1, 1, 1, 1, 2, 1, 2]);
----------
arrivalTime = array2d(1..5, 1..10, [14, 23, 3, 30, 33, 37, 0, 0, 47, 0, 4, 26, 14, 33, 36, 40, 0, 0, 50, 0, 4, 26, 14, 44, 34, 38, 0, 0, 49, 0, 4, 43, 14, 27, 35, 31, 0, 0, 49, 0, 29, 3, 39, 21, 11, 15, 0, 0, 48, 0]);
objective = 436;
predecessor = array2d(1..5, 1..10, [3, 1, 7, 2, 4, 5, 10, 9, 6, 8, 7, 3, 1, 2, 4, 5, 10, 9, 6, 8, 7, 3, 1, 6, 2, 5, 10, 9, 4, 8, 7, 5, 1, 3, 6, 4, 10, 9, 2, 8, 4, 7, 1, 6, 2, 5, 10, 9, 3, 8]);
successor = array2d(1..5, 1..10, [2, 4, 1, 5, 6, 9, 3, 10, 8, 7, 3, 4, 2, 5, 6, 9, 1, 10, 8, 7, 3, 5, 2, 9, 6, 4, 1, 10, 8, 7, 3, 9, 4, 6, 2, 5, 1, 10, 8, 7, 3, 5, 9, 1, 6, 4, 2, 10, 8, 7]);
vehicle = array1d(1..10, [1, 1, 1, 1, 1, 1, 1, 2, 1, 2]);
----------
arrivalTime = array2d(1..5, 1..10, [14, 23, 3, 41, 31, 35, 0, 0, 46, 0, 4, 26, 14, 33, 36, 40, 0, 0, 50, 0, 35, 44, 24, 4, 7, 11, 0, 0, 50, 0, 4, 43, 14, 27, 35, 31, 0, 0, 49, 0, 29, 3, 39, 21, 11, 15, 0, 0, 48, 0]);
objective = 435;
predecessor = array2d(1..5, 1..10, [3, 1, 7, 6, 2, 5, 10, 9, 4, 8, 7, 3, 1, 2, 4, 5, 10, 9, 6, 8, 3, 1, 6, 7, 4, 5, 10, 9, 2, 8, 7, 5, 1, 3, 6, 4, 10, 9, 2, 8, 4, 7, 1, 6, 2, 5, 10, 9, 3, 8]);
successor = array2d(1..5, 1..10, [2, 5, 1, 9, 6, 4, 3, 10, 8, 7, 3, 4, 2, 5, 6, 9, 1, 10, 8, 7, 2, 9, 1, 5, 6, 3, 4, 10, 8, 7, 3, 9, 4, 6, 2, 5, 1, 10, 8, 7, 3, 5, 9, 1, 6, 4, 2, 10, 8, 7]);
vehicle = array1d(1..10, [1, 1, 1, 1, 1, 1, 1, 2, 1, 2]);
----------
arrivalTime = array2d(1..5, 1..10, [14, 23, 3, 41, 31, 35, 0, 0, 46, 0, 4, 26, 14, 33, 36, 40, 0, 0, 50, 0, 4, 26, 14, 44, 34, 38, 0, 0, 49, 0, 17, 26, 6, 33, 41, 37, 0, 0, 50, 0, 29, 3, 39, 21, 11, 15, 0, 0, 48, 0]);
objective = 434;
predecessor = array2d(1..5, 1..10, [3, 1, 7, 6, 2, 5, 10, 9, 4, 8, 7, 3, 1, 2, 4, 5, 10, 9, 6, 8, 7, 3, 1, 6, 2, 5, 10, 9, 4, 8, 3, 1, 7, 2, 6, 4, 10, 9, 5, 8, 4, 7, 1, 6, 2, 5, 10, 9, 3, 8]);
successor = array2d(1..5, 1..10, [2, 5, 1, 9, 6, 4, 3, 10, 8, 7, 3, 4, 2, 5, 6, 9, 1, 10, 8, 7, 3, 5, 2, 9, 6, 4, 1, 10, 8, 7, 2, 4, 1, 6, 9, 5, 3, 10, 8, 7, 3, 5, 9, 1, 6, 4, 2, 10, 8, 7]);
vehicle = array1d(1..10, [1, 1, 1, 1, 1, 1, 1, 2, 1, 2]);
----------
arrivalTime = array2d(1..5, 1..10, [14, 23, 3, 41, 31, 35, 0, 0, 46, 0, 4, 26, 14, 33, 36, 40, 0, 0, 50, 0, 4, 26, 14, 44, 34, 38, 0, 0, 49, 0, 4, 43, 14, 27, 35, 31, 0, 0, 49, 0, 29, 3, 39, 21, 11, 15, 0, 0, 48, 0]);
objective = 433;
predecessor = array2d(1..5, 1..10, [3, 1, 7, 6, 2, 5, 10, 9, 4, 8, 7, 3, 1, 2, 4, 5, 10, 9, 6, 8, 7, 3, 1, 6, 2, 5, 10, 9, 4, 8, 7, 5, 1, 3, 6, 4, 10, 9, 2, 8, 4, 7, 1, 6, 2, 5, 10, 9, 3, 8]);
successor = array2d(1..5, 1..10, [2, 5, 1, 9, 6, 4, 3, 10, 8, 7, 3, 4, 2, 5, 6, 9, 1, 10, 8, 7, 3, 5, 2, 9, 6, 4, 1, 10, 8, 7, 3, 9, 4, 6, 2, 5, 1, 10, 8, 7, 3, 5, 9, 1, 6, 4, 2, 10, 8, 7]);
vehicle = array1d(1..10, [1, 1, 1, 1, 1, 1, 1, 2, 1, 2]);
----------
arrivalTime = array2d(1..5, 1..10, [4, 13, 22, 35, 38, 7, 0, 0, 47, 17, 4, 17, 39, 24, 27, 7, 0, 0, 48, 17, 4, 13, 22, 35, 38, 7, 0, 0, 47, 17, 4, 13, 22, 35, 41, 7, 0, 0, 50, 17, 14, 26, 3, 33, 38, 7, 0, 0, 47, 17]);
objective = 428;
predecessor = array2d(1..5, 1..10, [7, 1, 2, 3, 4, 8, 10, 9, 5, 6, 7, 1, 5, 2, 4, 8, 10, 9, 3, 6, 7, 1, 2, 3, 4, 8, 10, 9, 5, 6, 7, 1, 2, 3, 4, 8, 10, 9, 5, 6, 3, 1, 7, 2, 4, 8, 10, 9, 5, 6]);
successor = array2d(1..5, 1..10, [2, 3, 4, 5, 9, 10, 1, 6, 8, 7, 2, 4, 9, 5, 3, 10, 1, 6, 8, 7, 2, 3, 4, 5, 9, 10, 1, 6, 8, 7, 2, 3, 4, 5, 9, 10, 1, 6, 8, 7, 2, 4, 1, 5, 9, 10, 3, 6, 8, 7]);
vehicle = array1d(1..10, [1, 1, 1, 1, 1, 2, 1, 2, 1, 2]);
----------
arrivalTime = array2d(1..5, 1..10, [4, 13, 22, 35, 38, 7, 0, 0, 47, 17, 4, 17, 39, 24, 27, 7, 0, 0, 48, 17, 4, 13, 22, 35, 38, 7, 0, 0, 47, 17, 4, 13, 22, 35, 41, 7, 0, 0, 50, 17, 14, 26, 3, 41, 34, 7, 0, 0, 46, 17]);
objective = 427;
predecessor = array2d(1..5, 1..10, [7, 1, 2, 3, 4, 8, 10, 9, 5, 6, 7, 1, 5, 2, 4, 8, 10, 9, 3, 6, 7, 1, 2, 3, 4, 8, 10, 9, 5, 6, 7, 1, 2, 3, 4, 8, 10, 9, 5, 6, 3, 1, 7, 5, 2, 8, 10, 9, 4, 6]);
successor = array2d(1..5, 1..10, [2, 3, 4, 5, 9, 10, 1, 6, 8, 7, 2, 4, 9, 5, 3, 10, 1, 6, 8, 7, 2, 3, 4, 5, 9, 10, 1, 6, 8, 7, 2, 3, 4, 5, 9, 10, 1, 6, 8, 7, 2, 5, 1, 9, 4, 10, 3, 6, 8, 7]);
vehicle = array1d(1..10, [1, 1, 1, 1, 1, 2, 1, 2, 1, 2]);
----------
arrivalTime = array2d(1..5, 1..10, [4, 13, 22, 35, 38, 7, 0, 0, 47, 17, 4, 17, 39, 24, 27, 7, 0, 0, 48, 17, 4, 13, 22, 35, 38, 7, 0, 0, 47, 17, 4, 13, 22, 35, 41, 7, 0, 0, 50, 17, 26, 3, 36, 18, 11, 7, 0, 0, 45, 17]);
objective = 426;
predecessor = array2d(1..5, 1..10, [7, 1, 2, 3, 4, 8, 10, 9, 5, 6, 7, 1, 5, 2, 4, 8, 10, 9, 3, 6, 7, 1, 2, 3, 4, 8, 10, 9, 5, 6, 7, 1, 2, 3, 4, 8, 10, 9, 5, 6, 4, 7, 1, 5, 2, 8, 10, 9, 3, 6]);
successor = array2d(1..5, 1..10, [2, 3, 4, 5, 9, 10, 1, 6, 8, 7, 2, 4, 9, 5, 3, 10, 1, 6, 8, 7, 2, 3, 4, 5, 9, 10, 1, 6, 8, 7, 2, 3, 4, 5, 9, 10, 1, 6, 8, 7, 3, 5, 9, 1, 4, 10, 2, 6, 8, 7]);
vehicle = array1d(1..10, [1, 1, 1, 1, 1, 2, 1, 2, 1, 2]);
----------
arrivalTime = array2d(1..5, 1..10, [4, 13, 22, 35, 38, 7, 0, 0, 47, 17, 4, 17, 39, 24, 27, 7, 0, 0, 48, 17, 4, 13, 22, 35, 38, 7, 0, 0, 47, 17, 4, 13, 37, 29, 21, 7, 0, 0, 49, 17, 26, 3, 36, 18, 11, 7, 0, 0, 45, 17]);
objective = 425;
predecessor = array2d(1..5, 1..10, [7, 1, 2, 3, 4, 8, 10, 9, 5, 6, 7, 1, 5, 2, 4, 8, 10, 9, 3, 6, 7, 1, 2, 3, 4, 8, 10, 9, 5, 6, 7, 1, 4, 5, 2, 8, 10, 9, 3, 6, 4, 7, 1, 5, 2, 8, 10, 9, 3, 6]);
successor = array2d(1..5, 1..10, [2, 3, 4, 5, 9, 10, 1, 6, 8, 7, 2, 4, 9, 5, 3, 10, 1, 6, 8, 7, 2, 3, 4, 5, 9, 10, 1, 6, 8, 7, 2, 5, 9, 3, 4, 10, 1, 6, 8, 7, 3, 5, 9, 1, 4, 10, 2, 6, 8, 7]);
vehicle = array1d(1..10, [1, 1, 1, 1, 1, 2, 1, 2, 1, 2]);
----------
arrivalTime = array2d(1..5, 1..10, [4, 13, 22, 35, 38, 7, 0, 0, 47, 17, 4, 17, 39, 24, 27, 7, 0, 0, 48, 17, 4, 13, 22, 35, 38, 7, 0, 0, 47, 17, 17, 26, 6, 33, 39, 7, 0, 0, 48, 17, 26, 3, 36, 18, 11, 7, 0, 0, 45, 17]);
objective = 424;
predecessor = array2d(1..5, 1..10, [7, 1, 2, 3, 4, 8, 10, 9, 5, 6, 7, 1, 5, 2, 4, 8, 10, 9, 3, 6, 7, 1, 2, 3, 4, 8, 10, 9, 5, 6, 3, 1, 7, 2, 4, 8, 10, 9, 5, 6, 4, 7, 1, 5, 2, 8, 10, 9, 3, 6]);
successor = array2d(1..5, 1..10, [2, 3, 4, 5, 9, 10, 1, 6, 8, 7, 2, 4, 9, 5, 3, 10, 1, 6, 8, 7, 2, 3, 4, 5, 9, 10, 1, 6, 8, 7, 2, 4, 1, 5, 9, 10, 3, 6, 8, 7, 3, 5, 9, 1, 4, 10, 2, 6, 8, 7]);
vehicle = array1d(1..10, [1, 1, 1, 1, 1, 2, 1, 2, 1, 2]);
----------
arrivalTime = array2d(1..5, 1..10, [4, 13, 22, 35, 38, 7, 0, 0, 47, 17, 4, 17, 39, 24, 27, 7, 0, 0, 48, 17, 4, 13, 22, 35, 38, 7, 0, 0, 47, 17, 4, 41, 14, 27, 33, 7, 0, 0, 47, 17, 26, 3, 36, 18, 11, 7, 0, 0, 45, 17]);
objective = 423;
predecessor = array2d(1..5, 1..10, [7, 1, 2, 3, 4, 8, 10, 9, 5, 6, 7, 1, 5, 2, 4, 8, 10, 9, 3, 6, 7, 1, 2, 3, 4, 8, 10, 9, 5, 6, 7, 5, 1, 3, 4, 8, 10, 9, 2, 6, 4, 7, 1, 5, 2, 8, 10, 9, 3, 6]);
successor = array2d(1..5, 1..10, [2, 3, 4, 5, 9, 10, 1, 6, 8, 7, 2, 4, 9, 5, 3, 10, 1, 6, 8, 7, 2, 3, 4, 5, 9, 10, 1, 6, 8, 7, 3, 9, 4, 5, 2, 10, 1, 6, 8, 7, 3, 5, 9, 1, 4, 10, 2, 6, 8, 7]);
vehicle = array1d(1..10, [1, 1, 1, 1, 1, 2, 1, 2, 1, 2]);
----------
arrivalTime = array2d(1..5, 1..10, [4, 13, 22, 35, 38, 7, 0, 0, 47, 17, 4, 17, 39, 24, 27, 7, 0, 0, 48, 17, 30, 39, 19, 4, 7, 7, 0, 0, 45, 17, 4, 13, 22, 35, 41, 7, 0, 0, 50, 17, 26, 3, 36, 18, 11, 7, 0, 0, 45, 17]);
objective = 422;
predecessor = array2d(1..5, 1..10, [7, 1, 2, 3, 4, 8, 10, 9, 5, 6, 7, 1, 5, 2, 4, 8, 10, 9, 3, 6, 3, 1, 5, 7, 4, 8, 10, 9, 2, 6, 7, 1, 2, 3, 4, 8, 10, 9, 5, 6, 4, 7, 1, 5, 2, 8, 10, 9, 3, 6]);
successor = array2d(1..5, 1..10, [2, 3, 4, 5, 9, 10, 1, 6, 8, 7, 2, 4, 9, 5, 3, 10, 1, 6, 8, 7, 2, 9, 1, 5, 3, 10, 4, 6, 8, 7, 2, 3, 4, 5, 9, 10, 1, 6, 8, 7, 3, 5, 9, 1, 4, 10, 2, 6, 8, 7]);
vehicle = array1d(1..10, [1, 1, 1, 1, 1, 2, 1, 2, 1, 2]);
----------
arrivalTime = array2d(1..5, 1..10, [4, 13, 22, 35, 38, 7, 0, 0, 47, 17, 4, 17, 39, 24, 27, 7, 0, 0, 48, 17, 30, 39, 19, 4, 7, 7, 0, 0, 45, 17, 4, 13, 37, 29, 21, 7, 0, 0, 49, 17, 26, 3, 36, 18, 11, 7, 0, 0, 45, 17]);
objective = 421;
predecessor = array2d(1..5, 1..10, [7, 1, 2, 3, 4, 8, 10, 9, 5, 6, 7, 1, 5, 2, 4, 8, 10, 9, 3, 6, 3, 1, 5, 7, 4, 8, 10, 9, 2, 6, 7, 1, 4, 5, 2, 8, 10, 9, 3, 6, 4, 7, 1, 5, 2, 8, 10, 9, 3, 6]);
successor = array2d(1..5, 1..10, [2, 3, 4, 5, 9, 10, 1, 6, 8, 7, 2, 4, 9, 5, 3, 10, 1, 6, 8, 7, 2, 9, 1, 5, 3, 10, 4, 6, 8, 7, 2, 5, 9, 3, 4, 10, 1, 6, 8, 7, 3, 5, 9, 1, 4, 10, 2, 6, 8, 7]);
vehicle = array1d(1..10, [1, 1, 1, 1, 1, 2, 1, 2, 1, 2]);
----------
arrivalTime = array2d(1..5, 1..10, [4, 13, 22, 35, 38, 7, 0, 0, 47, 17, 4, 17, 39, 24, 27, 7, 0, 0, 48, 17, 30, 39, 19, 4, 7, 7, 0, 0, 45, 17, 17, 26, 6, 33, 39, 7, 0, 0, 48, 17, 26, 3, 36, 18, 11, 7, 0, 0, 45, 17]);
objective = 420;
predecessor = array2d(1..5, 1..10, [7, 1, 2, 3, 4, 8, 10, 9, 5, 6, 7, 1, 5, 2, 4, 8, 10, 9, 3, 6, 3, 1, 5, 7, 4, 8, 10, 9, 2, 6, 3, 1, 7, 2, 4, 8, 10, 9, 5, 6, 4, 7, 1, 5, 2, 8, 10, 9, 3, 6]);
successor = array2d(1..5, 1..10, [2, 3, 4, 5, 9, 10, 1, 6, 8, 7, 2, 4, 9, 5, 3, 10, 1, 6, 8, 7, 2, 9, 1, 5, 3, 10, 4, 6, 8, 7, 2, 4, 1, 5, 9, 10, 3, 6, 8, 7, 3, 5, 9, 1, 4, 10, 2, 6, 8, 7]);
vehicle = array1d(1..10, [1, 1, 1, 1, 1, 2, 1, 2, 1, 2]);
----------
arrivalTime = array2d(1..5, 1..10, [4, 13, 22, 35, 38, 7, 0, 0, 47, 17, 4, 17, 39, 24, 27, 7, 0, 0, 48, 17, 30, 39, 19, 4, 7, 7, 0, 0, 45, 17, 4, 41, 14, 27, 33, 7, 0, 0, 47, 17, 26, 3, 36, 18, 11, 7, 0, 0, 45, 17]);
objective = 419;
predecessor = array2d(1..5, 1..10, [7, 1, 2, 3, 4, 8, 10, 9, 5, 6, 7, 1, 5, 2, 4, 8, 10, 9, 3, 6, 3, 1, 5, 7, 4, 8, 10, 9, 2, 6, 7, 5, 1, 3, 4, 8, 10, 9, 2, 6, 4, 7, 1, 5, 2, 8, 10, 9, 3, 6]);
successor = array2d(1..5, 1..10, [2, 3, 4, 5, 9, 10, 1, 6, 8, 7, 2, 4, 9, 5, 3, 10, 1, 6, 8, 7, 2, 9, 1, 5, 3, 10, 4, 6, 8, 7, 3, 9, 4, 5, 2, 10, 1, 6, 8, 7, 3, 5, 9, 1, 4, 10, 2, 6, 8, 7]);
vehicle = array1d(1..10, [1, 1, 1, 1, 1, 2, 1, 2, 1, 2]);
----------
arrivalTime = array2d(1..5, 1..10, [4, 13, 22, 35, 38, 7, 0, 0, 47, 17, 4, 17, 39, 24, 27, 7, 0, 0, 48, 17, 4, 26, 14, 39, 34, 7, 0, 0, 44, 17, 17, 26, 6, 33, 39, 7, 0, 0, 48, 17, 26, 3, 36, 18, 11, 7, 0, 0, 45, 17]);
objective = 418;
predecessor = array2d(1..5, 1..10, [7, 1, 2, 3, 4, 8, 10, 9, 5, 6, 7, 1, 5, 2, 4, 8, 10, 9, 3, 6, 7, 3, 1, 5, 2, 8, 10, 9, 4, 6, 3, 1, 7, 2, 4, 8, 10, 9, 5, 6, 4, 7, 1, 5, 2, 8, 10, 9, 3, 6]);
successor = array2d(1..5, 1..10, [2, 3, 4, 5, 9, 10, 1, 6, 8, 7, 2, 4, 9, 5, 3, 10, 1, 6, 8, 7, 3, 5, 2, 9, 4, 10, 1, 6, 8, 7, 2, 4, 1, 5, 9, 10, 3, 6, 8, 7, 3, 5, 9, 1, 4, 10, 2, 6, 8, 7]);
vehicle = array1d(1..10, [1, 1, 1, 1, 1, 2, 1, 2, 1, 2]);
----------
arrivalTime = array2d(1..5, 1..10, [4, 13, 22, 35, 38, 7, 0, 0, 47, 17, 4, 17, 39, 24, 27, 7, 0, 0, 48, 17, 4, 26, 14, 39, 34, 7, 0, 0, 44, 17, 4, 41, 14, 27, 33, 7, 0, 0, 47, 17, 26, 3, 36, 18, 11, 7, 0, 0, 45, 17]);
objective = 417;
predecessor = array2d(1..5, 1..10, [7, 1, 2, 3, 4, 8, 10, 9, 5, 6, 7, 1, 5, 2, 4, 8, 10, 9, 3, 6, 7, 3, 1, 5, 2, 8, 10, 9, 4, 6, 7, 5, 1, 3, 4, 8, 10, 9, 2, 6, 4, 7, 1, 5, 2, 8, 10, 9, 3, 6]);
successor = array2d(1..5, 1..10, [2, 3, 4, 5, 9, 10, 1, 6, 8, 7, 2, 4, 9, 5, 3, 10, 1, 6, 8, 7, 3, 5, 2, 9, 4, 10, 1, 6, 8, 7, 3, 9, 4, 5, 2, 10, 1, 6, 8, 7, 3, 5, 9, 1, 4, 10, 2, 6, 8, 7]);
vehicle = array1d(1..10, [1, 1, 1, 1, 1, 2, 1, 2, 1, 2]);
----------
arrivalTime = array2d(1..5, 1..10, [4, 13, 22, 35, 38, 7, 0, 0, 47, 17, 4, 17, 38, 30, 25, 7, 0, 0, 47, 17, 4, 26, 14, 39, 34, 7, 0, 0, 44, 17, 17, 26, 6, 33, 39, 7, 0, 0, 48, 17, 26, 3, 36, 18, 11, 7, 0, 0, 45, 17]);
objective = 416;
predecessor = array2d(1..5, 1..10, [7, 1, 2, 3, 4, 8, 10, 9, 5, 6, 7, 1, 4, 5, 2, 8, 10, 9, 3, 6, 7, 3, 1, 5, 2, 8, 10, 9, 4, 6, 3, 1, 7, 2, 4, 8, 10, 9, 5, 6, 4, 7, 1, 5, 2, 8, 10, 9, 3, 6]);
successor = array2d(1..5, 1..10, [2, 3, 4, 5, 9, 10, 1, 6, 8, 7, 2, 5, 9, 3, 4, 10, 1, 6, 8, 7, 3, 5, 2, 9, 4, 10, 1, 6, 8, 7, 2, 4, 1, 5, 9, 10, 3, 6, 8, 7, 3, 5, 9, 1, 4, 10, 2, 6, 8, 7]);
vehicle = array1d(1..10, [1, 1, 1, 1, 1, 2, 1, 2, 1, 2]);
----------
arrivalTime = array2d(1..5, 1..10, [4, 13, 22, 35, 38, 7, 0, 0, 47, 17, 4, 17, 38, 30, 25, 7, 0, 0, 47, 17, 4, 26, 14, 39, 34, 7, 0, 0, 44, 17, 4, 41, 14, 27, 33, 7, 0, 0, 47, 17, 26, 3, 36, 18, 11, 7, 0, 0, 45, 17]);
objective = 415;
predecessor = array2d(1..5, 1..10, [7, 1, 2, 3, 4, 8, 10, 9, 5, 6, 7, 1, 4, 5, 2, 8, 10, 9, 3, 6, 7, 3, 1, 5, 2, 8, 10, 9, 4, 6, 7, 5, 1, 3, 4, 8, 10, 9, 2, 6, 4, 7, 1, 5, 2, 8, 10, 9, 3, 6]);
successor = array2d(1..5, 1..10, [2, 3, 4, 5, 9, 10, 1, 6, 8, 7, 2, 5, 9, 3, 4, 10, 1, 6, 8, 7, 3, 5, 2, 9, 4, 10, 1, 6, 8, 7, 3, 9, 4, 5, 2, 10, 1, 6, 8, 7, 3, 5, 9, 1, 4, 10, 2, 6, 8, 7]);
vehicle = array1d(1..10, [1, 1, 1, 1, 1, 2, 1, 2, 1, 2]);
----------
arrivalTime = array2d(1..5, 1..10, [4, 13, 22, 35, 38, 7, 0, 0, 47, 17, 14, 27, 3, 34, 37, 7, 0, 0, 46, 17, 4, 26, 14, 39, 34, 7, 0, 0, 44, 17, 17, 26, 6, 33, 39, 7, 0, 0, 48, 17, 26, 3, 36, 18, 11, 7, 0, 0, 45, 17]);
objective = 414;
predecessor = array2d(1..5, 1..10, [7, 1, 2, 3, 4, 8, 10, 9, 5, 6, 3, 1, 7, 2, 4, 8, 10, 9, 5, 6, 7, 3, 1, 5, 2, 8, 10, 9, 4, 6, 3, 1, 7, 2, 4, 8, 10, 9, 5, 6, 4, 7, 1, 5, 2, 8, 10, 9, 3, 6]);
successor = array2d(1..5, 1..10, [2, 3, 4, 5, 9, 10, 1, 6, 8, 7, 2, 4, 1, 5, 9, 10, 3, 6, 8, 7, 3, 5, 2, 9, 4, 10, 1, 6, 8, 7, 2, 4, 1, 5, 9, 10, 3, 6, 8, 7, 3, 5, 9, 1, 4, 10, 2, 6, 8, 7]);
vehicle = array1d(1..10, [1, 1, 1, 1, 1, 2, 1, 2, 1, 2]);
----------
arrivalTime = array2d(1..5, 1..10, [4, 13, 22, 35, 38, 7, 0, 0, 47, 17, 14, 27, 3, 34, 37, 7, 0, 0, 46, 17, 4, 26, 14, 39, 34, 7, 0, 0, 44, 17, 4, 41, 14, 27, 33, 7, 0, 0, 47, 17, 26, 3, 36, 18, 11, 7, 0, 0, 45, 17]);
objective = 413;
predecessor = array2d(1..5, 1..10, [7, 1, 2, 3, 4, 8, 10, 9, 5, 6, 3, 1, 7, 2, 4, 8, 10, 9, 5, 6, 7, 3, 1, 5, 2, 8, 10, 9, 4, 6, 7, 5, 1, 3, 4, 8, 10, 9, 2, 6, 4, 7, 1, 5, 2, 8, 10, 9, 3, 6]);
successor = array2d(1..5, 1..10, [2, 3, 4, 5, 9, 10, 1, 6, 8, 7, 2, 4, 1, 5, 9, 10, 3, 6, 8, 7, 3, 5, 2, 9, 4, 10, 1, 6, 8, 7, 3, 9, 4, 5, 2, 10, 1, 6, 8, 7, 3, 5, 9, 1, 4, 10, 2, 6, 8, 7]);
vehicle = array1d(1..10, [1, 1, 1, 1, 1, 2, 1, 2, 1, 2]);
----------
arrivalTime = array2d(1..5, 1..10, [4, 13, 22, 35, 38, 7, 0, 0, 47, 17, 4, 26, 14, 33, 36, 7, 0, 0, 45, 17, 4, 26, 14, 39, 34, 7, 0, 0, 44, 17, 17, 26, 6, 33, 39, 7, 0, 0, 48, 17, 26, 3, 36, 18, 11, 7, 0, 0, 45, 17]);
objective = 412;
predecessor = array2d(1..5, 1..10, [7, 1, 2, 3, 4, 8, 10, 9, 5, 6, 7, 3, 1, 2, 4, 8, 10, 9, 5, 6, 7, 3, 1, 5, 2, 8, 10, 9, 4, 6, 3, 1, 7, 2, 4, 8, 10, 9, 5, 6, 4, 7, 1, 5, 2, 8, 10, 9, 3, 6]);
successor = array2d(1..5, 1..10, [2, 3, 4, 5, 9, 10, 1, 6, 8, 7, 3, 4, 2, 5, 9, 10, 1, 6, 8, 7, 3, 5, 2, 9, 4, 10, 1, 6, 8, 7, 2, 4, 1, 5, 9, 10, 3, 6, 8, 7, 3, 5, 9, 1, 4, 10, 2, 6, 8, 7]);
vehicle = array1d(1..10, [1, 1, 1, 1, 1, 2, 1, 2, 1, 2]);
----------
arrivalTime = array2d(1..5, 1..10, [4, 13, 22, 35, 38, 7, 0, 0, 47, 17, 4, 26, 14, 33, 36, 7, 0, 0, 45, 17, 4, 26, 14, 39, 34, 7, 0, 0, 44, 17, 4, 41, 14, 27, 33, 7, 0, 0, 47, 17, 26, 3, 36, 18, 11, 7, 0, 0, 45, 17]);
objective = 411;
predecessor = array2d(1..5, 1..10, [7, 1, 2, 3, 4, 8, 10, 9, 5, 6, 7, 3, 1, 2, 4, 8, 10, 9, 5, 6, 7, 3, 1, 5, 2, 8, 10, 9, 4, 6, 7, 5, 1, 3, 4, 8, 10, 9, 2, 6, 4, 7, 1, 5, 2, 8, 10, 9, 3, 6]);
successor = array2d(1..5, 1..10, [2, 3, 4, 5, 9, 10, 1, 6, 8, 7, 3, 4, 2, 5, 9, 10, 1, 6, 8, 7, 3, 5, 2, 9, 4, 10, 1, 6, 8, 7, 3, 9, 4, 5, 2, 10, 1, 6, 8, 7, 3, 5, 9, 1, 4, 10, 2, 6, 8, 7]);
vehicle = array1d(1..10, [1, 1, 1, 1, 1, 2, 1, 2, 1, 2]);
----------
arrivalTime = array2d(1..5, 1..10, [4, 13, 35, 20, 23, 7, 0, 0, 44, 17, 4, 17, 39, 24, 27, 7, 0, 0, 48, 17, 30, 39, 19, 4, 7, 7, 0, 0, 45, 17, 4, 41, 14, 27, 33, 7, 0, 0, 47, 17, 26, 3, 36, 18, 11, 7, 0, 0, 45, 17]);
objective = 410;
predecessor = array2d(1..5, 1..10, [7, 1, 5, 2, 4, 8, 10, 9, 3, 6, 7, 1, 5, 2, 4, 8, 10, 9, 3, 6, 3, 1, 5, 7, 4, 8, 10, 9, 2, 6, 7, 5, 1, 3, 4, 8, 10, 9, 2, 6, 4, 7, 1, 5, 2, 8, 10, 9, 3, 6]);
successor = array2d(1..5, 1..10, [2, 4, 9, 5, 3, 10, 1, 6, 8, 7, 2, 4, 9, 5, 3, 10, 1, 6, 8, 7, 2, 9, 1, 5, 3, 10, 4, 6, 8, 7, 3, 9, 4, 5, 2, 10, 1, 6, 8, 7, 3, 5, 9, 1, 4, 10, 2, 6, 8, 7]);
vehicle = array1d(1..10, [1, 1, 1, 1, 1, 2, 1, 2, 1, 2]);
----------
arrivalTime = array2d(1..5, 1..10, [4, 13, 35, 20, 23, 7, 0, 0, 44, 17, 4, 17, 39, 24, 27, 7, 0, 0, 48, 17, 4, 26, 14, 39, 34, 7, 0, 0, 44, 17, 17, 26, 6, 33, 39, 7, 0, 0, 48, 17, 26, 3, 36, 18, 11, 7, 0, 0, 45, 17]);
objective = 409;
predecessor = array2d(1..5, 1..10, [7, 1, 5, 2, 4, 8, 10, 9, 3, 6, 7, 1, 5, 2, 4, 8, 10, 9, 3, 6, 7, 3, 1, 5, 2, 8, 10, 9, 4, 6, 3, 1, 7, 2, 4, 8, 10, 9, 5, 6, 4, 7, 1, 5, 2, 8, 10, 9, 3, 6]);
successor = array2d(1..5, 1..10, [2, 4, 9, 5, 3, 10, 1, 6, 8, 7, 2, 4, 9, 5, 3, 10, 1, 6, 8, 7, 3, 5, 2, 9, 4, 10, 1, 6, 8, 7, 2, 4, 1, 5, 9, 10, 3, 6, 8, 7, 3, 5, 9, 1, 4, 10, 2, 6, 8, 7]);
vehicle = array1d(1..10, [1, 1, 1, 1, 1, 2, 1, 2, 1, 2]);
----------
arrivalTime = array2d(1..5, 1..10, [4, 13, 35, 20, 23, 7, 0, 0, 44, 17, 4, 17, 39, 24, 27, 7, 0, 0, 48, 17, 4, 26, 14, 39, 34, 7, 0, 0, 44, 17, 4, 41, 14, 27, 33, 7, 0, 0, 47, 17, 26, 3, 36, 18, 11, 7, 0, 0, 45, 17]);
objective = 408;
predecessor = array2d(1..5, 1..10, [7, 1, 5, 2, 4, 8, 10, 9, 3, 6, 7, 1, 5, 2, 4, 8, 10, 9, 3, 6, 7, 3, 1, 5, 2, 8, 10, 9, 4, 6, 7, 5, 1, 3, 4, 8, 10, 9, 2, 6, 4, 7, 1, 5, 2, 8, 10, 9, 3, 6]);
successor = array2d(1..5, 1..10, [2, 4, 9, 5, 3, 10, 1, 6, 8, 7, 2, 4, 9, 5, 3, 10, 1, 6, 8, 7, 3, 5, 2, 9, 4, 10, 1, 6, 8, 7, 3, 9, 4, 5, 2, 10, 1, 6, 8, 7, 3, 5, 9, 1, 4, 10, 2, 6, 8, 7]);
vehicle = array1d(1..10, [1, 1, 1, 1, 1, 2, 1, 2, 1, 2]);
----------
arrivalTime = array2d(1..5, 1..10, [4, 13, 35, 20, 23, 7, 0, 0, 44, 17, 4, 17, 38, 30, 25, 7, 0, 0, 47, 17, 4, 26, 14, 39, 34, 7, 0, 0, 44, 17, 17, 26, 6, 33, 39, 7, 0, 0, 48, 17, 26, 3, 36, 18, 11, 7, 0, 0, 45, 17]);
objective = 407;
predecessor = array2d(1..5, 1..10, [7, 1, 5, 2, 4, 8, 10, 9, 3, 6, 7, 1, 4, 5, 2, 8, 10, 9, 3, 6, 7, 3, 1, 5, 2, 8, 10, 9, 4, 6, 3, 1, 7, 2, 4, 8, 10, 9, 5, 6, 4, 7, 1, 5, 2, 8, 10, 9, 3, 6]);
successor = array2d(1..5, 1..10, [2, 4, 9, 5, 3, 10, 1, 6, 8, 7, 2, 5, 9, 3, 4, 10, 1, 6, 8, 7, 3, 5, 2, 9, 4, 10, 1, 6, 8, 7, 2, 4, 1, 5, 9, 10, 3, 6, 8, 7, 3, 5, 9, 1, 4, 10, 2, 6, 8, 7]);
vehicle = array1d(1..10, [1, 1, 1, 1, 1, 2, 1, 2, 1, 2]);
----------
arrivalTime = array2d(1..5, 1..10, [4, 13, 35, 20, 23, 7, 0, 0, 44, 17, 4, 17, 38, 30, 25, 7, 0, 0, 47, 17, 4, 26, 14, 39, 34, 7, 0, 0, 44, 17, 4, 41, 14, 27, 33, 7, 0, 0, 47, 17, 26, 3, 36, 18, 11, 7, 0, 0, 45, 17]);
objective = 406;
predecessor = array2d(1..5, 1..10, [7, 1, 5, 2, 4, 8, 10, 9, 3, 6, 7, 1, 4, 5, 2, 8, 10, 9, 3, 6, 7, 3, 1, 5, 2, 8, 10, 9, 4, 6, 7, 5, 1, 3, 4, 8, 10, 9, 2, 6, 4, 7, 1, 5, 2, 8, 10, 9, 3, 6]);
successor = array2d(1..5, 1..10, [2, 4, 9, 5, 3, 10, 1, 6, 8, 7, 2, 5, 9, 3, 4, 10, 1, 6, 8, 7, 3, 5, 2, 9, 4, 10, 1, 6, 8, 7, 3, 9, 4, 5, 2, 10, 1, 6, 8, 7, 3, 5, 9, 1, 4, 10, 2, 6, 8, 7]);
vehicle = array1d(1..10, [1, 1, 1, 1, 1, 2, 1, 2, 1, 2]);
----------
arrivalTime = array2d(1..5, 1..10, [4, 13, 35, 20, 23, 7, 0, 0, 44, 17, 14, 27, 3, 34, 37, 7, 0, 0, 46, 17, 4, 26, 14, 39, 34, 7, 0, 0, 44, 17, 17, 26, 6, 33, 39, 7, 0, 0, 48, 17, 26, 3, 36, 18, 11, 7, 0, 0, 45, 17]);
objective = 405;
predecessor = array2d(1..5, 1..10, [7, 1, 5, 2, 4, 8, 10, 9, 3, 6, 3, 1, 7, 2, 4, 8, 10, 9, 5, 6, 7, 3, 1, 5, 2, 8, 10, 9, 4, 6, 3, 1, 7, 2, 4, 8, 10, 9, 5, 6, 4, 7, 1, 5, 2, 8, 10, 9, 3, 6]);
successor = array2d(1..5, 1..10, [2, 4, 9, 5, 3, 10, 1, 6, 8, 7, 2, 4, 1, 5, 9, 10, 3, 6, 8, 7, 3, 5, 2, 9, 4, 10, 1, 6, 8, 7, 2, 4, 1, 5, 9, 10, 3, 6, 8, 7, 3, 5, 9, 1, 4, 10, 2, 6, 8, 7]);
vehicle = array1d(1..10, [1, 1, 1, 1, 1, 2, 1, 2, 1, 2]);
----------
arrivalTime = array2d(1..5, 1..10, [4, 13, 35, 20, 23, 7, 0, 0, 44, 17, 14, 27, 3, 34, 37, 7, 0, 0, 46, 17, 4, 26, 14, 39, 34, 7, 0, 0, 44, 17, 4, 41, 14, 27, 33, 7, 0, 0, 47, 17, 26, 3, 36, 18, 11, 7, 0, 0, 45, 17]);
objective = 404;
predecessor = array2d(1..5, 1..10, [7, 1, 5, 2, 4, 8, 10, 9, 3, 6, 3, 1, 7, 2, 4, 8, 10, 9, 5, 6, 7, 3, 1, 5, 2, 8, 10, 9, 4, 6, 7, 5, 1, 3, 4, 8, 10, 9, 2, 6, 4, 7, 1, 5, 2, 8, 10, 9, 3, 6]);
successor = array2d(1..5, 1..10, [2, 4, 9, 5, 3, 10, 1, 6, 8, 7, 2, 4, 1, 5, 9, 10, 3, 6, 8, 7, 3, 5, 2, 9, 4, 10, 1, 6, 8, 7, 3, 9, 4, 5, 2, 10, 1, 6, 8, 7, 3, 5, 9, 1, 4, 10, 2, 6, 8, 7]);
vehicle = array1d(1..10, [1, 1, 1, 1, 1, 2, 1, 2, 1, 2]);
----------
arrivalTime = array2d(1..5, 1..10, [4, 13, 35, 20, 23, 7, 0, 0, 44, 17, 4, 26, 14, 33, 36, 7, 0, 0, 45, 17, 4, 26, 14, 39, 34, 7, 0, 0, 44, 17, 17, 26, 6, 33, 39, 7, 0, 0, 48, 17, 26, 3, 36, 18, 11, 7, 0, 0, 45, 17]);
objective = 403;
predecessor = array2d(1..5, 1..10, [7, 1, 5, 2, 4, 8, 10, 9, 3, 6, 7, 3, 1, 2, 4, 8, 10, 9, 5, 6, 7, 3, 1, 5, 2, 8, 10, 9, 4, 6, 3, 1, 7, 2, 4, 8, 10, 9, 5, 6, 4, 7, 1, 5, 2, 8, 10, 9, 3, 6]);
successor = array2d(1..5, 1..10, [2, 4, 9, 5, 3, 10, 1, 6, 8, 7, 3, 4, 2, 5, 9, 10, 1, 6, 8, 7, 3, 5, 2, 9, 4, 10, 1, 6, 8, 7, 2, 4, 1, 5, 9, 10, 3, 6, 8, 7, 3, 5, 9, 1, 4, 10, 2, 6, 8, 7]);
vehicle = array1d(1..10, [1, 1, 1, 1, 1, 2, 1, 2, 1, 2]);
----------
arrivalTime = array2d(1..5, 1..10, [4, 13, 35, 20, 23, 7, 0, 0, 44, 17, 4, 26, 14, 33, 36, 7, 0, 0, 45, 17, 4, 26, 14, 39, 34, 7, 0, 0, 44, 17, 4, 41, 14, 27, 33, 7, 0, 0, 47, 17, 26, 3, 36, 18, 11, 7, 0, 0, 45, 17]);
objective = 402;
predecessor = array2d(1..5, 1..10, [7, 1, 5, 2, 4, 8, 10, 9, 3, 6, 7, 3, 1, 2, 4, 8, 10, 9, 5, 6, 7, 3, 1, 5, 2, 8, 10, 9, 4, 6, 7, 5, 1, 3, 4, 8, 10, 9, 2, 6, 4, 7, 1, 5, 2, 8, 10, 9, 3, 6]);
successor = array2d(1..5, 1..10, [2, 4, 9, 5, 3, 10, 1, 6, 8, 7, 3, 4, 2, 5, 9, 10, 1, 6, 8, 7, 3, 5, 2, 9, 4, 10, 1, 6, 8, 7, 3, 9, 4, 5, 2, 10, 1, 6, 8, 7, 3, 5, 9, 1, 4, 10, 2, 6, 8, 7]);
vehicle = array1d(1..10, [1, 1, 1, 1, 1, 2, 1, 2, 1, 2]);
----------
arrivalTime = array2d(1..5, 1..10, [4, 13, 34, 26, 21, 7, 0, 0, 43, 17, 14, 27, 3, 34, 37, 7, 0, 0, 46, 17, 4, 26, 14, 39, 34, 7, 0, 0, 44, 17, 4, 41, 14, 27, 33, 7, 0, 0, 47, 17, 26, 3, 36, 18, 11, 7, 0, 0, 45, 17]);
objective = 401;
predecessor = array2d(1..5, 1..10, [7, 1, 4, 5, 2, 8, 10, 9, 3, 6, 3, 1, 7, 2, 4, 8, 10, 9, 5, 6, 7, 3, 1, 5, 2, 8, 10, 9, 4, 6, 7, 5, 1, 3, 4, 8, 10, 9, 2, 6, 4, 7, 1, 5, 2, 8, 10, 9, 3, 6]);
successor = array2d(1..5, 1..10, [2, 5, 9, 3, 4, 10, 1, 6, 8, 7, 2, 4, 1, 5, 9, 10, 3, 6, 8, 7, 3, 5, 2, 9, 4, 10, 1, 6, 8, 7, 3, 9, 4, 5, 2, 10, 1, 6, 8, 7, 3, 5, 9, 1, 4, 10, 2, 6, 8, 7]);
vehicle = array1d(1..10, [1, 1, 1, 1, 1, 2, 1, 2, 1, 2]);
----------
arrivalTime = array2d(1..5, 1..10, [4, 13, 34, 26, 21, 7, 0, 0, 43, 17, 4, 26, 14, 33, 36, 7, 0, 0, 45, 17, 4, 26, 14, 39, 34, 7, 0, 0, 44, 17, 17, 26, 6, 33, 39, 7, 0, 0, 48, 17, 26, 3, 36, 18, 11, 7, 0, 0, 45, 17]);
objective = 400;
predecessor = array2d(1..5, 1..10, [7, 1, 4, 5, 2, 8, 10, 9, 3, 6, 7, 3, 1, 2, 4, 8, 10, 9, 5, 6, 7, 3, 1, 5, 2, 8, 10, 9, 4, 6, 3, 1, 7, 2, 4, 8, 10, 9, 5, 6, 4, 7, 1, 5, 2, 8, 10, 9, 3, 6]);
successor = array2d(1..5, 1..10, [2, 5, 9, 3, 4, 10, 1, 6, 8, 7, 3, 4, 2, 5, 9, 10, 1, 6, 8, 7, 3, 5, 2, 9, 4, 10, 1, 6, 8, 7, 2, 4, 1, 5, 9, 10, 3, 6, 8, 7, 3, 5, 9, 1, 4, 10, 2, 6, 8, 7]);
vehicle = array1d(1..10, [1, 1, 1, 1, 1, 2, 1, 2, 1, 2]);
----------
arrivalTime = array2d(1..5, 1..10, [4, 13, 34, 26, 21, 7, 0, 0, 43, 17, 4, 26, 14, 33, 36, 7, 0, 0, 45, 17, 4, 26, 14, 39, 34, 7, 0, 0, 44, 17, 4, 41, 14, 27, 33, 7, 0, 0, 47, 17, 26, 3, 36, 18, 11, 7, 0, 0, 45, 17]);
objective = 399;
predecessor = array2d(1..5, 1..10, [7, 1, 4, 5, 2, 8, 10, 9, 3, 6, 7, 3, 1, 2, 4, 8, 10, 9, 5, 6, 7, 3, 1, 5, 2, 8, 10, 9, 4, 6, 7, 5, 1, 3, 4, 8, 10, 9, 2, 6, 4, 7, 1, 5, 2, 8, 10, 9, 3, 6]);
successor = array2d(1..5, 1..10, [2, 5, 9, 3, 4, 10, 1, 6, 8, 7, 3, 4, 2, 5, 9, 10, 1, 6, 8, 7, 3, 5, 2, 9, 4, 10, 1, 6, 8, 7, 3, 9, 4, 5, 2, 10, 1, 6, 8, 7, 3, 5, 9, 1, 4, 10, 2, 6, 8, 7]);
vehicle = array1d(1..10, [1, 1, 1, 1, 1, 2, 1, 2, 1, 2]);
----------
arrivalTime = array2d(1..5, 1..10, [14, 23, 3, 30, 33, 7, 0, 0, 42, 17, 14, 27, 3, 34, 37, 7, 0, 0, 46, 17, 4, 26, 14, 39, 34, 7, 0, 0, 44, 17, 4, 41, 14, 27, 33, 7, 0, 0, 47, 17, 26, 3, 36, 18, 11, 7, 0, 0, 45, 17]);
objective = 398;
predecessor = array2d(1..5, 1..10, [3, 1, 7, 2, 4, 8, 10, 9, 5, 6, 3, 1, 7, 2, 4, 8, 10, 9, 5, 6, 7, 3, 1, 5, 2, 8, 10, 9, 4, 6, 7, 5, 1, 3, 4, 8, 10, 9, 2, 6, 4, 7, 1, 5, 2, 8, 10, 9, 3, 6]);
successor = array2d(1..5, 1..10, [2, 4, 1, 5, 9, 10, 3, 6, 8, 7, 2, 4, 1, 5, 9, 10, 3, 6, 8, 7, 3, 5, 2, 9, 4, 10, 1, 6, 8, 7, 3, 9, 4, 5, 2, 10, 1, 6, 8, 7, 3, 5, 9, 1, 4, 10, 2, 6, 8, 7]);
vehicle = array1d(1..10, [1, 1, 1, 1, 1, 2, 1, 2, 1, 2]);
----------
arrivalTime = array2d(1..5, 1..10, [14, 23, 3, 30, 33, 7, 0, 0, 42, 17, 4, 26, 14, 33, 36, 7, 0, 0, 45, 17, 4, 26, 14, 39, 34, 7, 0, 0, 44, 17, 17, 26, 6, 33, 39, 7, 0, 0, 48, 17, 26, 3, 36, 18, 11, 7, 0, 0, 45, 17]);
objective = 397;
predecessor = array2d(1..5, 1..10, [3, 1, 7, 2, 4, 8, 10, 9, 5, 6, 7, 3, 1, 2, 4, 8, 10, 9, 5, 6, 7, 3, 1, 5, 2, 8, 10, 9, 4, 6, 3, 1, 7, 2, 4, 8, 10, 9, 5, 6, 4, 7, 1, 5, 2, 8, 10, 9, 3, 6]);
successor = array2d(1..5, 1..10, [2, 4, 1, 5, 9, 10, 3, 6, 8, 7, 3, 4, 2, 5, 9, 10, 1, 6, 8, 7, 3, 5, 2, 9, 4, 10, 1, 6, 8, 7, 2, 4, 1, 5, 9, 10, 3, 6, 8, 7, 3, 5, 9, 1, 4, 10, 2, 6, 8, 7]);
vehicle = array1d(1..10, [1, 1, 1, 1, 1, 2, 1, 2, 1, 2]);
----------
arrivalTime = array2d(1..5, 1..10, [14, 23, 3, 30, 33, 7, 0, 0, 42, 17, 4, 26, 14, 33, 36, 7, 0, 0, 45, 17, 4, 26, 14, 39, 34, 7, 0, 0, 44, 17, 4, 41, 14, 27, 33, 7, 0, 0, 47, 17, 26, 3, 36, 18, 11, 7, 0, 0, 45, 17]);
objective = 396;
predecessor = array2d(1..5, 1..10, [3, 1, 7, 2, 4, 8, 10, 9, 5, 6, 7, 3, 1, 2, 4, 8, 10, 9, 5, 6, 7, 3, 1, 5, 2, 8, 10, 9, 4, 6, 7, 5, 1, 3, 4, 8, 10, 9, 2, 6, 4, 7, 1, 5, 2, 8, 10, 9, 3, 6]);
successor = array2d(1..5, 1..10, [2, 4, 1, 5, 9, 10, 3, 6, 8, 7, 3, 4, 2, 5, 9, 10, 1, 6, 8, 7, 3, 5, 2, 9, 4, 10, 1, 6, 8, 7, 3, 9, 4, 5, 2, 10, 1, 6, 8, 7, 3, 5, 9, 1, 4, 10, 2, 6, 8, 7]);
vehicle = array1d(1..10, [1, 1, 1, 1, 1, 2, 1, 2, 1, 2]);
----------
arrivalTime = array2d(1..5, 1..10, [14, 23, 3, 36, 31, 7, 0, 0, 41, 17, 14, 27, 3, 34, 37, 7, 0, 0, 46, 17, 4, 26, 14, 39, 34, 7, 0, 0, 44, 17, 4, 41, 14, 27, 33, 7, 0, 0, 47, 17, 26, 3, 36, 18, 11, 7, 0, 0, 45, 17]);
objective = 395;
predecessor = array2d(1..5, 1..10, [3, 1, 7, 5, 2, 8, 10, 9, 4, 6, 3, 1, 7, 2, 4, 8, 10, 9, 5, 6, 7, 3, 1, 5, 2, 8, 10, 9, 4, 6, 7, 5, 1, 3, 4, 8, 10, 9, 2, 6, 4, 7, 1, 5, 2, 8, 10, 9, 3, 6]);
successor = array2d(1..5, 1..10, [2, 5, 1, 9, 4, 10, 3, 6, 8, 7, 2, 4, 1, 5, 9, 10, 3, 6, 8, 7, 3, 5, 2, 9, 4, 10, 1, 6, 8, 7, 3, 9, 4, 5, 2, 10, 1, 6, 8, 7, 3, 5, 9, 1, 4, 10, 2, 6, 8, 7]);
vehicle = array1d(1..10, [1, 1, 1, 1, 1, 2, 1, 2, 1, 2]);
----------
arrivalTime = array2d(1..5, 1..10, [14, 23, 3, 36, 31, 7, 0, 0, 41, 17, 4, 26, 14, 33, 36, 7, 0, 0, 45, 17, 4, 26, 14, 39, 34, 7, 0, 0, 44, 17, 17, 26, 6, 33, 39, 7, 0, 0, 48, 17, 26, 3, 36, 18, 11, 7, 0, 0, 45, 17]);
objective = 394;
predecessor = array2d(1..5, 1..10, [3, 1, 7, 5, 2, 8, 10, 9, 4, 6, 7, 3, 1, 2, 4, 8, 10, 9, 5, 6, 7, 3, 1, 5, 2, 8, 10, 9, 4, 6, 3, 1, 7, 2, 4, 8, 10, 9, 5, 6, 4, 7, 1, 5, 2, 8, 10, 9, 3, 6]);
successor = array2d(1..5, 1..10, [2, 5, 1, 9, 4, 10, 3, 6, 8, 7, 3, 4, 2, 5, 9, 10, 1, 6, 8, 7, 3, 5, 2, 9, 4, 10, 1, 6, 8, 7, 2, 4, 1, 5, 9, 10, 3, 6, 8, 7, 3, 5, 9, 1, 4, 10, 2, 6, 8, 7]);
vehicle = array1d(1..10, [1, 1, 1, 1, 1, 2, 1, 2, 1, 2]);
----------
arrivalTime = array2d(1..5, 1..10, [14, 23, 3, 36, 31, 7, 0, 0, 41, 17, 4, 26, 14, 33, 36, 7, 0, 0, 45, 17, 4, 26, 14, 39, 34, 7, 0, 0, 44, 17, 4, 41, 14, 27, 33, 7, 0, 0, 47, 17, 26, 3, 36, 18, 11, 7, 0, 0, 45, 17]);
objective = 393;
predecessor = array2d(1..5, 1..10, [3, 1, 7, 5, 2, 8, 10, 9, 4, 6, 7, 3, 1, 2, 4, 8, 10, 9, 5, 6, 7, 3, 1, 5, 2, 8, 10, 9, 4, 6, 7, 5, 1, 3, 4, 8, 10, 9, 2, 6, 4, 7, 1, 5, 2, 8, 10, 9, 3, 6]);
successor = array2d(1..5, 1..10, [2, 5, 1, 9, 4, 10, 3, 6, 8, 7, 3, 4, 2, 5, 9, 10, 1, 6, 8, 7, 3, 5, 2, 9, 4, 10, 1, 6, 8, 7, 3, 9, 4, 5, 2, 10, 1, 6, 8, 7, 3, 5, 9, 1, 4, 10, 2, 6, 8, 7]);
vehicle = array1d(1..10, [1, 1, 1, 1, 1, 2, 1, 2, 1, 2]);
----------
arrivalTime = array2d(1..5, 1..10, [4, 13, 22, 35, 6, 10, 0, 0, 40, 20, 4, 17, 26, 39, 6, 10, 0, 0, 46, 20, 4, 13, 22, 35, 6, 10, 0, 0, 40, 20, 4, 13, 22, 35, 6, 10, 0, 0, 43, 20, 7, 19, 28, 41, 6, 10, 0, 0, 46, 20]);
objective = 381;
predecessor = array2d(1..5, 1..10, [7, 1, 2, 3, 8, 5, 10, 9, 4, 6, 7, 1, 2, 3, 8, 5, 10, 9, 4, 6, 7, 1, 2, 3, 8, 5, 10, 9, 4, 6, 7, 1, 2, 3, 8, 5, 10, 9, 4, 6, 7, 1, 2, 3, 8, 5, 10, 9, 4, 6]);
successor = array2d(1..5, 1..10, [2, 3, 4, 9, 6, 10, 1, 5, 8, 7, 2, 3, 4, 9, 6, 10, 1, 5, 8, 7, 2, 3, 4, 9, 6, 10, 1, 5, 8, 7, 2, 3, 4, 9, 6, 10, 1, 5, 8, 7, 2, 3, 4, 9, 6, 10, 1, 5, 8, 7]);
vehicle = array1d(1..10, [1, 1, 1, 1, 2, 2, 1, 2, 1, 2]);
----------
arrivalTime = array2d(1..5, 1..10, [4, 13, 22, 35, 6, 10, 0, 0, 40, 20, 4, 17, 26, 39, 6, 10, 0, 0, 46, 20, 4, 13, 22, 35, 6, 10, 0, 0, 40, 20, 4, 13, 22, 35, 6, 10, 0, 0, 43, 20, 7, 19, 34, 26, 6, 10, 0, 0, 43, 20]);
objective = 378;
predecessor = array2d(1..5, 1..10, [7, 1, 2, 3, 8, 5, 10, 9, 4, 6, 7, 1, 2, 3, 8, 5, 10, 9, 4, 6, 7, 1, 2, 3, 8, 5, 10, 9, 4, 6, 7, 1, 2, 3, 8, 5, 10, 9, 4, 6, 7, 1, 4, 2, 8, 5, 10, 9, 3, 6]);
successor = array2d(1..5, 1..10, [2, 3, 4, 9, 6, 10, 1, 5, 8, 7, 2, 3, 4, 9, 6, 10, 1, 5, 8, 7, 2, 3, 4, 9, 6, 10, 1, 5, 8, 7, 2, 3, 4, 9, 6, 10, 1, 5, 8, 7, 2, 4, 9, 3, 6, 10, 1, 5, 8, 7]);
vehicle = array1d(1..10, [1, 1, 1, 1, 2, 2, 1, 2, 1, 2]);
----------
arrivalTime = array2d(1..5, 1..10, [4, 13, 22, 35, 6, 10, 0, 0, 40, 20, 4, 17, 26, 39, 6, 10, 0, 0, 46, 20, 4, 13, 22, 35, 6, 10, 0, 0, 40, 20, 4, 13, 22, 35, 6, 10, 0, 0, 43, 20, 14, 26, 3, 33, 6, 10, 0, 0, 38, 20]);
objective = 373;
predecessor = array2d(1..5, 1..10, [7, 1, 2, 3, 8, 5, 10, 9, 4, 6, 7, 1, 2, 3, 8, 5, 10, 9, 4, 6, 7, 1, 2, 3, 8, 5, 10, 9, 4, 6, 7, 1, 2, 3, 8, 5, 10, 9, 4, 6, 3, 1, 7, 2, 8, 5, 10, 9, 4, 6]);
successor = array2d(1..5, 1..10, [2, 3, 4, 9, 6, 10, 1, 5, 8, 7, 2, 3, 4, 9, 6, 10, 1, 5, 8, 7, 2, 3, 4, 9, 6, 10, 1, 5, 8, 7, 2, 3, 4, 9, 6, 10, 1, 5, 8, 7, 2, 4, 1, 9, 6, 10, 3, 5, 8, 7]);
vehicle = array1d(1..10, [1, 1, 1, 1, 2, 2, 1, 2, 1, 2]);
----------
arrivalTime = array2d(1..5, 1..10, [4, 13, 22, 35, 6, 10, 0, 0, 40, 20, 4, 17, 26, 39, 6, 10, 0, 0, 46, 20, 4, 13, 22, 35, 6, 10, 0, 0, 40, 20, 4, 13, 22, 35, 6, 10, 0, 0, 43, 20, 18, 3, 28, 10, 6, 10, 0, 0, 37, 20]);
objective = 372;
predecessor = array2d(1..5, 1..10, [7, 1, 2, 3, 8, 5, 10, 9, 4, 6, 7, 1, 2, 3, 8, 5, 10, 9, 4, 6, 7, 1, 2, 3, 8, 5, 10, 9, 4, 6, 7, 1, 2, 3, 8, 5, 10, 9, 4, 6, 4, 7, 1, 2, 8, 5, 10, 9, 3, 6]);
successor = array2d(1..5, 1..10, [2, 3, 4, 9, 6, 10, 1, 5, 8, 7, 2, 3, 4, 9, 6, 10, 1, 5, 8, 7, 2, 3, 4, 9, 6, 10, 1, 5, 8, 7, 2, 3, 4, 9, 6, 10, 1, 5, 8, 7, 3, 4, 9, 1, 6, 10, 2, 5, 8, 7]);
vehicle = array1d(1..10, [1, 1, 1, 1, 2, 2, 1, 2, 1, 2]);
----------
arrivalTime = array2d(1..5, 1..10, [4, 13, 22, 35, 6, 10, 0, 0, 40, 20, 4, 17, 26, 39, 6, 10, 0, 0, 46, 20, 4, 13, 22, 35, 6, 10, 0, 0, 40, 20, 4, 13, 28, 20, 6, 10, 0, 0, 40, 20, 14, 26, 3, 33, 6, 10, 0, 0, 38, 20]);
objective = 370;
predecessor = array2d(1..5, 1..10, [7, 1, 2, 3, 8, 5, 10, 9, 4, 6, 7, 1, 2, 3, 8, 5, 10, 9, 4, 6, 7, 1, 2, 3, 8, 5, 10, 9, 4, 6, 7, 1, 4, 2, 8, 5, 10, 9, 3, 6, 3, 1, 7, 2, 8, 5, 10, 9, 4, 6]);
successor = array2d(1..5, 1..10, [2, 3, 4, 9, 6, 10, 1, 5, 8, 7, 2, 3, 4, 9, 6, 10, 1, 5, 8, 7, 2, 3, 4, 9, 6, 10, 1, 5, 8, 7, 2, 4, 9, 3, 6, 10, 1, 5, 8, 7, 2, 4, 1, 9, 6, 10, 3, 5, 8, 7]);
vehicle = array1d(1..10, [1, 1, 1, 1, 2, 2, 1, 2, 1, 2]);
----------
arrivalTime = array2d(1..5, 1..10, [4, 13, 22, 35, 6, 10, 0, 0, 40, 20, 4, 17, 26, 39, 6, 10, 0, 0, 46, 20, 4, 13, 22, 35, 6, 10, 0, 0, 40, 20, 4, 13, 28, 20, 6, 10, 0, 0, 40, 20, 18, 3, 28, 10, 6, 10, 0, 0, 37, 20]);
objective = 369;
predecessor = array2d(1..5, 1..10, [7, 1, 2, 3, 8, 5, 10, 9, 4, 6, 7, 1, 2, 3, 8, 5, 10, 9, 4, 6, 7, 1, 2, 3, 8, 5, 10, 9, 4, 6, 7, 1, 4, 2, 8, 5, 10, 9, 3, 6, 4, 7, 1, 2, 8, 5, 10, 9, 3, 6]);
successor = array2d(1..5, 1..10, [2, 3, 4, 9, 6, 10, 1, 5, 8, 7, 2, 3, 4, 9, 6, 10, 1, 5, 8, 7, 2, 3, 4, 9, 6, 10, 1, 5, 8, 7, 2, 4, 9, 3, 6, 10, 1, 5, 8, 7, 3, 4, 9, 1, 6, 10, 2, 5, 8, 7]);
vehicle = array1d(1..10, [1, 1, 1, 1, 2, 2, 1, 2, 1, 2]);
----------
arrivalTime = array2d(1..5, 1..10, [4, 13, 22, 35, 6, 10, 0, 0, 40, 20, 4, 17, 26, 39, 6, 10, 0, 0, 46, 20, 4, 13, 22, 35, 6, 10, 0, 0, 40, 20, 4, 32, 14, 27, 6, 10, 0, 0, 38, 20, 14, 26, 3, 33, 6, 10, 0, 0, 38, 20]);
objective = 368;
predecessor = array2d(1..5, 1..10, [7, 1, 2, 3, 8, 5, 10, 9, 4, 6, 7, 1, 2, 3, 8, 5, 10, 9, 4, 6, 7, 1, 2, 3, 8, 5, 10, 9, 4, 6, 7, 4, 1, 3, 8, 5, 10, 9, 2, 6, 3, 1, 7, 2, 8, 5, 10, 9, 4, 6]);
successor = array2d(1..5, 1..10, [2, 3, 4, 9, 6, 10, 1, 5, 8, 7, 2, 3, 4, 9, 6, 10, 1, 5, 8, 7, 2, 3, 4, 9, 6, 10, 1, 5, 8, 7, 3, 9, 4, 2, 6, 10, 1, 5, 8, 7, 2, 4, 1, 9, 6, 10, 3, 5, 8, 7]);
vehicle = array1d(1..10, [1, 1, 1, 1, 2, 2, 1, 2, 1, 2]);
----------
arrivalTime = array2d(1..5, 1..10, [4, 13, 22, 35, 6, 10, 0, 0, 40, 20, 4, 17, 26, 39, 6, 10, 0, 0, 46, 20, 4, 13, 22, 35, 6, 10, 0, 0, 40, 20, 4, 32, 14, 27, 6, 10, 0, 0, 38, 20, 18, 3, 28, 10, 6, 10, 0, 0, 37, 20]);
objective = 367;
predecessor = array2d(1..5, 1..10, [7, 1, 2, 3, 8, 5, 10, 9, 4, 6, 7, 1, 2, 3, 8, 5, 10, 9, 4, 6, 7, 1, 2, 3, 8, 5, 10, 9, 4, 6, 7, 4, 1, 3, 8, 5, 10, 9, 2, 6, 4, 7, 1, 2, 8, 5, 10, 9, 3, 6]);
successor = array2d(1..5, 1..10, [2, 3, 4, 9, 6, 10, 1, 5, 8, 7, 2, 3, 4, 9, 6, 10, 1, 5, 8, 7, 2, 3, 4, 9, 6, 10, 1, 5, 8, 7, 3, 9, 4, 2, 6, 10, 1, 5, 8, 7, 3, 4, 9, 1, 6, 10, 2, 5, 8, 7]);
vehicle = array1d(1..10, [1, 1, 1, 1, 2, 2, 1, 2, 1, 2]);
----------
arrivalTime = array2d(1..5, 1..10, [4, 13, 22, 35, 6, 10, 0, 0, 40, 20, 4, 17, 26, 39, 6, 10, 0, 0, 46, 20, 23, 32, 12, 4, 6, 10, 0, 0, 38, 20, 4, 13, 28, 20, 6, 10, 0, 0, 40, 20, 14, 26, 3, 33, 6, 10, 0, 0, 38, 20]);
objective = 366;
predecessor = array2d(1..5, 1..10, [7, 1, 2, 3, 8, 5, 10, 9, 4, 6, 7, 1, 2, 3, 8, 5, 10, 9, 4, 6, 3, 1, 4, 7, 8, 5, 10, 9, 2, 6, 7, 1, 4, 2, 8, 5, 10, 9, 3, 6, 3, 1, 7, 2, 8, 5, 10, 9, 4, 6]);
successor = array2d(1..5, 1..10, [2, 3, 4, 9, 6, 10, 1, 5, 8, 7, 2, 3, 4, 9, 6, 10, 1, 5, 8, 7, 2, 9, 1, 3, 6, 10, 4, 5, 8, 7, 2, 4, 9, 3, 6, 10, 1, 5, 8, 7, 2, 4, 1, 9, 6, 10, 3, 5, 8, 7]);
vehicle = array1d(1..10, [1, 1, 1, 1, 2, 2, 1, 2, 1, 2]);
----------
arrivalTime = array2d(1..5, 1..10, [4, 13, 22, 35, 6, 10, 0, 0, 40, 20, 4, 17, 26, 39, 6, 10, 0, 0, 46, 20, 23, 32, 12, 4, 6, 10, 0, 0, 38, 20, 4, 13, 28, 20, 6, 10, 0, 0, 40, 20, 18, 3, 28, 10, 6, 10, 0, 0, 37, 20]);
objective = 365;
predecessor = array2d(1..5, 1..10, [7, 1, 2, 3, 8, 5, 10, 9, 4, 6, 7, 1, 2, 3, 8, 5, 10, 9, 4, 6, 3, 1, 4, 7, 8, 5, 10, 9, 2, 6, 7, 1, 4, 2, 8, 5, 10, 9, 3, 6, 4, 7, 1, 2, 8, 5, 10, 9, 3, 6]);
successor = array2d(1..5, 1..10, [2, 3, 4, 9, 6, 10, 1, 5, 8, 7, 2, 3, 4, 9, 6, 10, 1, 5, 8, 7, 2, 9, 1, 3, 6, 10, 4, 5, 8, 7, 2, 4, 9, 3, 6, 10, 1, 5, 8, 7, 3, 4, 9, 1, 6, 10, 2, 5, 8, 7]);
vehicle = array1d(1..10, [1, 1, 1, 1, 2, 2, 1, 2, 1, 2]);
----------
arrivalTime = array2d(1..5, 1..10, [4, 13, 22, 35, 6, 10, 0, 0, 40, 20, 4, 17, 26, 39, 6, 10, 0, 0, 46, 20, 23, 32, 12, 4, 6, 10, 0, 0, 38, 20, 4, 32, 14, 27, 6, 10, 0, 0, 38, 20, 14, 26, 3, 33, 6, 10, 0, 0, 38, 20]);
objective = 364;
predecessor = array2d(1..5, 1..10, [7, 1, 2, 3, 8, 5, 10, 9, 4, 6, 7, 1, 2, 3, 8, 5, 10, 9, 4, 6, 3, 1, 4, 7, 8, 5, 10, 9, 2, 6, 7, 4, 1, 3, 8, 5, 10, 9, 2, 6, 3, 1, 7, 2, 8, 5, 10, 9, 4, 6]);
successor = array2d(1..5, 1..10, [2, 3, 4, 9, 6, 10, 1, 5, 8, 7, 2, 3, 4, 9, 6, 10, 1, 5, 8, 7, 2, 9, 1, 3, 6, 10, 4, 5, 8, 7, 3, 9, 4, 2, 6, 10, 1, 5, 8, 7, 2, 4, 1, 9, 6, 10, 3, 5, 8, 7]);
vehicle = array1d(1..10, [1, 1, 1, 1, 2, 2, 1, 2, 1, 2]);
----------
arrivalTime = array2d(1..5, 1..10, [4, 13, 22, 35, 6, 10, 0, 0, 40, 20, 4, 17, 26, 39, 6, 10, 0, 0, 46, 20, 23, 32, 12, 4, 6, 10, 0, 0, 38, 20, 4, 32, 14, 27, 6, 10, 0, 0, 38, 20, 18, 3, 28, 10, 6, 10, 0, 0, 37, 20]);
objective = 363;
predecessor = array2d(1..5, 1..10, [7, 1, 2, 3, 8, 5, 10, 9, 4, 6, 7, 1, 2, 3, 8, 5, 10, 9, 4, 6, 3, 1, 4, 7, 8, 5, 10, 9, 2, 6, 7, 4, 1, 3, 8, 5, 10, 9, 2, 6, 4, 7, 1, 2, 8, 5, 10, 9, 3, 6]);
successor = array2d(1..5, 1..10, [2, 3, 4, 9, 6, 10, 1, 5, 8, 7, 2, 3, 4, 9, 6, 10, 1, 5, 8, 7, 2, 9, 1, 3, 6, 10, 4, 5, 8, 7, 3, 9, 4, 2, 6, 10, 1, 5, 8, 7, 3, 4, 9, 1, 6, 10, 2, 5, 8, 7]);
vehicle = array1d(1..10, [1, 1, 1, 1, 2, 2, 1, 2, 1, 2]);
----------
arrivalTime = array2d(1..5, 1..10, [4, 13, 22, 35, 6, 10, 0, 0, 40, 20, 4, 17, 32, 24, 6, 10, 0, 0, 41, 20, 4, 13, 22, 35, 6, 10, 0, 0, 40, 20, 4, 13, 22, 35, 6, 10, 0, 0, 43, 20, 18, 3, 28, 10, 6, 10, 0, 0, 37, 20]);
objective = 362;
predecessor = array2d(1..5, 1..10, [7, 1, 2, 3, 8, 5, 10, 9, 4, 6, 7, 1, 4, 2, 8, 5, 10, 9, 3, 6, 7, 1, 2, 3, 8, 5, 10, 9, 4, 6, 7, 1, 2, 3, 8, 5, 10, 9, 4, 6, 4, 7, 1, 2, 8, 5, 10, 9, 3, 6]);
successor = array2d(1..5, 1..10, [2, 3, 4, 9, 6, 10, 1, 5, 8, 7, 2, 4, 9, 3, 6, 10, 1, 5, 8, 7, 2, 3, 4, 9, 6, 10, 1, 5, 8, 7, 2, 3, 4, 9, 6, 10, 1, 5, 8, 7, 3, 4, 9, 1, 6, 10, 2, 5, 8, 7]);
vehicle = array1d(1..10, [1, 1, 1, 1, 2, 2, 1, 2, 1, 2]);
----------
arrivalTime = array2d(1..5, 1..10, [4, 13, 22, 35, 6, 10, 0, 0, 40, 20, 4, 17, 32, 24, 6, 10, 0, 0, 41, 20, 4, 13, 22, 35, 6, 10, 0, 0, 40, 20, 4, 13, 28, 20, 6, 10, 0, 0, 40, 20, 14, 26, 3, 33, 6, 10, 0, 0, 38, 20]);
objective = 360;
predecessor = array2d(1..5, 1..10, [7, 1, 2, 3, 8, 5, 10, 9, 4, 6, 7, 1, 4, 2, 8, 5, 10, 9, 3, 6, 7, 1, 2, 3, 8, 5, 10, 9, 4, 6, 7, 1, 4, 2, 8, 5, 10, 9, 3, 6, 3, 1, 7, 2, 8, 5, 10, 9, 4, 6]);
successor = array2d(1..5, 1..10, [2, 3, 4, 9, 6, 10, 1, 5, 8, 7, 2, 4, 9, 3, 6, 10, 1, 5, 8, 7, 2, 3, 4, 9, 6, 10, 1, 5, 8, 7, 2, 4, 9, 3, 6, 10, 1, 5, 8, 7, 2, 4, 1, 9, 6, 10, 3, 5, 8, 7]);
vehicle = array1d(1..10, [1, 1, 1, 1, 2, 2, 1, 2, 1, 2]);
----------
arrivalTime = array2d(1..5, 1..10, [4, 13, 22, 35, 6, 10, 0, 0, 40, 20, 4, 17, 32, 24, 6, 10, 0, 0, 41, 20, 4, 13, 22, 35, 6, 10, 0, 0, 40, 20, 4, 13, 28, 20, 6, 10, 0, 0, 40, 20, 18, 3, 28, 10, 6, 10, 0, 0, 37, 20]);
objective = 359;
predecessor = array2d(1..5, 1..10, [7, 1, 2, 3, 8, 5, 10, 9, 4, 6, 7, 1, 4, 2, 8, 5, 10, 9, 3, 6, 7, 1, 2, 3, 8, 5, 10, 9, 4, 6, 7, 1, 4, 2, 8, 5, 10, 9, 3, 6, 4, 7, 1, 2, 8, 5, 10, 9, 3, 6]);
successor = array2d(1..5, 1..10, [2, 3, 4, 9, 6, 10, 1, 5, 8, 7, 2, 4, 9, 3, 6, 10, 1, 5, 8, 7, 2, 3, 4, 9, 6, 10, 1, 5, 8, 7, 2, 4, 9, 3, 6, 10, 1, 5, 8, 7, 3, 4, 9, 1, 6, 10, 2, 5, 8, 7]);
vehicle = array1d(1..10, [1, 1, 1, 1, 2, 2, 1, 2, 1, 2]);
----------
arrivalTime = array2d(1..5, 1..10, [4, 13, 22, 35, 6, 10, 0, 0, 40, 20, 4, 17, 32, 24, 6, 10, 0, 0, 41, 20, 4, 13, 22, 35, 6, 10, 0, 0, 40, 20, 4, 32, 14, 27, 6, 10, 0, 0, 38, 20, 14, 26, 3, 33, 6, 10, 0, 0, 38, 20]);
objective = 358;
predecessor = array2d(1..5, 1..10, [7, 1, 2, 3, 8, 5, 10, 9, 4, 6, 7, 1, 4, 2, 8, 5, 10, 9, 3, 6, 7, 1, 2, 3, 8, 5, 10, 9, 4, 6, 7, 4, 1, 3, 8, 5, 10, 9, 2, 6, 3, 1, 7, 2, 8, 5, 10, 9, 4, 6]);
successor = array2d(1..5, 1..10, [2, 3, 4, 9, 6, 10, 1, 5, 8, 7, 2, 4, 9, 3, 6, 10, 1, 5, 8, 7, 2, 3, 4, 9, 6, 10, 1, 5, 8, 7, 3, 9, 4, 2, 6, 10, 1, 5, 8, 7, 2, 4, 1, 9, 6, 10, 3, 5, 8, 7]);
vehicle = array1d(1..10, [1, 1, 1, 1, 2, 2, 1, 2, 1, 2]);
----------
arrivalTime = array2d(1..5, 1..10, [4, 13, 22, 35, 6, 10, 0, 0, 40, 20, 4, 17, 32, 24, 6, 10, 0, 0, 41, 20, 4, 13, 22, 35, 6, 10, 0, 0, 40, 20, 4, 32, 14, 27, 6, 10, 0, 0, 38, 20, 18, 3, 28, 10, 6, 10, 0, 0, 37, 20]);
objective = 357;
predecessor = array2d(1..5, 1..10, [7, 1, 2, 3, 8, 5, 10, 9, 4, 6, 7, 1, 4, 2, 8, 5, 10, 9, 3, 6, 7, 1, 2, 3, 8, 5, 10, 9, 4, 6, 7, 4, 1, 3, 8, 5, 10, 9, 2, 6, 4, 7, 1, 2, 8, 5, 10, 9, 3, 6]);
successor = array2d(1..5, 1..10, [2, 3, 4, 9, 6, 10, 1, 5, 8, 7, 2, 4, 9, 3, 6, 10, 1, 5, 8, 7, 2, 3, 4, 9, 6, 10, 1, 5, 8, 7, 3, 9, 4, 2, 6, 10, 1, 5, 8, 7, 3, 4, 9, 1, 6, 10, 2, 5, 8, 7]);
vehicle = array1d(1..10, [1, 1, 1, 1, 2, 2, 1, 2, 1, 2]);
----------
arrivalTime = array2d(1..5, 1..10, [4, 13, 22, 35, 6, 10, 0, 0, 40, 20, 4, 17, 32, 24, 6, 10, 0, 0, 41, 20, 23, 32, 12, 4, 6, 10, 0, 0, 38, 20, 4, 13, 28, 20, 6, 10, 0, 0, 40, 20, 14, 26, 3, 33, 6, 10, 0, 0, 38, 20]);
objective = 356;
predecessor = array2d(1..5, 1..10, [7, 1, 2, 3, 8, 5, 10, 9, 4, 6, 7, 1, 4, 2, 8, 5, 10, 9, 3, 6, 3, 1, 4, 7, 8, 5, 10, 9, 2, 6, 7, 1, 4, 2, 8, 5, 10, 9, 3, 6, 3, 1, 7, 2, 8, 5, 10, 9, 4, 6]);
successor = array2d(1..5, 1..10, [2, 3, 4, 9, 6, 10, 1, 5, 8, 7, 2, 4, 9, 3, 6, 10, 1, 5, 8, 7, 2, 9, 1, 3, 6, 10, 4, 5, 8, 7, 2, 4, 9, 3, 6, 10, 1, 5, 8, 7, 2, 4, 1, 9, 6, 10, 3, 5, 8, 7]);
vehicle = array1d(1..10, [1, 1, 1, 1, 2, 2, 1, 2, 1, 2]);
----------
arrivalTime = array2d(1..5, 1..10, [4, 13, 22, 35, 6, 10, 0, 0, 40, 20, 4, 17, 32, 24, 6, 10, 0, 0, 41, 20, 23, 32, 12, 4, 6, 10, 0, 0, 38, 20, 4, 13, 28, 20, 6, 10, 0, 0, 40, 20, 18, 3, 28, 10, 6, 10, 0, 0, 37, 20]);
objective = 355;
predecessor = array2d(1..5, 1..10, [7, 1, 2, 3, 8, 5, 10, 9, 4, 6, 7, 1, 4, 2, 8, 5, 10, 9, 3, 6, 3, 1, 4, 7, 8, 5, 10, 9, 2, 6, 7, 1, 4, 2, 8, 5, 10, 9, 3, 6, 4, 7, 1, 2, 8, 5, 10, 9, 3, 6]);
successor = array2d(1..5, 1..10, [2, 3, 4, 9, 6, 10, 1, 5, 8, 7, 2, 4, 9, 3, 6, 10, 1, 5, 8, 7, 2, 9, 1, 3, 6, 10, 4, 5, 8, 7, 2, 4, 9, 3, 6, 10, 1, 5, 8, 7, 3, 4, 9, 1, 6, 10, 2, 5, 8, 7]);
vehicle = array1d(1..10, [1, 1, 1, 1, 2, 2, 1, 2, 1, 2]);
----------
arrivalTime = array2d(1..5, 1..10, [4, 13, 22, 35, 6, 10, 0, 0, 40, 20, 4, 17, 32, 24, 6, 10, 0, 0, 41, 20, 23, 32, 12, 4, 6, 10, 0, 0, 38, 20, 4, 32, 14, 27, 6, 10, 0, 0, 38, 20, 14, 26, 3, 33, 6, 10, 0, 0, 38, 20]);
objective = 354;
predecessor = array2d(1..5, 1..10, [7, 1, 2, 3, 8, 5, 10, 9, 4, 6, 7, 1, 4, 2, 8, 5, 10, 9, 3, 6, 3, 1, 4, 7, 8, 5, 10, 9, 2, 6, 7, 4, 1, 3, 8, 5, 10, 9, 2, 6, 3, 1, 7, 2, 8, 5, 10, 9, 4, 6]);
successor = array2d(1..5, 1..10, [2, 3, 4, 9, 6, 10, 1, 5, 8, 7, 2, 4, 9, 3, 6, 10, 1, 5, 8, 7, 2, 9, 1, 3, 6, 10, 4, 5, 8, 7, 3, 9, 4, 2, 6, 10, 1, 5, 8, 7, 2, 4, 1, 9, 6, 10, 3, 5, 8, 7]);
vehicle = array1d(1..10, [1, 1, 1, 1, 2, 2, 1, 2, 1, 2]);
----------
arrivalTime = array2d(1..5, 1..10, [4, 13, 22, 35, 6, 10, 0, 0, 40, 20, 4, 17, 32, 24, 6, 10, 0, 0, 41, 20, 23, 32, 12, 4, 6, 10, 0, 0, 38, 20, 4, 32, 14, 27, 6, 10, 0, 0, 38, 20, 18, 3, 28, 10, 6, 10, 0, 0, 37, 20]);
objective = 353;
predecessor = array2d(1..5, 1..10, [7, 1, 2, 3, 8, 5, 10, 9, 4, 6, 7, 1, 4, 2, 8, 5, 10, 9, 3, 6, 3, 1, 4, 7, 8, 5, 10, 9, 2, 6, 7, 4, 1, 3, 8, 5, 10, 9, 2, 6, 4, 7, 1, 2, 8, 5, 10, 9, 3, 6]);
successor = array2d(1..5, 1..10, [2, 3, 4, 9, 6, 10, 1, 5, 8, 7, 2, 4, 9, 3, 6, 10, 1, 5, 8, 7, 2, 9, 1, 3, 6, 10, 4, 5, 8, 7, 3, 9, 4, 2, 6, 10, 1, 5, 8, 7, 3, 4, 9, 1, 6, 10, 2, 5, 8, 7]);
vehicle = array1d(1..10, [1, 1, 1, 1, 2, 2, 1, 2, 1, 2]);
----------
arrivalTime = array2d(1..5, 1..10, [4, 13, 22, 35, 6, 10, 0, 0, 40, 20, 4, 26, 14, 33, 6, 10, 0, 0, 40, 20, 23, 32, 12, 4, 6, 10, 0, 0, 38, 20, 4, 32, 14, 27, 6, 10, 0, 0, 38, 20, 14, 26, 3, 33, 6, 10, 0, 0, 38, 20]);
objective = 352;
predecessor = array2d(1..5, 1..10, [7, 1, 2, 3, 8, 5, 10, 9, 4, 6, 7, 3, 1, 2, 8, 5, 10, 9, 4, 6, 3, 1, 4, 7, 8, 5, 10, 9, 2, 6, 7, 4, 1, 3, 8, 5, 10, 9, 2, 6, 3, 1, 7, 2, 8, 5, 10, 9, 4, 6]);
successor = array2d(1..5, 1..10, [2, 3, 4, 9, 6, 10, 1, 5, 8, 7, 3, 4, 2, 9, 6, 10, 1, 5, 8, 7, 2, 9, 1, 3, 6, 10, 4, 5, 8, 7, 3, 9, 4, 2, 6, 10, 1, 5, 8, 7, 2, 4, 1, 9, 6, 10, 3, 5, 8, 7]);
vehicle = array1d(1..10, [1, 1, 1, 1, 2, 2, 1, 2, 1, 2]);
----------
arrivalTime = array2d(1..5, 1..10, [4, 13, 22, 35, 6, 10, 0, 0, 40, 20, 4, 26, 14, 33, 6, 10, 0, 0, 40, 20, 23, 32, 12, 4, 6, 10, 0, 0, 38, 20, 4, 32, 14, 27, 6, 10, 0, 0, 38, 20, 18, 3, 28, 10, 6, 10, 0, 0, 37, 20]);
objective = 351;
predecessor = array2d(1..5, 1..10, [7, 1, 2, 3, 8, 5, 10, 9, 4, 6, 7, 3, 1, 2, 8, 5, 10, 9, 4, 6, 3, 1, 4, 7, 8, 5, 10, 9, 2, 6, 7, 4, 1, 3, 8, 5, 10, 9, 2, 6, 4, 7, 1, 2, 8, 5, 10, 9, 3, 6]);
successor = array2d(1..5, 1..10, [2, 3, 4, 9, 6, 10, 1, 5, 8, 7, 3, 4, 2, 9, 6, 10, 1, 5, 8, 7, 2, 9, 1, 3, 6, 10, 4, 5, 8, 7, 3, 9, 4, 2, 6, 10, 1, 5, 8, 7, 3, 4, 9, 1, 6, 10, 2, 5, 8, 7]);
vehicle = array1d(1..10, [1, 1, 1, 1, 2, 2, 1, 2, 1, 2]);
----------
arrivalTime = array2d(1..5, 1..10, [4, 13, 22, 35, 6, 10, 0, 0, 40, 20, 20, 5, 30, 12, 6, 10, 0, 0, 39, 20, 23, 32, 12, 4, 6, 10, 0, 0, 38, 20, 4, 32, 14, 27, 6, 10, 0, 0, 38, 20, 14, 26, 3, 33, 6, 10, 0, 0, 38, 20]);
objective = 350;
predecessor = array2d(1..5, 1..10, [7, 1, 2, 3, 8, 5, 10, 9, 4, 6, 4, 7, 1, 2, 8, 5, 10, 9, 3, 6, 3, 1, 4, 7, 8, 5, 10, 9, 2, 6, 7, 4, 1, 3, 8, 5, 10, 9, 2, 6, 3, 1, 7, 2, 8, 5, 10, 9, 4, 6]);
successor = array2d(1..5, 1..10, [2, 3, 4, 9, 6, 10, 1, 5, 8, 7, 3, 4, 9, 1, 6, 10, 2, 5, 8, 7, 2, 9, 1, 3, 6, 10, 4, 5, 8, 7, 3, 9, 4, 2, 6, 10, 1, 5, 8, 7, 2, 4, 1, 9, 6, 10, 3, 5, 8, 7]);
vehicle = array1d(1..10, [1, 1, 1, 1, 2, 2, 1, 2, 1, 2]);
----------
arrivalTime = array2d(1..5, 1..10, [4, 13, 22, 35, 6, 10, 0, 0, 40, 20, 20, 5, 30, 12, 6, 10, 0, 0, 39, 20, 23, 32, 12, 4, 6, 10, 0, 0, 38, 20, 4, 32, 14, 27, 6, 10, 0, 0, 38, 20, 18, 3, 28, 10, 6, 10, 0, 0, 37, 20]);
objective = 349;
predecessor = array2d(1..5, 1..10, [7, 1, 2, 3, 8, 5, 10, 9, 4, 6, 4, 7, 1, 2, 8, 5, 10, 9, 3, 6, 3, 1, 4, 7, 8, 5, 10, 9, 2, 6, 7, 4, 1, 3, 8, 5, 10, 9, 2, 6, 4, 7, 1, 2, 8, 5, 10, 9, 3, 6]);
successor = array2d(1..5, 1..10, [2, 3, 4, 9, 6, 10, 1, 5, 8, 7, 3, 4, 9, 1, 6, 10, 2, 5, 8, 7, 2, 9, 1, 3, 6, 10, 4, 5, 8, 7, 3, 9, 4, 2, 6, 10, 1, 5, 8, 7, 3, 4, 9, 1, 6, 10, 2, 5, 8, 7]);
vehicle = array1d(1..10, [1, 1, 1, 1, 2, 2, 1, 2, 1, 2]);
----------
arrivalTime = array2d(1..5, 1..10, [4, 13, 28, 20, 6, 10, 0, 0, 37, 20, 4, 17, 32, 24, 6, 10, 0, 0, 41, 20, 4, 13, 22, 35, 6, 10, 0, 0, 40, 20, 4, 32, 14, 27, 6, 10, 0, 0, 38, 20, 18, 3, 28, 10, 6, 10, 0, 0, 37, 20]);
objective = 348;
predecessor = array2d(1..5, 1..10, [7, 1, 4, 2, 8, 5, 10, 9, 3, 6, 7, 1, 4, 2, 8, 5, 10, 9, 3, 6, 7, 1, 2, 3, 8, 5, 10, 9, 4, 6, 7, 4, 1, 3, 8, 5, 10, 9, 2, 6, 4, 7, 1, 2, 8, 5, 10, 9, 3, 6]);
successor = array2d(1..5, 1..10, [2, 4, 9, 3, 6, 10, 1, 5, 8, 7, 2, 4, 9, 3, 6, 10, 1, 5, 8, 7, 2, 3, 4, 9, 6, 10, 1, 5, 8, 7, 3, 9, 4, 2, 6, 10, 1, 5, 8, 7, 3, 4, 9, 1, 6, 10, 2, 5, 8, 7]);
vehicle = array1d(1..10, [1, 1, 1, 1, 2, 2, 1, 2, 1, 2]);
----------
arrivalTime = array2d(1..5, 1..10, [4, 13, 28, 20, 6, 10, 0, 0, 37, 20, 4, 17, 32, 24, 6, 10, 0, 0, 41, 20, 23, 32, 12, 4, 6, 10, 0, 0, 38, 20, 4, 13, 28, 20, 6, 10, 0, 0, 40, 20, 14, 26, 3, 33, 6, 10, 0, 0, 38, 20]);
objective = 347;
predecessor = array2d(1..5, 1..10, [7, 1, 4, 2, 8, 5, 10, 9, 3, 6, 7, 1, 4, 2, 8, 5, 10, 9, 3, 6, 3, 1, 4, 7, 8, 5, 10, 9, 2, 6, 7, 1, 4, 2, 8, 5, 10, 9, 3, 6, 3, 1, 7, 2, 8, 5, 10, 9, 4, 6]);
successor = array2d(1..5, 1..10, [2, 4, 9, 3, 6, 10, 1, 5, 8, 7, 2, 4, 9, 3, 6, 10, 1, 5, 8, 7, 2, 9, 1, 3, 6, 10, 4, 5, 8, 7, 2, 4, 9, 3, 6, 10, 1, 5, 8, 7, 2, 4, 1, 9, 6, 10, 3, 5, 8, 7]);
vehicle = array1d(1..10, [1, 1, 1, 1, 2, 2, 1, 2, 1, 2]);
----------
arrivalTime = array2d(1..5, 1..10, [4, 13, 28, 20, 6, 10, 0, 0, 37, 20, 4, 17, 32, 24, 6, 10, 0, 0, 41, 20, 23, 32, 12, 4, 6, 10, 0, 0, 38, 20, 4, 13, 28, 20, 6, 10, 0, 0, 40, 20, 18, 3, 28, 10, 6, 10, 0, 0, 37, 20]);
objective = 346;
predecessor = array2d(1..5, 1..10, [7, 1, 4, 2, 8, 5, 10, 9, 3, 6, 7, 1, 4, 2, 8, 5, 10, 9, 3, 6, 3, 1, 4, 7, 8, 5, 10, 9, 2, 6, 7, 1, 4, 2, 8, 5, 10, 9, 3, 6, 4, 7, 1, 2, 8, 5, 10, 9, 3, 6]);
successor = array2d(1..5, 1..10, [2, 4, 9, 3, 6, 10, 1, 5, 8, 7, 2, 4, 9, 3, 6, 10, 1, 5, 8, 7, 2, 9, 1, 3, 6, 10, 4, 5, 8, 7, 2, 4, 9, 3, 6, 10, 1, 5, 8, 7, 3, 4, 9, 1, 6, 10, 2, 5, 8, 7]);
vehicle = array1d(1..10, [1, 1, 1, 1, 2, 2, 1, 2, 1, 2]);
----------
arrivalTime = array2d(1..5, 1..10, [4, 13, 28, 20, 6, 10, 0, 0, 37, 20, 4, 17, 32, 24, 6, 10, 0, 0, 41, 20, 23, 32, 12, 4, 6, 10, 0, 0, 38, 20, 4, 32, 14, 27, 6, 10, 0, 0, 38, 20, 14, 26, 3, 33, 6, 10, 0, 0, 38, 20]);
objective = 345;
predecessor = array2d(1..5, 1..10, [7, 1, 4, 2, 8, 5, 10, 9, 3, 6, 7, 1, 4, 2, 8, 5, 10, 9, 3, 6, 3, 1, 4, 7, 8, 5, 10, 9, 2, 6, 7, 4, 1, 3, 8, 5, 10, 9, 2, 6, 3, 1, 7, 2, 8, 5, 10, 9, 4, 6]);
successor = array2d(1..5, 1..10, [2, 4, 9, 3, 6, 10, 1, 5, 8, 7, 2, 4, 9, 3, 6, 10, 1, 5, 8, 7, 2, 9, 1, 3, 6, 10, 4, 5, 8, 7, 3, 9, 4, 2, 6, 10, 1, 5, 8, 7, 2, 4, 1, 9, 6, 10, 3, 5, 8, 7]);
vehicle = array1d(1..10, [1, 1, 1, 1, 2, 2, 1, 2, 1, 2]);
----------
arrivalTime = array2d(1..5, 1..10, [4, 13, 28, 20, 6, 10, 0, 0, 37, 20, 4, 17, 32, 24, 6, 10, 0, 0, 41, 20, 23, 32, 12, 4, 6, 10, 0, 0, 38, 20, 4, 32, 14, 27, 6, 10, 0, 0, 38, 20, 18, 3, 28, 10, 6, 10, 0, 0, 37, 20]);
objective = 344;
predecessor = array2d(1..5, 1..10, [7, 1, 4, 2, 8, 5, 10, 9, 3, 6, 7, 1, 4, 2, 8, 5, 10, 9, 3, 6, 3, 1, 4, 7, 8, 5, 10, 9, 2, 6, 7, 4, 1, 3, 8, 5, 10, 9, 2, 6, 4, 7, 1, 2, 8, 5, 10, 9, 3, 6]);
successor = array2d(1..5, 1..10, [2, 4, 9, 3, 6, 10, 1, 5, 8, 7, 2, 4, 9, 3, 6, 10, 1, 5, 8, 7, 2, 9, 1, 3, 6, 10, 4, 5, 8, 7, 3, 9, 4, 2, 6, 10, 1, 5, 8, 7, 3, 4, 9, 1, 6, 10, 2, 5, 8, 7]);
vehicle = array1d(1..10, [1, 1, 1, 1, 2, 2, 1, 2, 1, 2]);
----------
arrivalTime = array2d(1..5, 1..10, [4, 13, 28, 20, 6, 10, 0, 0, 37, 20, 4, 26, 14, 33, 6, 10, 0, 0, 40, 20, 23, 32, 12, 4, 6, 10, 0, 0, 38, 20, 4, 32, 14, 27, 6, 10, 0, 0, 38, 20, 14, 26, 3, 33, 6, 10, 0, 0, 38, 20]);
objective = 343;
predecessor = array2d(1..5, 1..10, [7, 1, 4, 2, 8, 5, 10, 9, 3, 6, 7, 3, 1, 2, 8, 5, 10, 9, 4, 6, 3, 1, 4, 7, 8, 5, 10, 9, 2, 6, 7, 4, 1, 3, 8, 5, 10, 9, 2, 6, 3, 1, 7, 2, 8, 5, 10, 9, 4, 6]);
successor = array2d(1..5, 1..10, [2, 4, 9, 3, 6, 10, 1, 5, 8, 7, 3, 4, 2, 9, 6, 10, 1, 5, 8, 7, 2, 9, 1, 3, 6, 10, 4, 5, 8, 7, 3, 9, 4, 2, 6, 10, 1, 5, 8, 7, 2, 4, 1, 9, 6, 10, 3, 5, 8, 7]);
vehicle = array1d(1..10, [1, 1, 1, 1, 2, 2, 1, 2, 1, 2]);
----------
arrivalTime = array2d(1..5, 1..10, [4, 13, 28, 20, 6, 10, 0, 0, 37, 20, 4, 26, 14, 33, 6, 10, 0, 0, 40, 20, 23, 32, 12, 4, 6, 10, 0, 0, 38, 20, 4, 32, 14, 27, 6, 10, 0, 0, 38, 20, 18, 3, 28, 10, 6, 10, 0, 0, 37, 20]);
objective = 342;
predecessor = array2d(1..5, 1..10, [7, 1, 4, 2, 8, 5, 10, 9, 3, 6, 7, 3, 1, 2, 8, 5, 10, 9, 4, 6, 3, 1, 4, 7, 8, 5, 10, 9, 2, 6, 7, 4, 1, 3, 8, 5, 10, 9, 2, 6, 4, 7, 1, 2, 8, 5, 10, 9, 3, 6]);
successor = array2d(1..5, 1..10, [2, 4, 9, 3, 6, 10, 1, 5, 8, 7, 3, 4, 2, 9, 6, 10, 1, 5, 8, 7, 2, 9, 1, 3, 6, 10, 4, 5, 8, 7, 3, 9, 4, 2, 6, 10, 1, 5, 8, 7, 3, 4, 9, 1, 6, 10, 2, 5, 8, 7]);
vehicle = array1d(1..10, [1, 1, 1, 1, 2, 2, 1, 2, 1, 2]);
----------
arrivalTime = array2d(1..5, 1..10, [4, 13, 28, 20, 6, 10, 0, 0, 37, 20, 20, 5, 30, 12, 6, 10, 0, 0, 39, 20, 23, 32, 12, 4, 6, 10, 0, 0, 38, 20, 4, 32, 14, 27, 6, 10, 0, 0, 38, 20, 14, 26, 3, 33, 6, 10, 0, 0, 38, 20]);
objective = 341;
predecessor = array2d(1..5, 1..10, [7, 1, 4, 2, 8, 5, 10, 9, 3, 6, 4, 7, 1, 2, 8, 5, 10, 9, 3, 6, 3, 1, 4, 7, 8, 5, 10, 9, 2, 6, 7, 4, 1, 3, 8, 5, 10, 9, 2, 6, 3, 1, 7, 2, 8, 5, 10, 9, 4, 6]);
successor = array2d(1..5, 1..10, [2, 4, 9, 3, 6, 10, 1, 5, 8, 7, 3, 4, 9, 1, 6, 10, 2, 5, 8, 7, 2, 9, 1, 3, 6, 10, 4, 5, 8, 7, 3, 9, 4, 2, 6, 10, 1, 5, 8, 7, 2, 4, 1, 9, 6, 10, 3, 5, 8, 7]);
vehicle = array1d(1..10, [1, 1, 1, 1, 2, 2, 1, 2, 1, 2]);
----------
arrivalTime = array2d(1..5, 1..10, [4, 13, 28, 20, 6, 10, 0, 0, 37, 20, 20, 5, 30, 12, 6, 10, 0, 0, 39, 20, 23, 32, 12, 4, 6, 10, 0, 0, 38, 20, 4, 32, 14, 27, 6, 10, 0, 0, 38, 20, 18, 3, 28, 10, 6, 10, 0, 0, 37, 20]);
objective = 340;
predecessor = array2d(1..5, 1..10, [7, 1, 4, 2, 8, 5, 10, 9, 3, 6, 4, 7, 1, 2, 8, 5, 10, 9, 3, 6, 3, 1, 4, 7, 8, 5, 10, 9, 2, 6, 7, 4, 1, 3, 8, 5, 10, 9, 2, 6, 4, 7, 1, 2, 8, 5, 10, 9, 3, 6]);
successor = array2d(1..5, 1..10, [2, 4, 9, 3, 6, 10, 1, 5, 8, 7, 3, 4, 9, 1, 6, 10, 2, 5, 8, 7, 2, 9, 1, 3, 6, 10, 4, 5, 8, 7, 3, 9, 4, 2, 6, 10, 1, 5, 8, 7, 3, 4, 9, 1, 6, 10, 2, 5, 8, 7]);
vehicle = array1d(1..10, [1, 1, 1, 1, 2, 2, 1, 2, 1, 2]);
----------
arrivalTime = array2d(1..5, 1..10, [14, 23, 3, 30, 6, 10, 0, 0, 35, 20, 4, 17, 32, 24, 6, 10, 0, 0, 41, 20, 23, 32, 12, 4, 6, 10, 0, 0, 38, 20, 4, 32, 14, 27, 6, 10, 0, 0, 38, 20, 14, 26, 3, 33, 6, 10, 0, 0, 38, 20]);
objective = 339;
predecessor = array2d(1..5, 1..10, [3, 1, 7, 2, 8, 5, 10, 9, 4, 6, 7, 1, 4, 2, 8, 5, 10, 9, 3, 6, 3, 1, 4, 7, 8, 5, 10, 9, 2, 6, 7, 4, 1, 3, 8, 5, 10, 9, 2, 6, 3, 1, 7, 2, 8, 5, 10, 9, 4, 6]);
successor = array2d(1..5, 1..10, [2, 4, 1, 9, 6, 10, 3, 5, 8, 7, 2, 4, 9, 3, 6, 10, 1, 5, 8, 7, 2, 9, 1, 3, 6, 10, 4, 5, 8, 7, 3, 9, 4, 2, 6, 10, 1, 5, 8, 7, 2, 4, 1, 9, 6, 10, 3, 5, 8, 7]);
vehicle = array1d(1..10, [1, 1, 1, 1, 2, 2, 1, 2, 1, 2]);
----------
arrivalTime = array2d(1..5, 1..10, [14, 23, 3, 30, 6, 10, 0, 0, 35, 20, 4, 17, 32, 24, 6, 10, 0, 0, 41, 20, 23, 32, 12, 4, 6, 10, 0, 0, 38, 20, 4, 32, 14, 27, 6, 10, 0, 0, 38, 20, 18, 3, 28, 10, 6, 10, 0, 0, 37, 20]);
objective = 338;
predecessor = array2d(1..5, 1..10, [3, 1, 7, 2, 8, 5, 10, 9, 4, 6, 7, 1, 4, 2, 8, 5, 10, 9, 3, 6, 3, 1, 4, 7, 8, 5, 10, 9, 2, 6, 7, 4, 1, 3, 8, 5, 10, 9, 2, 6, 4, 7, 1, 2, 8, 5, 10, 9, 3, 6]);
successor = array2d(1..5, 1..10, [2, 4, 1, 9, 6, 10, 3, 5, 8, 7, 2, 4, 9, 3, 6, 10, 1, 5, 8, 7, 2, 9, 1, 3, 6, 10, 4, 5, 8, 7, 3, 9, 4, 2, 6, 10, 1, 5, 8, 7, 3, 4, 9, 1, 6, 10, 2, 5, 8, 7]);
vehicle = array1d(1..10, [1, 1, 1, 1, 2, 2, 1, 2, 1, 2]);
----------
arrivalTime = array2d(1..5, 1..10, [14, 23, 3, 30, 6, 10, 0, 0, 35, 20, 4, 26, 14, 33, 6, 10, 0, 0, 40, 20, 23, 32, 12, 4, 6, 10, 0, 0, 38, 20, 4, 32, 14, 27, 6, 10, 0, 0, 38, 20, 14, 26, 3, 33, 6, 10, 0, 0, 38, 20]);
objective = 337;
predecessor = array2d(1..5, 1..10, [3, 1, 7, 2, 8, 5, 10, 9, 4, 6, 7, 3, 1, 2, 8, 5, 10, 9, 4, 6, 3, 1, 4, 7, 8, 5, 10, 9, 2, 6, 7, 4, 1, 3, 8, 5, 10, 9, 2, 6, 3, 1, 7, 2, 8, 5, 10, 9, 4, 6]);
successor = array2d(1..5, 1..10, [2, 4, 1, 9, 6, 10, 3, 5, 8, 7, 3, 4, 2, 9, 6, 10, 1, 5, 8, 7, 2, 9, 1, 3, 6, 10, 4, 5, 8, 7, 3, 9, 4, 2, 6, 10, 1, 5, 8, 7, 2, 4, 1, 9, 6, 10, 3, 5, 8, 7]);
vehicle = array1d(1..10, [1, 1, 1, 1, 2, 2, 1, 2, 1, 2]);
----------
arrivalTime = array2d(1..5, 1..10, [14, 23, 3, 30, 6, 10, 0, 0, 35, 20, 4, 26, 14, 33, 6, 10, 0, 0, 40, 20, 23, 32, 12, 4, 6, 10, 0, 0, 38, 20, 4, 32, 14, 27, 6, 10, 0, 0, 38, 20, 18, 3, 28, 10, 6, 10, 0, 0, 37, 20]);
objective = 336;
predecessor = array2d(1..5, 1..10, [3, 1, 7, 2, 8, 5, 10, 9, 4, 6, 7, 3, 1, 2, 8, 5, 10, 9, 4, 6, 3, 1, 4, 7, 8, 5, 10, 9, 2, 6, 7, 4, 1, 3, 8, 5, 10, 9, 2, 6, 4, 7, 1, 2, 8, 5, 10, 9, 3, 6]);
successor = array2d(1..5, 1..10, [2, 4, 1, 9, 6, 10, 3, 5, 8, 7, 3, 4, 2, 9, 6, 10, 1, 5, 8, 7, 2, 9, 1, 3, 6, 10, 4, 5, 8, 7, 3, 9, 4, 2, 6, 10, 1, 5, 8, 7, 3, 4, 9, 1, 6, 10, 2, 5, 8, 7]);
vehicle = array1d(1..10, [1, 1, 1, 1, 2, 2, 1, 2, 1, 2]);
----------
arrivalTime = array2d(1..5, 1..10, [14, 23, 3, 30, 6, 10, 0, 0, 35, 20, 20, 5, 30, 12, 6, 10, 0, 0, 39, 20, 23, 32, 12, 4, 6, 10, 0, 0, 38, 20, 4, 32, 14, 27, 6, 10, 0, 0, 38, 20, 14, 26, 3, 33, 6, 10, 0, 0, 38, 20]);
objective = 335;
predecessor = array2d(1..5, 1..10, [3, 1, 7, 2, 8, 5, 10, 9, 4, 6, 4, 7, 1, 2, 8, 5, 10, 9, 3, 6, 3, 1, 4, 7, 8, 5, 10, 9, 2, 6, 7, 4, 1, 3, 8, 5, 10, 9, 2, 6, 3, 1, 7, 2, 8, 5, 10, 9, 4, 6]);
successor = array2d(1..5, 1..10, [2, 4, 1, 9, 6, 10, 3, 5, 8, 7, 3, 4, 9, 1, 6, 10, 2, 5, 8, 7, 2, 9, 1, 3, 6, 10, 4, 5, 8, 7, 3, 9, 4, 2, 6, 10, 1, 5, 8, 7, 2, 4, 1, 9, 6, 10, 3, 5, 8, 7]);
vehicle = array1d(1..10, [1, 1, 1, 1, 2, 2, 1, 2, 1, 2]);
----------
arrivalTime = array2d(1..5, 1..10, [14, 23, 3, 30, 6, 10, 0, 0, 35, 20, 20, 5, 30, 12, 6, 10, 0, 0, 39, 20, 23, 32, 12, 4, 6, 10, 0, 0, 38, 20, 4, 32, 14, 27, 6, 10, 0, 0, 38, 20, 18, 3, 28, 10, 6, 10, 0, 0, 37, 20]);
objective = 334;
predecessor = array2d(1..5, 1..10, [3, 1, 7, 2, 8, 5, 10, 9, 4, 6, 4, 7, 1, 2, 8, 5, 10, 9, 3, 6, 3, 1, 4, 7, 8, 5, 10, 9, 2, 6, 7, 4, 1, 3, 8, 5, 10, 9, 2, 6, 4, 7, 1, 2, 8, 5, 10, 9, 3, 6]);
successor = array2d(1..5, 1..10, [2, 4, 1, 9, 6, 10, 3, 5, 8, 7, 3, 4, 9, 1, 6, 10, 2, 5, 8, 7, 2, 9, 1, 3, 6, 10, 4, 5, 8, 7, 3, 9, 4, 2, 6, 10, 1, 5, 8, 7, 3, 4, 9, 1, 6, 10, 2, 5, 8, 7]);
vehicle = array1d(1..10, [1, 1, 1, 1, 2, 2, 1, 2, 1, 2]);
----------
arrivalTime = array2d(1..5, 1..10, [4, 13, 22, 4, 7, 11, 0, 0, 31, 21, 4, 17, 26, 6, 9, 13, 0, 0, 35, 23, 4, 13, 22, 4, 7, 11, 0, 0, 37, 21, 4, 13, 22, 7, 13, 17, 0, 0, 34, 27, 7, 19, 28, 4, 9, 13, 0, 0, 37, 23]);
objective = 308;
predecessor = array2d(1..5, 1..10, [7, 1, 2, 8, 4, 5, 10, 9, 3, 6, 7, 1, 2, 8, 4, 5, 10, 9, 3, 6, 7, 1, 2, 8, 4, 5, 10, 9, 3, 6, 7, 1, 2, 8, 4, 5, 10, 9, 3, 6, 7, 1, 2, 8, 4, 5, 10, 9, 3, 6]);
successor = array2d(1..5, 1..10, [2, 3, 9, 5, 6, 10, 1, 4, 8, 7, 2, 3, 9, 5, 6, 10, 1, 4, 8, 7, 2, 3, 9, 5, 6, 10, 1, 4, 8, 7, 2, 3, 9, 5, 6, 10, 1, 4, 8, 7, 2, 3, 9, 5, 6, 10, 1, 4, 8, 7]);
vehicle = array1d(1..10, [1, 1, 1, 2, 2, 2, 1, 2, 1, 2]);
----------
arrivalTime = array2d(1..5, 1..10, [4, 13, 22, 4, 7, 11, 0, 0, 31, 21, 4, 17, 26, 6, 9, 13, 0, 0, 35, 23, 4, 13, 22, 4, 7, 11, 0, 0, 37, 21, 4, 13, 22, 7, 13, 17, 0, 0, 34, 27, 14, 26, 3, 4, 9, 13, 0, 0, 32, 23]);
objective = 303;
predecessor = array2d(1..5, 1..10, [7, 1, 2, 8, 4, 5, 10, 9, 3, 6, 7, 1, 2, 8, 4, 5, 10, 9, 3, 6, 7, 1, 2, 8, 4, 5, 10, 9, 3, 6, 7, 1, 2, 8, 4, 5, 10, 9, 3, 6, 3, 1, 7, 8, 4, 5, 10, 9, 2, 6]);
successor = array2d(1..5, 1..10, [2, 3, 9, 5, 6, 10, 1, 4, 8, 7, 2, 3, 9, 5, 6, 10, 1, 4, 8, 7, 2, 3, 9, 5, 6, 10, 1, 4, 8, 7, 2, 3, 9, 5, 6, 10, 1, 4, 8, 7, 2, 9, 1, 5, 6, 10, 3, 4, 8, 7]);
vehicle = array1d(1..10, [1, 1, 1, 2, 2, 2, 1, 2, 1, 2]);
----------
arrivalTime = array2d(1..5, 1..10, [4, 13, 22, 4, 7, 11, 0, 0, 31, 21, 4, 17, 26, 6, 9, 13, 0, 0, 35, 23, 4, 13, 22, 4, 7, 11, 0, 0, 37, 21, 17, 26, 6, 7, 13, 17, 0, 0, 32, 27, 14, 26, 3, 4, 9, 13, 0, 0, 32, 23]);
objective = 301;
predecessor = array2d(1..5, 1..10, [7, 1, 2, 8, 4, 5, 10, 9, 3, 6, 7, 1, 2, 8, 4, 5, 10, 9, 3, 6, 7, 1, 2, 8, 4, 5, 10, 9, 3, 6, 3, 1, 7, 8, 4, 5, 10, 9, 2, 6, 3, 1, 7, 8, 4, 5, 10, 9, 2, 6]);
successor = array2d(1..5, 1..10, [2, 3, 9, 5, 6, 10, 1, 4, 8, 7, 2, 3, 9, 5, 6, 10, 1, 4, 8, 7, 2, 3, 9, 5, 6, 10, 1, 4, 8, 7, 2, 9, 1, 5, 6, 10, 3, 4, 8, 7, 2, 9, 1, 5, 6, 10, 3, 4, 8, 7]);
vehicle = array1d(1..10, [1, 1, 1, 2, 2, 2, 1, 2, 1, 2]);
----------
arrivalTime = array2d(1..5, 1..10, [4, 13, 22, 4, 7, 11, 0, 0, 31, 21, 4, 17, 26, 6, 9, 13, 0, 0, 35, 23, 20, 29, 9, 4, 7, 11, 0, 0, 35, 21, 4, 13, 22, 7, 13, 17, 0, 0, 34, 27, 14, 26, 3, 4, 9, 13, 0, 0, 32, 23]);
objective = 299;
predecessor = array2d(1..5, 1..10, [7, 1, 2, 8, 4, 5, 10, 9, 3, 6, 7, 1, 2, 8, 4, 5, 10, 9, 3, 6, 3, 1, 7, 8, 4, 5, 10, 9, 2, 6, 7, 1, 2, 8, 4, 5, 10, 9, 3, 6, 3, 1, 7, 8, 4, 5, 10, 9, 2, 6]);
successor = array2d(1..5, 1..10, [2, 3, 9, 5, 6, 10, 1, 4, 8, 7, 2, 3, 9, 5, 6, 10, 1, 4, 8, 7, 2, 9, 1, 5, 6, 10, 3, 4, 8, 7, 2, 3, 9, 5, 6, 10, 1, 4, 8, 7, 2, 9, 1, 5, 6, 10, 3, 4, 8, 7]);
vehicle = array1d(1..10, [1, 1, 1, 2, 2, 2, 1, 2, 1, 2]);
----------
arrivalTime = array2d(1..5, 1..10, [4, 13, 22, 4, 7, 11, 0, 0, 31, 21, 4, 17, 26, 6, 9, 13, 0, 0, 35, 23, 20, 29, 9, 4, 7, 11, 0, 0, 35, 21, 17, 26, 6, 7, 13, 17, 0, 0, 32, 27, 14, 26, 3, 4, 9, 13, 0, 0, 32, 23]);
objective = 297;
predecessor = array2d(1..5, 1..10, [7, 1, 2, 8, 4, 5, 10, 9, 3, 6, 7, 1, 2, 8, 4, 5, 10, 9, 3, 6, 3, 1, 7, 8, 4, 5, 10, 9, 2, 6, 3, 1, 7, 8, 4, 5, 10, 9, 2, 6, 3, 1, 7, 8, 4, 5, 10, 9, 2, 6]);
successor = array2d(1..5, 1..10, [2, 3, 9, 5, 6, 10, 1, 4, 8, 7, 2, 3, 9, 5, 6, 10, 1, 4, 8, 7, 2, 9, 1, 5, 6, 10, 3, 4, 8, 7, 2, 9, 1, 5, 6, 10, 3, 4, 8, 7, 2, 9, 1, 5, 6, 10, 3, 4, 8, 7]);
vehicle = array1d(1..10, [1, 1, 1, 2, 2, 2, 1, 2, 1, 2]);
----------
arrivalTime = array2d(1..5, 1..10, [4, 13, 22, 4, 7, 11, 0, 0, 31, 21, 4, 17, 26, 6, 9, 13, 0, 0, 35, 23, 4, 26, 14, 4, 7, 11, 0, 0, 32, 21, 4, 13, 22, 7, 13, 17, 0, 0, 34, 27, 14, 26, 3, 4, 9, 13, 0, 0, 32, 23]);
objective = 293;
predecessor = array2d(1..5, 1..10, [7, 1, 2, 8, 4, 5, 10, 9, 3, 6, 7, 1, 2, 8, 4, 5, 10, 9, 3, 6, 7, 3, 1, 8, 4, 5, 10, 9, 2, 6, 7, 1, 2, 8, 4, 5, 10, 9, 3, 6, 3, 1, 7, 8, 4, 5, 10, 9, 2, 6]);
successor = array2d(1..5, 1..10, [2, 3, 9, 5, 6, 10, 1, 4, 8, 7, 2, 3, 9, 5, 6, 10, 1, 4, 8, 7, 3, 9, 2, 5, 6, 10, 1, 4, 8, 7, 2, 3, 9, 5, 6, 10, 1, 4, 8, 7, 2, 9, 1, 5, 6, 10, 3, 4, 8, 7]);
vehicle = array1d(1..10, [1, 1, 1, 2, 2, 2, 1, 2, 1, 2]);
----------
arrivalTime = array2d(1..5, 1..10, [4, 13, 22, 4, 7, 11, 0, 0, 31, 21, 4, 17, 26, 6, 9, 13, 0, 0, 35, 23, 4, 26, 14, 4, 7, 11, 0, 0, 32, 21, 17, 26, 6, 7, 13, 17, 0, 0, 32, 27, 14, 26, 3, 4, 9, 13, 0, 0, 32, 23]);
objective = 291;
predecessor = array2d(1..5, 1..10, [7, 1, 2, 8, 4, 5, 10, 9, 3, 6, 7, 1, 2, 8, 4, 5, 10, 9, 3, 6, 7, 3, 1, 8, 4, 5, 10, 9, 2, 6, 3, 1, 7, 8, 4, 5, 10, 9, 2, 6, 3, 1, 7, 8, 4, 5, 10, 9, 2, 6]);
successor = array2d(1..5, 1..10, [2, 3, 9, 5, 6, 10, 1, 4, 8, 7, 2, 3, 9, 5, 6, 10, 1, 4, 8, 7, 3, 9, 2, 5, 6, 10, 1, 4, 8, 7, 2, 9, 1, 5, 6, 10, 3, 4, 8, 7, 2, 9, 1, 5, 6, 10, 3, 4, 8, 7]);
vehicle = array1d(1..10, [1, 1, 1, 2, 2, 2, 1, 2, 1, 2]);
----------
arrivalTime = array2d(1..5, 1..10, [4, 13, 22, 4, 7, 11, 0, 0, 31, 21, 4, 26, 14, 6, 9, 13, 0, 0, 34, 23, 4, 26, 14, 4, 7, 11, 0, 0, 32, 21, 17, 26, 6, 7, 13, 17, 0, 0, 32, 27, 14, 26, 3, 4, 9, 13, 0, 0, 32, 23]);
objective = 289;
predecessor = array2d(1..5, 1..10, [7, 1, 2, 8, 4, 5, 10, 9, 3, 6, 7, 3, 1, 8, 4, 5, 10, 9, 2, 6, 7, 3, 1, 8, 4, 5, 10, 9, 2, 6, 3, 1, 7, 8, 4, 5, 10, 9, 2, 6, 3, 1, 7, 8, 4, 5, 10, 9, 2, 6]);
successor = array2d(1..5, 1..10, [2, 3, 9, 5, 6, 10, 1, 4, 8, 7, 3, 9, 2, 5, 6, 10, 1, 4, 8, 7, 3, 9, 2, 5, 6, 10, 1, 4, 8, 7, 2, 9, 1, 5, 6, 10, 3, 4, 8, 7, 2, 9, 1, 5, 6, 10, 3, 4, 8, 7]);
vehicle = array1d(1..10, [1, 1, 1, 2, 2, 2, 1, 2, 1, 2]);
----------
arrivalTime = array2d(1..5, 1..10, [14, 23, 3, 4, 7, 11, 0, 0, 29, 21, 4, 17, 26, 6, 9, 13, 0, 0, 35, 23, 4, 26, 14, 4, 7, 11, 0, 0, 32, 21, 4, 13, 22, 7, 13, 17, 0, 0, 34, 27, 14, 26, 3, 4, 9, 13, 0, 0, 32, 23]);
objective = 287;
predecessor = array2d(1..5, 1..10, [3, 1, 7, 8, 4, 5, 10, 9, 2, 6, 7, 1, 2, 8, 4, 5, 10, 9, 3, 6, 7, 3, 1, 8, 4, 5, 10, 9, 2, 6, 7, 1, 2, 8, 4, 5, 10, 9, 3, 6, 3, 1, 7, 8, 4, 5, 10, 9, 2, 6]);
successor = array2d(1..5, 1..10, [2, 9, 1, 5, 6, 10, 3, 4, 8, 7, 2, 3, 9, 5, 6, 10, 1, 4, 8, 7, 3, 9, 2, 5, 6, 10, 1, 4, 8, 7, 2, 3, 9, 5, 6, 10, 1, 4, 8, 7, 2, 9, 1, 5, 6, 10, 3, 4, 8, 7]);
vehicle = array1d(1..10, [1, 1, 1, 2, 2, 2, 1, 2, 1, 2]);
----------
arrivalTime = array2d(1..5, 1..10, [14, 23, 3, 4, 7, 11, 0, 0, 29, 21, 4, 17, 26, 6, 9, 13, 0, 0, 35, 23, 4, 26, 14, 4, 7, 11, 0, 0, 32, 21, 17, 26, 6, 7, 13, 17, 0, 0, 32, 27, 14, 26, 3, 4, 9, 13, 0, 0, 32, 23]);
objective = 285;
predecessor = array2d(1..5, 1..10, [3, 1, 7, 8, 4, 5, 10, 9, 2, 6, 7, 1, 2, 8, 4, 5, 10, 9, 3, 6, 7, 3, 1, 8, 4, 5, 10, 9, 2, 6, 3, 1, 7, 8, 4, 5, 10, 9, 2, 6, 3, 1, 7, 8, 4, 5, 10, 9, 2, 6]);
successor = array2d(1..5, 1..10, [2, 9, 1, 5, 6, 10, 3, 4, 8, 7, 2, 3, 9, 5, 6, 10, 1, 4, 8, 7, 3, 9, 2, 5, 6, 10, 1, 4, 8, 7, 2, 9, 1, 5, 6, 10, 3, 4, 8, 7, 2, 9, 1, 5, 6, 10, 3, 4, 8, 7]);
vehicle = array1d(1..10, [1, 1, 1, 2, 2, 2, 1, 2, 1, 2]);
----------
arrivalTime = array2d(1..5, 1..10, [14, 23, 3, 4, 7, 11, 0, 0, 29, 21, 4, 26, 14, 6, 9, 13, 0, 0, 34, 23, 4, 26, 14, 4, 7, 11, 0, 0, 32, 21, 17, 26, 6, 7, 13, 17, 0, 0, 32, 27, 14, 26, 3, 4, 9, 13, 0, 0, 32, 23]);
objective = 283;
predecessor = array2d(1..5, 1..10, [3, 1, 7, 8, 4, 5, 10, 9, 2, 6, 7, 3, 1, 8, 4, 5, 10, 9, 2, 6, 7, 3, 1, 8, 4, 5, 10, 9, 2, 6, 3, 1, 7, 8, 4, 5, 10, 9, 2, 6, 3, 1, 7, 8, 4, 5, 10, 9, 2, 6]);
successor = array2d(1..5, 1..10, [2, 9, 1, 5, 6, 10, 3, 4, 8, 7, 3, 9, 2, 5, 6, 10, 1, 4, 8, 7, 3, 9, 2, 5, 6, 10, 1, 4, 8, 7, 2, 9, 1, 5, 6, 10, 3, 4, 8, 7, 2, 9, 1, 5, 6, 10, 3, 4, 8, 7]);
vehicle = array1d(1..10, [1, 1, 1, 2, 2, 2, 1, 2, 1, 2]);
----------
arrivalTime = array2d(1..5, 1..10, [4, 3, 14, 10, 13, 17, 0, 0, 23, 27, 4, 5, 14, 12, 15, 19, 0, 0, 23, 29, 4, 3, 14, 13, 16, 20, 0, 0, 29, 30, 4, 3, 14, 10, 16, 20, 0, 0, 26, 30, 7, 3, 17, 10, 15, 19, 0, 0, 26, 29]);
objective = 258;
predecessor = array2d(1..5, 1..10, [7, 8, 1, 2, 4, 5, 10, 9, 3, 6, 7, 8, 1, 2, 4, 5, 10, 9, 3, 6, 7, 8, 1, 2, 4, 5, 10, 9, 3, 6, 7, 8, 1, 2, 4, 5, 10, 9, 3, 6, 7, 8, 1, 2, 4, 5, 10, 9, 3, 6]);
successor = array2d(1..5, 1..10, [3, 4, 9, 5, 6, 10, 1, 2, 8, 7, 3, 4, 9, 5, 6, 10, 1, 2, 8, 7, 3, 4, 9, 5, 6, 10, 1, 2, 8, 7, 3, 4, 9, 5, 6, 10, 1, 2, 8, 7, 3, 4, 9, 5, 6, 10, 1, 2, 8, 7]);
vehicle = array1d(1..10, [1, 2, 1, 2, 2, 2, 1, 2, 1, 2]);
----------
arrivalTime = array2d(1..5, 1..10, [4, 3, 14, 10, 13, 17, 0, 0, 23, 27, 4, 5, 14, 12, 15, 19, 0, 0, 23, 29, 4, 3, 14, 13, 16, 20, 0, 0, 29, 30, 4, 3, 14, 10, 16, 20, 0, 0, 26, 30, 7, 3, 17, 10, 18, 14, 0, 0, 26, 27]);
objective = 256;
predecessor = array2d(1..5, 1..10, [7, 8, 1, 2, 4, 5, 10, 9, 3, 6, 7, 8, 1, 2, 4, 5, 10, 9, 3, 6, 7, 8, 1, 2, 4, 5, 10, 9, 3, 6, 7, 8, 1, 2, 4, 5, 10, 9, 3, 6, 7, 8, 1, 2, 6, 4, 10, 9, 3, 5]);
successor = array2d(1..5, 1..10, [3, 4, 9, 5, 6, 10, 1, 2, 8, 7, 3, 4, 9, 5, 6, 10, 1, 2, 8, 7, 3, 4, 9, 5, 6, 10, 1, 2, 8, 7, 3, 4, 9, 5, 6, 10, 1, 2, 8, 7, 3, 4, 9, 6, 10, 5, 1, 2, 8, 7]);
vehicle = array1d(1..10, [1, 2, 1, 2, 2, 2, 1, 2, 1, 2]);
----------
arrivalTime = array2d(1..5, 1..10, [4, 3, 14, 10, 13, 17, 0, 0, 23, 27, 4, 5, 14, 12, 15, 19, 0, 0, 23, 29, 4, 3, 14, 13, 16, 20, 0, 0, 29, 30, 4, 3, 14, 10, 16, 20, 0, 0, 26, 30, 7, 3, 17, 21, 11, 15, 0, 0, 26, 26]);
objective = 255;
predecessor = array2d(1..5, 1..10, [7, 8, 1, 2, 4, 5, 10, 9, 3, 6, 7, 8, 1, 2, 4, 5, 10, 9, 3, 6, 7, 8, 1, 2, 4, 5, 10, 9, 3, 6, 7, 8, 1, 2, 4, 5, 10, 9, 3, 6, 7, 8, 1, 6, 2, 5, 10, 9, 3, 4]);
successor = array2d(1..5, 1..10, [3, 4, 9, 5, 6, 10, 1, 2, 8, 7, 3, 4, 9, 5, 6, 10, 1, 2, 8, 7, 3, 4, 9, 5, 6, 10, 1, 2, 8, 7, 3, 4, 9, 5, 6, 10, 1, 2, 8, 7, 3, 5, 9, 10, 6, 4, 1, 2, 8, 7]);
vehicle = array1d(1..10, [1, 2, 1, 2, 2, 2, 1, 2, 1, 2]);
----------
arrivalTime = array2d(1..5, 1..10, [4, 3, 14, 10, 13, 17, 0, 0, 23, 27, 4, 5, 14, 12, 15, 19, 0, 0, 23, 29, 4, 3, 14, 13, 16, 20, 0, 0, 29, 30, 4, 3, 14, 10, 18, 14, 0, 0, 26, 27, 7, 3, 17, 10, 18, 14, 0, 0, 26, 27]);
objective = 253;
predecessor = array2d(1..5, 1..10, [7, 8, 1, 2, 4, 5, 10, 9, 3, 6, 7, 8, 1, 2, 4, 5, 10, 9, 3, 6, 7, 8, 1, 2, 4, 5, 10, 9, 3, 6, 7, 8, 1, 2, 6, 4, 10, 9, 3, 5, 7, 8, 1, 2, 6, 4, 10, 9, 3, 5]);
successor = array2d(1..5, 1..10, [3, 4, 9, 5, 6, 10, 1, 2, 8, 7, 3, 4, 9, 5, 6, 10, 1, 2, 8, 7, 3, 4, 9, 5, 6, 10, 1, 2, 8, 7, 3, 4, 9, 6, 10, 5, 1, 2, 8, 7, 3, 4, 9, 6, 10, 5, 1, 2, 8, 7]);
vehicle = array1d(1..10, [1, 2, 1, 2, 2, 2, 1, 2, 1, 2]);
----------
arrivalTime = array2d(1..5, 1..10, [4, 3, 14, 10, 13, 17, 0, 0, 23, 27, 4, 5, 14, 12, 15, 19, 0, 0, 23, 29, 4, 3, 14, 13, 16, 20, 0, 0, 29, 30, 4, 3, 14, 10, 18, 14, 0, 0, 26, 27, 7, 3, 17, 21, 11, 15, 0, 0, 26, 26]);
objective = 252;
predecessor = array2d(1..5, 1..10, [7, 8, 1, 2, 4, 5, 10, 9, 3, 6, 7, 8, 1, 2, 4, 5, 10, 9, 3, 6, 7, 8, 1, 2, 4, 5, 10, 9, 3, 6, 7, 8, 1, 2, 6, 4, 10, 9, 3, 5, 7, 8, 1, 6, 2, 5, 10, 9, 3, 4]);
successor = array2d(1..5, 1..10, [3, 4, 9, 5, 6, 10, 1, 2, 8, 7, 3, 4, 9, 5, 6, 10, 1, 2, 8, 7, 3, 4, 9, 5, 6, 10, 1, 2, 8, 7, 3, 4, 9, 6, 10, 5, 1, 2, 8, 7, 3, 5, 9, 10, 6, 4, 1, 2, 8, 7]);
vehicle = array1d(1..10, [1, 2, 1, 2, 2, 2, 1, 2, 1, 2]);
----------
arrivalTime = array2d(1..5, 1..10, [4, 3, 14, 10, 13, 17, 0, 0, 23, 27, 4, 5, 14, 12, 15, 19, 0, 0, 23, 29, 4, 3, 14, 21, 11, 15, 0, 0, 29, 26, 4, 3, 14, 10, 18, 14, 0, 0, 26, 27, 7, 3, 17, 10, 18, 14, 0, 0, 26, 27]);
objective = 251;
predecessor = array2d(1..5, 1..10, [7, 8, 1, 2, 4, 5, 10, 9, 3, 6, 7, 8, 1, 2, 4, 5, 10, 9, 3, 6, 7, 8, 1, 6, 2, 5, 10, 9, 3, 4, 7, 8, 1, 2, 6, 4, 10, 9, 3, 5, 7, 8, 1, 2, 6, 4, 10, 9, 3, 5]);
successor = array2d(1..5, 1..10, [3, 4, 9, 5, 6, 10, 1, 2, 8, 7, 3, 4, 9, 5, 6, 10, 1, 2, 8, 7, 3, 5, 9, 10, 6, 4, 1, 2, 8, 7, 3, 4, 9, 6, 10, 5, 1, 2, 8, 7, 3, 4, 9, 6, 10, 5, 1, 2, 8, 7]);
vehicle = array1d(1..10, [1, 2, 1, 2, 2, 2, 1, 2, 1, 2]);
----------
arrivalTime = array2d(1..5, 1..10, [4, 3, 14, 10, 13, 17, 0, 0, 23, 27, 4, 5, 14, 12, 15, 19, 0, 0, 23, 29, 4, 3, 14, 21, 11, 15, 0, 0, 29, 26, 4, 3, 14, 10, 18, 14, 0, 0, 26, 27, 7, 3, 17, 21, 11, 15, 0, 0, 26, 26]);
objective = 250;
predecessor = array2d(1..5, 1..10, [7, 8, 1, 2, 4, 5, 10, 9, 3, 6, 7, 8, 1, 2, 4, 5, 10, 9, 3, 6, 7, 8, 1, 6, 2, 5, 10, 9, 3, 4, 7, 8, 1, 2, 6, 4, 10, 9, 3, 5, 7, 8, 1, 6, 2, 5, 10, 9, 3, 4]);
successor = array2d(1..5, 1..10, [3, 4, 9, 5, 6, 10, 1, 2, 8, 7, 3, 4, 9, 5, 6, 10, 1, 2, 8, 7, 3, 5, 9, 10, 6, 4, 1, 2, 8, 7, 3, 4, 9, 6, 10, 5, 1, 2, 8, 7, 3, 5, 9, 10, 6, 4, 1, 2, 8, 7]);
vehicle = array1d(1..10, [1, 2, 1, 2, 2, 2, 1, 2, 1, 2]);
----------
arrivalTime = array2d(1..5, 1..10, [4, 3, 14, 21, 11, 15, 0, 0, 23, 26, 4, 5, 14, 12, 15, 19, 0, 0, 23, 29, 4, 3, 14, 13, 16, 20, 0, 0, 29, 30, 4, 3, 14, 10, 18, 14, 0, 0, 26, 27, 7, 3, 17, 21, 11, 15, 0, 0, 26, 26]);
objective = 249;
predecessor = array2d(1..5, 1..10, [7, 8, 1, 6, 2, 5, 10, 9, 3, 4, 7, 8, 1, 2, 4, 5, 10, 9, 3, 6, 7, 8, 1, 2, 4, 5, 10, 9, 3, 6, 7, 8, 1, 2, 6, 4, 10, 9, 3, 5, 7, 8, 1, 6, 2, 5, 10, 9, 3, 4]);
successor = array2d(1..5, 1..10, [3, 5, 9, 10, 6, 4, 1, 2, 8, 7, 3, 4, 9, 5, 6, 10, 1, 2, 8, 7, 3, 4, 9, 5, 6, 10, 1, 2, 8, 7, 3, 4, 9, 6, 10, 5, 1, 2, 8, 7, 3, 5, 9, 10, 6, 4, 1, 2, 8, 7]);
vehicle = array1d(1..10, [1, 2, 1, 2, 2, 2, 1, 2, 1, 2]);
----------
arrivalTime = array2d(1..5, 1..10, [4, 3, 14, 21, 11, 15, 0, 0, 23, 26, 4, 5, 14, 12, 15, 19, 0, 0, 23, 29, 4, 3, 14, 21, 11, 15, 0, 0, 29, 26, 4, 3, 14, 10, 18, 14, 0, 0, 26, 27, 7, 3, 17, 10, 18, 14, 0, 0, 26, 27]);
objective = 248;
predecessor = array2d(1..5, 1..10, [7, 8, 1, 6, 2, 5, 10, 9, 3, 4, 7, 8, 1, 2, 4, 5, 10, 9, 3, 6, 7, 8, 1, 6, 2, 5, 10, 9, 3, 4, 7, 8, 1, 2, 6, 4, 10, 9, 3, 5, 7, 8, 1, 2, 6, 4, 10, 9, 3, 5]);
successor = array2d(1..5, 1..10, [3, 5, 9, 10, 6, 4, 1, 2, 8, 7, 3, 4, 9, 5, 6, 10, 1, 2, 8, 7, 3, 5, 9, 10, 6, 4, 1, 2, 8, 7, 3, 4, 9, 6, 10, 5, 1, 2, 8, 7, 3, 4, 9, 6, 10, 5, 1, 2, 8, 7]);
vehicle = array1d(1..10, [1, 2, 1, 2, 2, 2, 1, 2, 1, 2]);
----------
arrivalTime = array2d(1..5, 1..10, [4, 3, 14, 21, 11, 15, 0, 0, 23, 26, 4, 5, 14, 12, 15, 19, 0, 0, 23, 29, 4, 3, 14, 21, 11, 15, 0, 0, 29, 26, 4, 3, 14, 10, 18, 14, 0, 0, 26, 27, 7, 3, 17, 21, 11, 15, 0, 0, 26, 26]);
objective = 247;
predecessor = array2d(1..5, 1..10, [7, 8, 1, 6, 2, 5, 10, 9, 3, 4, 7, 8, 1, 2, 4, 5, 10, 9, 3, 6, 7, 8, 1, 6, 2, 5, 10, 9, 3, 4, 7, 8, 1, 2, 6, 4, 10, 9, 3, 5, 7, 8, 1, 6, 2, 5, 10, 9, 3, 4]);
successor = array2d(1..5, 1..10, [3, 5, 9, 10, 6, 4, 1, 2, 8, 7, 3, 4, 9, 5, 6, 10, 1, 2, 8, 7, 3, 5, 9, 10, 6, 4, 1, 2, 8, 7, 3, 4, 9, 6, 10, 5, 1, 2, 8, 7, 3, 5, 9, 10, 6, 4, 1, 2, 8, 7]);
vehicle = array1d(1..10, [1, 2, 1, 2, 2, 2, 1, 2, 1, 2]);
----------
==========
