mznc2018_probs/seat-moving/sm-15-20-00.dzn
cost = 28;
objective = 208;
seat = array2d(1..4, 1..30, [0, 0, 0, 0, 11, 12, 0, 3, 0, 0, 0, 15, 0, 1, 0, 13, 0, 2, 0, 6, 0, 14, 7, 0, 4, 8, 0, 9, 10, 5, 1, 2, 3, 4, 5, 6, 7, 0, 8, 9, 10, 15, 13, 0, 14, 0, 0, 0, 0, 12, 0, 0, 0, 0, 0, 0, 0, 0, 0, 11, 1, 2, 3, 4, 5, 6, 7, 11, 8, 0, 10, 15, 0, 13, 14, 0, 9, 0, 0, 12, 0, 0, 0, 0, 0, 0, 0, 0, 0, 0, 1, 0, 0, 0, 5, 0, 0, 0, 8, 12, 0, 0, 9, 13, 0, 14, 0, 10, 15, 0, 0, 4, 6, 7, 0, 3, 0, 0, 11, 2]);
step = 3;
----------
cost = 27;
objective = 207;
seat = array2d(1..4, 1..30, [0, 0, 0, 0, 11, 12, 0, 3, 0, 0, 0, 15, 0, 1, 0, 13, 0, 2, 0, 6, 0, 14, 7, 0, 4, 8, 0, 9, 10, 5, 1, 2, 3, 4, 5, 6, 7, 0, 8, 9, 10, 15, 13, 0, 14, 0, 0, 0, 0, 12, 0, 0, 0, 0, 0, 0, 0, 0, 0, 11, 1, 2, 3, 4, 5, 6, 7, 9, 8, 0, 10, 15, 0, 13, 14, 0, 0, 0, 0, 12, 0, 0, 0, 0, 0, 0, 0, 0, 11, 0, 1, 0, 0, 0, 5, 0, 0, 0, 8, 12, 0, 0, 9, 13, 0, 14, 0, 10, 15, 0, 0, 4, 6, 7, 0, 3, 0, 0, 11, 2]);
step = 3;
----------
cost = 26;
objective = 206;
seat = array2d(1..4, 1..30, [0, 0, 0, 0, 11, 12, 0, 3, 0, 0, 0, 15, 0, 1, 0, 13, 0, 2, 0, 6, 0, 14, 7, 0, 4, 8, 0, 9, 10, 5, 1, 2, 3, 4, 5, 6, 7, 0, 8, 9, 10, 15, 13, 0, 0, 0, 0, 0, 0, 12, 0, 14, 0, 0, 0, 0, 0, 0, 0, 11, 1, 2, 3, 4, 5, 6, 7, 9, 8, 0, 10, 15, 0, 13, 0, 14, 0, 0, 0, 12, 0, 0, 0, 0, 0, 0, 0, 0, 11, 0, 1, 0, 0, 0, 5, 0, 0, 0, 8, 12, 0, 0, 9, 13, 0, 14, 0, 10, 15, 0, 0, 4, 6, 7, 0, 3, 0, 0, 11, 2]);
step = 3;
----------
cost = 25;
objective = 205;
seat = array2d(1..4, 1..30, [0, 0, 0, 0, 11, 12, 0, 3, 0, 0, 0, 15, 0, 1, 0, 13, 0, 2, 0, 6, 0, 14, 7, 0, 4, 8, 0, 9, 10, 5, 1, 2, 3, 4, 5, 6, 7, 0, 8, 9, 10, 15, 0, 0, 13, 0, 0, 0, 0, 12, 0, 14, 0, 0, 0, 0, 0, 0, 0, 11, 1, 2, 3, 4, 5, 6, 7, 0, 8, 0, 10, 15, 9, 13, 0, 14, 0, 0, 0, 12, 0, 0, 0, 0, 0, 0, 0, 0, 11, 0, 1, 0, 0, 0, 5, 0, 0, 0, 8, 12, 0, 0, 9, 13, 0, 14, 0, 10, 15, 0, 0, 4, 6, 7, 0, 3, 0, 0, 11, 2]);
step = 3;
----------
cost = 24;
objective = 204;
seat = array2d(1..4, 1..30, [0, 0, 0, 0, 11, 12, 0, 3, 0, 0, 0, 15, 0, 1, 0, 13, 0, 2, 0, 6, 0, 14, 7, 0, 4, 8, 0, 9, 10, 5, 1, 4, 2, 3, 5, 6, 7, 0, 8, 10, 13, 15, 9, 0, 0, 0, 0, 0, 0, 12, 0, 14, 0, 0, 0, 0, 0, 0, 0, 11, 1, 4, 2, 3, 5, 6, 7, 0, 8, 0, 13, 15, 9, 0, 0, 14, 0, 10, 0, 12, 0, 0, 0, 0, 0, 0, 0, 0, 11, 0, 1, 0, 0, 0, 5, 0, 0, 0, 8, 12, 0, 0, 9, 13, 0, 14, 0, 10, 15, 0, 0, 4, 6, 7, 0, 3, 0, 0, 11, 2]);
step = 3;
----------
