mznc2018_probs/elitserien/handball1.dzn
contestant = array2d(1..14, 1..20, [1, 3, 5, 7, 2, 4, 6, 6, 8, 3, 9, 13, 11, 7, 2, 10, 5, 4, 12, 14, 7, 2, 4, 6, 1, 3, 5, 5, 7, 8, 4, 12, 10, 3, 1, 6, 14, 11, 9, 13, 6, 1, 3, 5, 7, 2, 4, 8, 6, 1, 14, 11, 9, 2, 13, 5, 7, 10, 4, 12, 5, 7, 2, 4, 6, 1, 3, 13, 5, 7, 2, 10, 6, 14, 12, 8, 9, 1, 3, 11, 4, 6, 1, 3, 5, 7, 2, 2, 4, 14, 10, 6, 12, 9, 8, 3, 1, 13, 11, 7, 3, 5, 7, 2, 4, 6, 1, 1, 3, 9, 13, 5, 4, 11, 7, 2, 12, 14, 10, 8, 2, 4, 6, 1, 3, 5, 7, 10, 2, 4, 12, 14, 8, 1, 6, 11, 3, 9, 13, 5, 8, 10, 12, 14, 9, 11, 13, 3, 1, 2, 11, 9, 7, 13, 5, 4, 10, 12, 14, 6, 14, 9, 11, 13, 8, 10, 12, 12, 14, 6, 1, 8, 3, 5, 11, 13, 4, 7, 2, 10, 13, 8, 10, 12, 14, 9, 11, 7, 13, 11, 5, 4, 2, 12, 14, 1, 8, 3, 6, 9, 12, 14, 9, 11, 13, 8, 10, 14, 12, 10, 8, 3, 1, 6, 9, 7, 13, 2, 5, 4, 11, 13, 8, 10, 12, 14, 9, 9, 11, 13, 7, 2, 5, 10, 4, 14, 6, 8, 1, 3, 10, 12, 14, 9, 11, 13, 8, 4, 10, 12, 6, 1, 14, 8, 3, 9, 11, 5, 7, 2, 9, 11, 13, 8, 10, 12, 14, 11, 9, 5, 3, 7, 13, 4, 10, 12, 2, 6, 8, 1]);
hap = array2d(1..14, 1..20, [2, 3, 1, 3, 1, 3, 1, 3, 1, 1, 3, 1, 3, 1, 3, 1, 3, 1, 3, 1, 1, 2, 3, 1, 3, 1, 3, 1, 3, 3, 1, 3, 1, 3, 1, 3, 1, 3, 1, 3, 3, 1, 2, 3, 1, 3, 1, 3, 1, 3, 1, 1, 3, 1, 3, 1, 3, 1, 3, 1, 1, 3, 1, 2, 3, 1, 3, 1, 3, 1, 3, 3, 1, 3, 1, 3, 1, 3, 1, 3, 3, 1, 3, 1, 2, 3, 1, 3, 1, 3, 1, 3, 1, 3, 1, 3, 1, 3, 1, 1, 1, 3, 1, 3, 1, 2, 3, 1, 3, 1, 3, 1, 3, 1, 3, 1, 3, 1, 3, 3, 3, 1, 3, 1, 3, 1, 2, 3, 1, 3, 1, 3, 1, 3, 1, 3, 1, 3, 1, 3, 2, 1, 3, 1, 3, 1, 3, 1, 3, 1, 3, 1, 3, 1, 3, 1, 3, 1, 3, 1, 3, 2, 1, 3, 1, 3, 1, 3, 1, 3, 1, 3, 1, 1, 3, 1, 3, 1, 3, 1, 1, 3, 2, 1, 3, 1, 3, 1, 3, 1, 3, 1, 3, 3, 1, 3, 1, 3, 1, 3, 3, 1, 3, 2, 1, 3, 1, 3, 1, 3, 1, 3, 1, 3, 1, 1, 3, 1, 3, 1, 1, 3, 1, 3, 2, 1, 3, 1, 3, 1, 3, 1, 3, 1, 3, 3, 1, 3, 1, 3, 3, 1, 3, 1, 3, 2, 1, 3, 1, 3, 1, 3, 1, 3, 1, 3, 1, 1, 3, 1, 1, 3, 1, 3, 1, 3, 2, 1, 3, 1, 3, 1, 3, 1, 3, 1, 3, 3, 1, 3]);
objective = 12;
row = array1d(1..14, [9, 8, 2, 1, 10, 12, 13, 3, 11, 14, 5, 6, 7, 4]);
----------
contestant = array2d(1..14, 1..20, [1, 3, 5, 7, 2, 4, 6, 6, 8, 3, 9, 13, 11, 7, 2, 10, 5, 4, 12, 14, 7, 2, 4, 6, 1, 3, 5, 5, 7, 8, 4, 12, 10, 3, 1, 6, 14, 11, 9, 13, 6, 1, 3, 5, 7, 2, 4, 8, 6, 1, 14, 11, 9, 2, 13, 5, 7, 10, 4, 12, 5, 7, 2, 4, 6, 1, 3, 13, 5, 7, 2, 10, 6, 14, 12, 8, 9, 1, 3, 11, 4, 6, 1, 3, 5, 7, 2, 2, 4, 14, 10, 6, 12, 9, 8, 3, 1, 13, 11, 7, 3, 5, 7, 2, 4, 6, 1, 1, 3, 9, 13, 5, 4, 11, 7, 2, 12, 14, 10, 8, 2, 4, 6, 1, 3, 5, 7, 10, 2, 4, 12, 14, 8, 1, 6, 11, 3, 9, 13, 5, 8, 10, 12, 14, 9, 11, 13, 3, 1, 2, 11, 9, 7, 13, 5, 4, 10, 12, 14, 6, 14, 9, 11, 13, 8, 10, 12, 12, 14, 6, 1, 8, 3, 5, 11, 13, 4, 7, 2, 10, 13, 8, 10, 12, 14, 9, 11, 7, 13, 11, 5, 4, 2, 12, 14, 1, 8, 3, 6, 9, 12, 14, 9, 11, 13, 8, 10, 14, 12, 10, 8, 3, 1, 6, 9, 7, 13, 2, 5, 4, 11, 13, 8, 10, 12, 14, 9, 9, 11, 13, 7, 2, 5, 10, 4, 14, 6, 8, 1, 3, 10, 12, 14, 9, 11, 13, 8, 4, 10, 12, 6, 1, 14, 8, 3, 9, 11, 5, 7, 2, 9, 11, 13, 8, 10, 12, 14, 11, 9, 5, 3, 7, 13, 4, 10, 12, 2, 6, 8, 1]);
hap = array2d(1..14, 1..20, [2, 3, 1, 3, 1, 3, 1, 3, 1, 1, 3, 1, 3, 1, 3, 1, 3, 1, 3, 1, 1, 2, 3, 1, 3, 1, 3, 1, 3, 3, 1, 3, 1, 3, 1, 3, 1, 3, 1, 3, 3, 1, 2, 3, 1, 3, 1, 3, 1, 3, 1, 1, 3, 1, 3, 1, 3, 1, 3, 1, 1, 3, 1, 2, 3, 1, 3, 1, 3, 1, 3, 3, 1, 3, 1, 3, 1, 3, 1, 3, 3, 1, 3, 1, 2, 3, 1, 3, 1, 3, 1, 3, 1, 3, 1, 3, 1, 3, 1, 1, 1, 3, 1, 3, 1, 2, 3, 1, 3, 1, 3, 1, 3, 1, 3, 1, 3, 1, 3, 3, 3, 1, 3, 1, 3, 1, 2, 3, 1, 3, 1, 3, 1, 3, 1, 3, 1, 3, 1, 3, 2, 1, 3, 1, 3, 1, 3, 1, 3, 1, 3, 1, 3, 1, 3, 1, 3, 1, 3, 1, 3, 2, 1, 3, 1, 3, 1, 3, 1, 3, 1, 3, 1, 1, 3, 1, 3, 1, 3, 1, 1, 3, 2, 1, 3, 1, 3, 1, 3, 1, 3, 1, 3, 3, 1, 3, 1, 3, 1, 3, 3, 1, 3, 2, 1, 3, 1, 3, 1, 3, 1, 3, 1, 3, 1, 1, 3, 1, 3, 1, 1, 3, 1, 3, 2, 1, 3, 1, 3, 1, 3, 1, 3, 1, 3, 3, 1, 3, 1, 3, 3, 1, 3, 1, 3, 2, 1, 3, 1, 3, 1, 3, 1, 3, 1, 3, 1, 1, 3, 1, 1, 3, 1, 3, 1, 3, 2, 1, 3, 1, 3, 1, 3, 1, 3, 1, 3, 3, 1, 3]);
objective = 8;
row = array1d(1..14, [9, 8, 2, 1, 10, 12, 13, 3, 14, 11, 5, 6, 7, 4]);
----------
contestant = array2d(1..14, 1..20, [1, 3, 5, 7, 2, 4, 6, 6, 8, 3, 9, 13, 11, 7, 2, 10, 5, 4, 12, 14, 7, 2, 4, 6, 1, 3, 5, 5, 7, 8, 4, 12, 10, 3, 1, 6, 14, 11, 9, 13, 6, 1, 3, 5, 7, 2, 4, 8, 6, 1, 14, 11, 9, 2, 13, 5, 7, 10, 4, 12, 5, 7, 2, 4, 6, 1, 3, 13, 5, 7, 2, 10, 6, 14, 12, 8, 9, 1, 3, 11, 4, 6, 1, 3, 5, 7, 2, 2, 4, 14, 10, 6, 12, 9, 8, 3, 1, 13, 11, 7, 3, 5, 7, 2, 4, 6, 1, 1, 3, 9, 13, 5, 4, 11, 7, 2, 12, 14, 10, 8, 2, 4, 6, 1, 3, 5, 7, 10, 2, 4, 12, 14, 8, 1, 6, 11, 3, 9, 13, 5, 8, 10, 12, 14, 9, 11, 13, 3, 1, 2, 11, 9, 7, 13, 5, 4, 10, 12, 14, 6, 14, 9, 11, 13, 8, 10, 12, 12, 14, 6, 1, 8, 3, 5, 11, 13, 4, 7, 2, 10, 13, 8, 10, 12, 14, 9, 11, 7, 13, 11, 5, 4, 2, 12, 14, 1, 8, 3, 6, 9, 12, 14, 9, 11, 13, 8, 10, 14, 12, 10, 8, 3, 1, 6, 9, 7, 13, 2, 5, 4, 11, 13, 8, 10, 12, 14, 9, 9, 11, 13, 7, 2, 5, 10, 4, 14, 6, 8, 1, 3, 10, 12, 14, 9, 11, 13, 8, 4, 10, 12, 6, 1, 14, 8, 3, 9, 11, 5, 7, 2, 9, 11, 13, 8, 10, 12, 14, 11, 9, 5, 3, 7, 13, 4, 10, 12, 2, 6, 8, 1]);
hap = array2d(1..14, 1..20, [2, 3, 1, 3, 1, 3, 1, 3, 1, 1, 3, 1, 3, 1, 3, 1, 3, 1, 3, 1, 1, 2, 3, 1, 3, 1, 3, 1, 3, 3, 1, 3, 1, 3, 1, 3, 1, 3, 1, 3, 3, 1, 2, 3, 1, 3, 1, 3, 1, 3, 1, 1, 3, 1, 3, 1, 3, 1, 3, 1, 1, 3, 1, 2, 3, 1, 3, 1, 3, 1, 3, 3, 1, 3, 1, 3, 1, 3, 1, 3, 3, 1, 3, 1, 2, 3, 1, 3, 1, 3, 1, 3, 1, 3, 1, 3, 1, 3, 1, 1, 1, 3, 1, 3, 1, 2, 3, 1, 3, 1, 3, 1, 3, 1, 3, 1, 3, 1, 3, 3, 3, 1, 3, 1, 3, 1, 2, 3, 1, 3, 1, 3, 1, 3, 1, 3, 1, 3, 1, 3, 2, 1, 3, 1, 3, 1, 3, 1, 3, 1, 3, 1, 3, 1, 3, 1, 3, 1, 3, 1, 3, 2, 1, 3, 1, 3, 1, 3, 1, 3, 1, 3, 1, 1, 3, 1, 3, 1, 3, 1, 1, 3, 2, 1, 3, 1, 3, 1, 3, 1, 3, 1, 3, 3, 1, 3, 1, 3, 1, 3, 3, 1, 3, 2, 1, 3, 1, 3, 1, 3, 1, 3, 1, 3, 1, 1, 3, 1, 3, 1, 1, 3, 1, 3, 2, 1, 3, 1, 3, 1, 3, 1, 3, 1, 3, 3, 1, 3, 1, 3, 3, 1, 3, 1, 3, 2, 1, 3, 1, 3, 1, 3, 1, 3, 1, 3, 1, 1, 3, 1, 1, 3, 1, 3, 1, 3, 2, 1, 3, 1, 3, 1, 3, 1, 3, 1, 3, 3, 1, 3]);
objective = 7;
row = array1d(1..14, [9, 8, 2, 1, 10, 12, 13, 4, 14, 11, 5, 6, 7, 3]);
----------
contestant = array2d(1..14, 1..20, [1, 3, 5, 7, 2, 4, 6, 6, 8, 3, 9, 7, 11, 4, 5, 13, 2, 10, 12, 14, 7, 2, 4, 6, 1, 3, 5, 5, 7, 6, 4, 14, 10, 8, 12, 11, 1, 3, 9, 13, 6, 1, 3, 5, 7, 2, 4, 8, 6, 1, 14, 9, 7, 11, 13, 5, 4, 2, 10, 12, 5, 7, 2, 4, 6, 1, 3, 13, 5, 7, 2, 10, 12, 1, 14, 8, 3, 9, 6, 11, 4, 6, 1, 3, 5, 7, 2, 2, 4, 14, 10, 12, 8, 6, 1, 3, 9, 11, 13, 7, 3, 5, 7, 2, 4, 6, 1, 1, 3, 2, 13, 11, 9, 5, 7, 10, 12, 14, 4, 8, 2, 4, 6, 1, 3, 5, 7, 10, 2, 4, 12, 1, 3, 14, 6, 9, 8, 13, 11, 5, 8, 10, 12, 14, 9, 11, 13, 3, 1, 9, 11, 13, 5, 2, 10, 4, 7, 12, 14, 6, 14, 9, 11, 13, 8, 10, 12, 12, 14, 8, 1, 3, 6, 13, 11, 7, 5, 4, 2, 10, 13, 8, 10, 12, 14, 9, 11, 7, 13, 11, 5, 4, 2, 12, 8, 6, 14, 1, 3, 9, 12, 14, 9, 11, 13, 8, 10, 14, 12, 10, 8, 6, 1, 3, 9, 2, 13, 5, 7, 4, 11, 13, 8, 10, 12, 14, 9, 9, 11, 13, 7, 5, 4, 10, 2, 14, 6, 8, 1, 3, 10, 12, 14, 9, 11, 13, 8, 4, 10, 12, 6, 8, 14, 9, 3, 1, 11, 7, 5, 2, 9, 11, 13, 8, 10, 12, 14, 11, 9, 5, 3, 2, 13, 7, 4, 12, 10, 6, 8, 1]);
hap = array2d(1..14, 1..20, [2, 3, 1, 3, 1, 3, 1, 3, 1, 1, 3, 1, 3, 1, 3, 1, 3, 1, 3, 1, 1, 2, 3, 1, 3, 1, 3, 1, 3, 3, 1, 3, 1, 3, 1, 3, 1, 3, 1, 3, 3, 1, 2, 3, 1, 3, 1, 3, 1, 3, 1, 1, 3, 1, 3, 1, 3, 1, 3, 1, 1, 3, 1, 2, 3, 1, 3, 1, 3, 1, 3, 3, 1, 3, 1, 3, 1, 3, 1, 3, 3, 1, 3, 1, 2, 3, 1, 3, 1, 3, 1, 3, 1, 3, 1, 3, 1, 3, 1, 1, 1, 3, 1, 3, 1, 2, 3, 1, 3, 1, 3, 1, 3, 1, 3, 1, 3, 1, 3, 3, 3, 1, 3, 1, 3, 1, 2, 3, 1, 3, 1, 3, 1, 3, 1, 3, 1, 3, 1, 3, 2, 1, 3, 1, 3, 1, 3, 1, 3, 1, 3, 1, 3, 1, 3, 1, 3, 1, 3, 1, 3, 2, 1, 3, 1, 3, 1, 3, 1, 3, 1, 3, 1, 1, 3, 1, 3, 1, 3, 1, 1, 3, 2, 1, 3, 1, 3, 1, 3, 1, 3, 1, 3, 3, 1, 3, 1, 3, 1, 3, 3, 1, 3, 2, 1, 3, 1, 3, 1, 3, 1, 3, 1, 3, 1, 1, 3, 1, 3, 1, 1, 3, 1, 3, 2, 1, 3, 1, 3, 1, 3, 1, 3, 1, 3, 3, 1, 3, 1, 3, 3, 1, 3, 1, 3, 2, 1, 3, 1, 3, 1, 3, 1, 3, 1, 3, 1, 1, 3, 1, 1, 3, 1, 3, 1, 3, 2, 1, 3, 1, 3, 1, 3, 1, 3, 1, 3, 3, 1, 3]);
objective = 6;
row = array1d(1..14, [9, 8, 7, 1, 10, 11, 12, 4, 14, 13, 5, 6, 2, 3]);
----------
contestant = array2d(1..14, 1..20, [1, 3, 5, 7, 2, 4, 6, 6, 8, 3, 9, 7, 11, 4, 5, 13, 2, 10, 12, 14, 7, 2, 4, 6, 1, 3, 5, 5, 7, 6, 4, 14, 10, 8, 12, 11, 1, 3, 9, 13, 6, 1, 3, 5, 7, 2, 4, 8, 6, 1, 14, 9, 7, 11, 13, 5, 4, 2, 10, 12, 5, 7, 2, 4, 6, 1, 3, 13, 5, 7, 2, 10, 12, 1, 14, 8, 3, 9, 6, 11, 4, 6, 1, 3, 5, 7, 2, 2, 4, 14, 10, 12, 8, 6, 1, 3, 9, 11, 13, 7, 3, 5, 7, 2, 4, 6, 1, 1, 3, 2, 13, 11, 9, 5, 7, 10, 12, 14, 4, 8, 2, 4, 6, 1, 3, 5, 7, 10, 2, 4, 12, 1, 3, 14, 6, 9, 8, 13, 11, 5, 8, 10, 12, 14, 9, 11, 13, 3, 1, 9, 11, 13, 5, 2, 10, 4, 7, 12, 14, 6, 14, 9, 11, 13, 8, 10, 12, 12, 14, 8, 1, 3, 6, 13, 11, 7, 5, 4, 2, 10, 13, 8, 10, 12, 14, 9, 11, 7, 13, 11, 5, 4, 2, 12, 8, 6, 14, 1, 3, 9, 12, 14, 9, 11, 13, 8, 10, 14, 12, 10, 8, 6, 1, 3, 9, 2, 13, 5, 7, 4, 11, 13, 8, 10, 12, 14, 9, 9, 11, 13, 7, 5, 4, 10, 2, 14, 6, 8, 1, 3, 10, 12, 14, 9, 11, 13, 8, 4, 10, 12, 6, 8, 14, 9, 3, 1, 11, 7, 5, 2, 9, 11, 13, 8, 10, 12, 14, 11, 9, 5, 3, 2, 13, 7, 4, 12, 10, 6, 8, 1]);
hap = array2d(1..14, 1..20, [2, 3, 1, 3, 1, 3, 1, 3, 1, 1, 3, 1, 3, 1, 3, 1, 3, 1, 3, 1, 1, 2, 3, 1, 3, 1, 3, 1, 3, 3, 1, 3, 1, 3, 1, 3, 1, 3, 1, 3, 3, 1, 2, 3, 1, 3, 1, 3, 1, 3, 1, 1, 3, 1, 3, 1, 3, 1, 3, 1, 1, 3, 1, 2, 3, 1, 3, 1, 3, 1, 3, 3, 1, 3, 1, 3, 1, 3, 1, 3, 3, 1, 3, 1, 2, 3, 1, 3, 1, 3, 1, 3, 1, 3, 1, 3, 1, 3, 1, 1, 1, 3, 1, 3, 1, 2, 3, 1, 3, 1, 3, 1, 3, 1, 3, 1, 3, 1, 3, 3, 3, 1, 3, 1, 3, 1, 2, 3, 1, 3, 1, 3, 1, 3, 1, 3, 1, 3, 1, 3, 2, 1, 3, 1, 3, 1, 3, 1, 3, 1, 3, 1, 3, 1, 3, 1, 3, 1, 3, 1, 3, 2, 1, 3, 1, 3, 1, 3, 1, 3, 1, 3, 1, 1, 3, 1, 3, 1, 3, 1, 1, 3, 2, 1, 3, 1, 3, 1, 3, 1, 3, 1, 3, 3, 1, 3, 1, 3, 1, 3, 3, 1, 3, 2, 1, 3, 1, 3, 1, 3, 1, 3, 1, 3, 1, 1, 3, 1, 3, 1, 1, 3, 1, 3, 2, 1, 3, 1, 3, 1, 3, 1, 3, 1, 3, 3, 1, 3, 1, 3, 3, 1, 3, 1, 3, 2, 1, 3, 1, 3, 1, 3, 1, 3, 1, 3, 1, 1, 3, 1, 1, 3, 1, 3, 1, 3, 2, 1, 3, 1, 3, 1, 3, 1, 3, 1, 3, 3, 1, 3]);
objective = 5;
row = array1d(1..14, [10, 8, 7, 1, 9, 11, 12, 4, 14, 13, 5, 6, 2, 3]);
----------
contestant = array2d(1..14, 1..20, [1, 3, 5, 7, 2, 4, 6, 6, 8, 11, 9, 7, 13, 3, 5, 10, 14, 12, 2, 4, 7, 2, 4, 6, 1, 3, 5, 5, 7, 10, 4, 14, 12, 11, 8, 6, 9, 13, 1, 3, 6, 1, 3, 5, 7, 2, 4, 4, 10, 8, 12, 9, 14, 1, 6, 11, 13, 5, 7, 2, 5, 7, 2, 4, 6, 1, 3, 3, 9, 13, 2, 11, 5, 7, 12, 14, 10, 8, 6, 1, 4, 6, 1, 3, 5, 7, 2, 2, 12, 14, 10, 6, 4, 8, 1, 9, 11, 3, 13, 7, 3, 5, 7, 2, 4, 6, 1, 1, 11, 9, 13, 5, 7, 10, 3, 2, 12, 14, 4, 8, 2, 4, 6, 1, 3, 5, 7, 10, 2, 12, 14, 1, 6, 4, 9, 13, 8, 11, 3, 5, 8, 10, 12, 14, 9, 11, 13, 9, 1, 3, 11, 13, 10, 5, 2, 12, 7, 4, 14, 6, 14, 9, 11, 13, 8, 10, 12, 8, 4, 6, 1, 3, 11, 13, 7, 5, 2, 10, 12, 14, 13, 8, 10, 12, 14, 9, 11, 7, 3, 2, 5, 12, 8, 6, 14, 1, 4, 9, 11, 13, 12, 14, 9, 11, 13, 8, 10, 14, 6, 1, 8, 4, 9, 2, 13, 3, 5, 7, 10, 12, 11, 13, 8, 10, 12, 14, 9, 13, 5, 7, 3, 10, 2, 14, 4, 8, 6, 1, 9, 11, 10, 12, 14, 9, 11, 13, 8, 12, 14, 4, 6, 8, 1, 9, 11, 7, 3, 2, 5, 10, 9, 11, 13, 8, 10, 12, 14, 11, 13, 5, 7, 2, 3, 12, 10, 4, 1, 6, 8, 9]);
hap = array2d(1..14, 1..20, [2, 3, 1, 3, 1, 3, 1, 3, 1, 1, 3, 1, 3, 1, 3, 1, 3, 1, 3, 1, 1, 2, 3, 1, 3, 1, 3, 1, 3, 3, 1, 3, 1, 3, 1, 3, 1, 3, 1, 3, 3, 1, 2, 3, 1, 3, 1, 3, 1, 3, 1, 3, 1, 3, 1, 3, 1, 1, 3, 1, 1, 3, 1, 2, 3, 1, 3, 1, 3, 1, 3, 1, 3, 1, 3, 1, 3, 3, 1, 3, 3, 1, 3, 1, 2, 3, 1, 3, 1, 3, 1, 3, 1, 3, 1, 3, 1, 3, 1, 1, 1, 3, 1, 3, 1, 2, 3, 1, 3, 1, 3, 1, 3, 1, 3, 1, 3, 1, 3, 3, 3, 1, 3, 1, 3, 1, 2, 3, 1, 3, 1, 3, 1, 3, 1, 3, 1, 3, 1, 3, 2, 1, 3, 1, 3, 1, 3, 1, 3, 1, 3, 1, 3, 1, 3, 1, 3, 1, 3, 1, 3, 2, 1, 3, 1, 3, 1, 3, 1, 3, 1, 1, 3, 1, 3, 1, 3, 1, 3, 1, 1, 3, 2, 1, 3, 1, 3, 1, 3, 1, 3, 3, 1, 3, 1, 3, 1, 3, 1, 3, 3, 1, 3, 2, 1, 3, 1, 3, 1, 3, 1, 3, 1, 1, 3, 1, 3, 1, 3, 1, 1, 3, 1, 3, 2, 1, 3, 1, 3, 1, 3, 1, 3, 3, 1, 3, 1, 3, 1, 3, 3, 1, 3, 1, 3, 2, 1, 3, 1, 3, 1, 3, 1, 3, 1, 1, 3, 1, 3, 1, 1, 3, 1, 3, 1, 3, 2, 1, 3, 1, 3, 1, 3, 1, 3, 3, 1, 3, 1, 3]);
objective = 4;
row = array1d(1..14, [10, 8, 2, 1, 9, 11, 12, 3, 14, 13, 5, 6, 7, 4]);
----------
contestant = array2d(1..14, 1..20, [1, 3, 5, 7, 2, 4, 6, 6, 14, 8, 9, 11, 13, 3, 2, 7, 5, 10, 12, 4, 7, 2, 4, 6, 1, 3, 5, 5, 7, 13, 10, 12, 4, 14, 1, 6, 8, 11, 9, 3, 6, 1, 3, 5, 7, 2, 4, 4, 12, 9, 8, 14, 6, 1, 11, 13, 10, 5, 7, 2, 5, 7, 2, 4, 6, 1, 3, 3, 13, 7, 11, 10, 2, 12, 5, 8, 14, 9, 6, 1, 4, 6, 1, 3, 5, 7, 2, 2, 10, 14, 12, 6, 8, 9, 4, 11, 1, 3, 13, 7, 3, 5, 7, 2, 4, 6, 1, 1, 9, 11, 13, 5, 3, 10, 12, 2, 7, 14, 4, 8, 2, 4, 6, 1, 3, 5, 7, 10, 2, 4, 14, 8, 12, 11, 9, 1, 6, 13, 3, 5, 8, 10, 12, 14, 9, 11, 13, 9, 11, 1, 3, 7, 5, 13, 10, 4, 2, 12, 14, 6, 14, 9, 11, 13, 8, 10, 12, 8, 6, 3, 1, 13, 11, 5, 7, 10, 12, 4, 2, 14, 13, 8, 10, 12, 14, 9, 11, 7, 5, 12, 2, 4, 14, 6, 8, 9, 3, 1, 11, 13, 12, 14, 9, 11, 13, 8, 10, 14, 8, 6, 4, 1, 9, 7, 3, 5, 13, 2, 10, 12, 11, 13, 8, 10, 12, 14, 9, 13, 3, 10, 5, 2, 7, 4, 6, 14, 9, 8, 1, 11, 10, 12, 14, 9, 11, 13, 8, 12, 4, 2, 6, 9, 1, 8, 14, 3, 11, 7, 5, 10, 9, 11, 13, 8, 10, 12, 14, 11, 1, 5, 7, 3, 10, 2, 13, 12, 4, 6, 8, 9]);
hap = array2d(1..14, 1..20, [2, 3, 1, 3, 1, 3, 1, 3, 1, 3, 1, 1, 3, 1, 3, 1, 3, 1, 3, 1, 1, 2, 3, 1, 3, 1, 3, 1, 3, 1, 3, 3, 1, 3, 1, 3, 1, 3, 1, 3, 3, 1, 2, 3, 1, 3, 1, 3, 1, 3, 1, 3, 1, 3, 1, 1, 3, 1, 3, 1, 1, 3, 1, 2, 3, 1, 3, 1, 3, 1, 3, 1, 3, 1, 3, 3, 1, 3, 1, 3, 3, 1, 3, 1, 2, 3, 1, 3, 1, 3, 1, 3, 1, 3, 1, 3, 1, 3, 1, 1, 1, 3, 1, 3, 1, 2, 3, 1, 3, 1, 3, 1, 3, 1, 3, 1, 3, 1, 3, 3, 3, 1, 3, 1, 3, 1, 2, 3, 1, 3, 1, 3, 1, 3, 1, 3, 1, 3, 1, 3, 2, 1, 3, 1, 3, 1, 3, 1, 3, 1, 3, 1, 3, 1, 3, 1, 3, 1, 3, 1, 3, 2, 1, 3, 1, 3, 1, 3, 1, 1, 3, 1, 3, 1, 3, 1, 3, 1, 3, 1, 1, 3, 2, 1, 3, 1, 3, 1, 3, 3, 1, 3, 1, 3, 1, 3, 1, 3, 1, 3, 3, 1, 3, 2, 1, 3, 1, 3, 1, 3, 1, 3, 1, 1, 3, 1, 3, 1, 3, 1, 1, 3, 1, 3, 2, 1, 3, 1, 3, 1, 3, 1, 3, 3, 1, 3, 1, 3, 1, 3, 3, 1, 3, 1, 3, 2, 1, 3, 1, 3, 1, 3, 1, 3, 1, 3, 1, 1, 3, 1, 1, 3, 1, 3, 1, 3, 2, 1, 3, 1, 3, 1, 3, 1, 3, 1, 3, 3, 1, 3]);
objective = 3;
row = array1d(1..14, [11, 8, 7, 2, 12, 9, 10, 3, 14, 13, 5, 6, 1, 4]);
----------
contestant = array2d(1..14, 1..20, [1, 3, 5, 7, 2, 4, 6, 6, 4, 14, 12, 10, 8, 5, 7, 2, 11, 13, 3, 9, 7, 2, 4, 6, 1, 3, 5, 13, 11, 5, 6, 9, 3, 4, 12, 1, 14, 8, 10, 7, 6, 1, 3, 5, 7, 2, 4, 4, 12, 7, 14, 8, 2, 10, 5, 11, 13, 9, 1, 6, 5, 7, 2, 4, 6, 1, 3, 3, 1, 6, 9, 12, 14, 2, 8, 5, 7, 10, 11, 13, 4, 6, 1, 3, 5, 7, 2, 10, 8, 2, 7, 13, 11, 1, 3, 4, 9, 12, 6, 14, 3, 5, 7, 2, 4, 6, 1, 1, 9, 4, 2, 14, 12, 7, 10, 13, 8, 11, 5, 3, 2, 4, 6, 1, 3, 5, 7, 8, 10, 3, 5, 11, 13, 6, 1, 9, 4, 14, 12, 2, 8, 10, 12, 14, 9, 11, 13, 7, 5, 9, 11, 3, 1, 13, 4, 12, 6, 2, 14, 10, 14, 9, 11, 13, 8, 10, 12, 12, 6, 8, 4, 2, 10, 11, 14, 7, 5, 3, 13, 1, 13, 8, 10, 12, 14, 9, 11, 5, 7, 11, 13, 1, 9, 3, 6, 14, 12, 4, 2, 8, 12, 14, 9, 11, 13, 8, 10, 14, 2, 10, 8, 7, 5, 9, 13, 3, 1, 6, 4, 12, 11, 13, 8, 10, 12, 14, 9, 9, 3, 13, 1, 4, 6, 14, 2, 8, 10, 5, 7, 11, 10, 12, 14, 9, 11, 13, 8, 2, 14, 12, 10, 5, 7, 8, 11, 6, 3, 1, 9, 4, 9, 11, 13, 8, 10, 12, 14, 11, 13, 1, 3, 6, 4, 12, 9, 10, 2, 7, 8, 5]);
hap = array2d(1..14, 1..20, [2, 1, 3, 1, 3, 1, 3, 1, 3, 1, 3, 1, 3, 1, 3, 1, 3, 1, 3, 1, 3, 2, 1, 3, 1, 3, 1, 3, 1, 3, 1, 3, 1, 3, 1, 3, 1, 1, 3, 1, 1, 3, 2, 1, 3, 1, 3, 1, 3, 1, 3, 1, 3, 1, 3, 1, 3, 3, 1, 3, 3, 1, 3, 2, 1, 3, 1, 3, 1, 3, 1, 1, 3, 1, 3, 1, 3, 1, 3, 1, 1, 3, 1, 3, 2, 1, 3, 1, 3, 1, 3, 3, 1, 3, 1, 3, 1, 3, 1, 3, 3, 1, 3, 1, 3, 2, 1, 3, 1, 1, 3, 1, 3, 1, 3, 1, 3, 1, 3, 1, 1, 3, 1, 3, 1, 3, 2, 1, 3, 3, 1, 3, 1, 3, 1, 3, 1, 3, 1, 3, 2, 3, 1, 3, 1, 3, 1, 3, 1, 3, 1, 3, 1, 3, 1, 3, 1, 3, 1, 1, 1, 2, 3, 1, 3, 1, 3, 1, 3, 1, 3, 1, 3, 1, 3, 1, 3, 1, 3, 3, 3, 1, 2, 3, 1, 3, 1, 3, 1, 3, 1, 3, 1, 3, 1, 3, 1, 3, 1, 3, 1, 3, 1, 2, 3, 1, 3, 1, 3, 1, 3, 1, 3, 3, 1, 3, 1, 3, 1, 3, 3, 1, 3, 1, 2, 3, 1, 3, 1, 3, 1, 3, 1, 1, 3, 1, 3, 1, 3, 1, 1, 3, 1, 3, 1, 2, 3, 1, 3, 1, 3, 1, 3, 1, 3, 3, 1, 3, 1, 3, 3, 1, 3, 1, 3, 1, 2, 3, 1, 3, 1, 3, 1, 3, 1, 1, 3, 1, 3, 1]);
objective = 2;
row = array1d(1..14, [8, 12, 7, 5, 9, 10, 11, 2, 13, 14, 6, 1, 4, 3]);
----------
==========
