mznc2018_probs/train/instance.16.dzn
arrival = array2d(1..5, 1..5, [0, 5, 12, 22, 29, 0, 15, 22, 49, 54, 0, 25, 32, 51, 56, 0, 35, 47, 53, 61, 0, 45, 52, 62, 73]);
collect = array2d(1..5, 1..5, [0, 75, 0, 100, 0, 0, 150, 0, 0, 0, 0, 0, 380, 0, 0, 0, 375, 0, 110, 0, 0, 75, 120, 290, 0]);
departure = array2d(1..5, 1..5, [0, 8, 16, 24, 29, 10, 18, 26, 49, 54, 20, 28, 44, 51, 56, 30, 43, 47, 56, 61, 40, 48, 56, 68, 73]);
dwell = array2d(1..5, 1..5, [0, 3, 4, 2, 0, 10, 3, 4, 0, 0, 20, 3, 12, 0, 0, 30, 8, 0, 3, 0, 40, 3, 4, 6, 0]);
load = array2d(1..5, 1..5, [0, 75, 75, 175, 175, 0, 150, 150, 150, 150, 0, 0, 380, 380, 380, 0, 375, 375, 485, 485, 0, 75, 195, 485, 485]);
objective = 99445;
sigmaLower = array2d(1..5, 1..5, [0, 3, 6, 14, 0, 0, 8, 6, 24, 0, 0, 18, 6, 24, 0, 0, 18, 44, 24, 0, 0, 43, 44, 35, 0]);
sigmaUpper = array2d(1..5, 1..5, [0, 8, 6, 24, 0, 0, 18, 6, 24, 0, 0, 18, 44, 24, 0, 0, 43, 44, 35, 0, 0, 48, 56, 64, 0]);
----------
arrival = array2d(1..5, 1..5, [0, 5, 12, 22, 29, 0, 15, 22, 49, 54, 0, 25, 32, 51, 56, 0, 35, 47, 53, 61, 0, 45, 52, 62, 73]);
collect = array2d(1..5, 1..5, [0, 75, 0, 100, 0, 0, 150, 200, 0, 0, 0, 0, 180, 0, 0, 0, 375, 0, 110, 0, 0, 75, 120, 290, 0]);
departure = array2d(1..5, 1..5, [0, 8, 16, 24, 29, 10, 18, 26, 49, 54, 20, 28, 44, 51, 56, 30, 43, 47, 56, 61, 40, 48, 56, 68, 73]);
dwell = array2d(1..5, 1..5, [0, 3, 4, 2, 0, 10, 3, 4, 0, 0, 20, 3, 12, 0, 0, 30, 8, 0, 3, 0, 40, 3, 4, 6, 0]);
load = array2d(1..5, 1..5, [0, 75, 75, 175, 175, 0, 150, 350, 350, 350, 0, 0, 180, 180, 180, 0, 375, 375, 485, 485, 0, 75, 195, 485, 485]);
objective = 99045;
sigmaLower = array2d(1..5, 1..5, [0, 3, 6, 14, 0, 0, 8, 6, 24, 0, 0, 18, 26, 24, 0, 0, 18, 44, 24, 0, 0, 43, 44, 35, 0]);
sigmaUpper = array2d(1..5, 1..5, [0, 8, 6, 24, 0, 0, 18, 26, 24, 0, 0, 18, 44, 24, 0, 0, 43, 44, 35, 0, 0, 48, 56, 64, 0]);
----------
arrival = array2d(1..5, 1..5, [0, 5, 12, 22, 29, 0, 15, 22, 49, 54, 0, 25, 32, 51, 56, 0, 35, 47, 53, 61, 0, 45, 52, 62, 73]);
collect = array2d(1..5, 1..5, [0, 75, 100, 100, 0, 0, 150, 0, 0, 0, 0, 0, 280, 0, 0, 0, 375, 0, 110, 0, 0, 75, 120, 290, 0]);
departure = array2d(1..5, 1..5, [0, 8, 16, 24, 29, 10, 18, 26, 49, 54, 20, 28, 44, 51, 56, 30, 43, 47, 56, 61, 40, 48, 56, 68, 73]);
dwell = array2d(1..5, 1..5, [0, 3, 4, 2, 0, 10, 3, 4, 0, 0, 20, 3, 12, 0, 0, 30, 8, 0, 3, 0, 40, 3, 4, 6, 0]);
load = array2d(1..5, 1..5, [0, 75, 175, 275, 275, 0, 150, 150, 150, 150, 0, 0, 280, 280, 280, 0, 375, 375, 485, 485, 0, 75, 195, 485, 485]);
objective = 96745;
sigmaLower = array2d(1..5, 1..5, [0, 3, 6, 14, 0, 0, 8, 16, 24, 0, 0, 18, 16, 24, 0, 0, 18, 44, 24, 0, 0, 43, 44, 35, 0]);
sigmaUpper = array2d(1..5, 1..5, [0, 8, 16, 24, 0, 0, 18, 16, 24, 0, 0, 18, 44, 24, 0, 0, 43, 44, 35, 0, 0, 48, 56, 64, 0]);
----------
arrival = array2d(1..5, 1..5, [0, 5, 12, 22, 29, 0, 15, 22, 49, 54, 0, 25, 32, 51, 56, 0, 35, 47, 53, 61, 0, 45, 52, 62, 73]);
collect = array2d(1..5, 1..5, [0, 75, 100, 100, 0, 0, 150, 100, 0, 0, 0, 0, 180, 0, 0, 0, 375, 0, 110, 0, 0, 75, 120, 290, 0]);
departure = array2d(1..5, 1..5, [0, 8, 16, 24, 29, 10, 18, 26, 49, 54, 20, 28, 44, 51, 56, 30, 43, 47, 56, 61, 40, 48, 56, 68, 73]);
dwell = array2d(1..5, 1..5, [0, 3, 4, 2, 0, 10, 3, 4, 0, 0, 20, 3, 12, 0, 0, 30, 8, 0, 3, 0, 40, 3, 4, 6, 0]);
load = array2d(1..5, 1..5, [0, 75, 175, 275, 275, 0, 150, 250, 250, 250, 0, 0, 180, 180, 180, 0, 375, 375, 485, 485, 0, 75, 195, 485, 485]);
objective = 96545;
sigmaLower = array2d(1..5, 1..5, [0, 3, 6, 14, 0, 0, 8, 16, 24, 0, 0, 18, 26, 24, 0, 0, 18, 44, 24, 0, 0, 43, 44, 35, 0]);
sigmaUpper = array2d(1..5, 1..5, [0, 8, 16, 24, 0, 0, 18, 26, 24, 0, 0, 18, 44, 24, 0, 0, 43, 44, 35, 0, 0, 48, 56, 64, 0]);
----------
arrival = array2d(1..5, 1..5, [0, 5, 12, 22, 29, 0, 15, 22, 49, 54, 0, 25, 32, 51, 56, 0, 35, 47, 53, 61, 0, 45, 52, 62, 73]);
collect = array2d(1..5, 1..5, [0, 75, 100, 100, 0, 0, 150, 100, 0, 0, 0, 0, 190, 0, 0, 0, 375, 0, 110, 0, 0, 75, 110, 290, 0]);
departure = array2d(1..5, 1..5, [0, 8, 16, 24, 29, 10, 18, 26, 49, 54, 20, 28, 45, 51, 56, 30, 43, 47, 56, 61, 40, 48, 56, 68, 73]);
dwell = array2d(1..5, 1..5, [0, 3, 4, 2, 0, 10, 3, 4, 0, 0, 20, 3, 13, 0, 0, 30, 8, 0, 3, 0, 40, 3, 4, 6, 0]);
load = array2d(1..5, 1..5, [0, 75, 175, 275, 275, 0, 150, 250, 250, 250, 0, 0, 190, 190, 190, 0, 375, 375, 485, 485, 0, 75, 185, 475, 475]);
objective = 96375;
sigmaLower = array2d(1..5, 1..5, [0, 3, 6, 14, 0, 0, 8, 16, 24, 0, 0, 18, 26, 24, 0, 0, 18, 45, 24, 0, 0, 43, 45, 35, 0]);
sigmaUpper = array2d(1..5, 1..5, [0, 8, 16, 24, 0, 0, 18, 26, 24, 0, 0, 18, 45, 24, 0, 0, 43, 45, 35, 0, 0, 48, 56, 64, 0]);
----------
arrival = array2d(1..5, 1..5, [0, 5, 12, 22, 29, 0, 15, 22, 49, 54, 0, 25, 32, 51, 56, 0, 35, 48, 54, 61, 0, 46, 52, 62, 73]);
collect = array2d(1..5, 1..5, [0, 75, 100, 100, 0, 0, 150, 100, 0, 0, 0, 0, 190, 0, 0, 0, 390, 0, 100, 0, 0, 60, 110, 300, 0]);
departure = array2d(1..5, 1..5, [0, 8, 16, 24, 29, 10, 18, 26, 49, 54, 20, 28, 45, 51, 56, 30, 44, 48, 56, 61, 40, 48, 56, 68, 73]);
dwell = array2d(1..5, 1..5, [0, 3, 4, 2, 0, 10, 3, 4, 0, 0, 20, 3, 13, 0, 0, 30, 9, 0, 2, 0, 40, 2, 4, 6, 0]);
load = array2d(1..5, 1..5, [0, 75, 175, 275, 275, 0, 150, 250, 250, 250, 0, 0, 190, 190, 190, 0, 390, 390, 490, 490, 0, 60, 170, 470, 470]);
objective = 96315;
sigmaLower = array2d(1..5, 1..5, [0, 3, 6, 14, 0, 0, 8, 16, 24, 0, 0, 18, 26, 24, 0, 0, 18, 45, 24, 0, 0, 44, 45, 34, 0]);
sigmaUpper = array2d(1..5, 1..5, [0, 8, 16, 24, 0, 0, 18, 26, 24, 0, 0, 18, 45, 24, 0, 0, 44, 45, 34, 0, 0, 48, 56, 64, 0]);
----------
arrival = array2d(1..5, 1..5, [0, 5, 12, 22, 29, 0, 15, 22, 49, 54, 0, 25, 32, 51, 56, 0, 35, 44, 53, 62, 0, 45, 52, 62, 71]);
collect = array2d(1..5, 1..5, [0, 75, 100, 100, 0, 0, 150, 0, 0, 0, 0, 150, 200, 0, 0, 0, 180, 110, 200, 0, 0, 120, 90, 200, 0]);
departure = array2d(1..5, 1..5, [0, 8, 16, 24, 29, 10, 18, 26, 49, 54, 20, 28, 36, 51, 56, 30, 40, 47, 57, 62, 40, 48, 56, 66, 71]);
dwell = array2d(1..5, 1..5, [0, 3, 4, 2, 0, 10, 3, 4, 0, 0, 20, 3, 4, 0, 0, 30, 5, 3, 4, 0, 40, 3, 4, 4, 0]);
load = array2d(1..5, 1..5, [0, 75, 175, 275, 275, 0, 150, 150, 150, 150, 0, 150, 350, 350, 350, 0, 180, 290, 490, 490, 0, 120, 210, 410, 410]);
objective = 95165;
sigmaLower = array2d(1..5, 1..5, [0, 3, 6, 14, 0, 0, 8, 16, 24, 0, 0, 18, 16, 24, 0, 0, 28, 36, 24, 0, 0, 40, 47, 44, 0]);
sigmaUpper = array2d(1..5, 1..5, [0, 8, 16, 24, 0, 0, 18, 16, 24, 0, 0, 28, 36, 24, 0, 0, 40, 47, 44, 0, 0, 48, 56, 64, 0]);
----------
arrival = array2d(1..5, 1..5, [0, 5, 12, 22, 29, 0, 15, 22, 49, 54, 0, 25, 32, 51, 56, 0, 35, 44, 53, 62, 0, 45, 52, 62, 71]);
collect = array2d(1..5, 1..5, [0, 75, 100, 100, 0, 0, 150, 100, 0, 0, 0, 150, 100, 0, 0, 0, 180, 110, 200, 0, 0, 120, 90, 200, 0]);
departure = array2d(1..5, 1..5, [0, 8, 16, 24, 29, 10, 18, 26, 49, 54, 20, 28, 36, 51, 56, 30, 40, 47, 57, 62, 40, 48, 56, 66, 71]);
dwell = array2d(1..5, 1..5, [0, 3, 4, 2, 0, 10, 3, 4, 0, 0, 20, 3, 4, 0, 0, 30, 5, 3, 4, 0, 40, 3, 4, 4, 0]);
load = array2d(1..5, 1..5, [0, 75, 175, 275, 275, 0, 150, 250, 250, 250, 0, 150, 250, 250, 250, 0, 180, 290, 490, 490, 0, 120, 210, 410, 410]);
objective = 94965;
sigmaLower = array2d(1..5, 1..5, [0, 3, 6, 14, 0, 0, 8, 16, 24, 0, 0, 18, 26, 24, 0, 0, 28, 36, 24, 0, 0, 40, 47, 44, 0]);
sigmaUpper = array2d(1..5, 1..5, [0, 8, 16, 24, 0, 0, 18, 26, 24, 0, 0, 28, 36, 24, 0, 0, 40, 47, 44, 0, 0, 48, 56, 64, 0]);
----------
arrival = array2d(1..5, 1..5, [0, 5, 12, 22, 29, 0, 15, 22, 49, 54, 0, 25, 32, 51, 56, 0, 35, 45, 53, 62, 0, 45, 52, 62, 71]);
collect = array2d(1..5, 1..5, [0, 75, 100, 100, 0, 0, 150, 0, 0, 0, 0, 150, 220, 0, 0, 0, 195, 90, 200, 0, 0, 105, 90, 200, 0]);
departure = array2d(1..5, 1..5, [0, 8, 16, 24, 29, 10, 18, 26, 49, 54, 20, 28, 38, 51, 56, 30, 41, 47, 57, 62, 40, 48, 56, 66, 71]);
dwell = array2d(1..5, 1..5, [0, 3, 4, 2, 0, 10, 3, 4, 0, 0, 20, 3, 6, 0, 0, 30, 6, 2, 4, 0, 40, 3, 4, 4, 0]);
load = array2d(1..5, 1..5, [0, 75, 175, 275, 275, 0, 150, 150, 150, 150, 0, 150, 370, 370, 370, 0, 195, 285, 485, 485, 0, 105, 195, 395, 395]);
objective = 94910;
sigmaLower = array2d(1..5, 1..5, [0, 3, 6, 14, 0, 0, 8, 16, 24, 0, 0, 18, 16, 24, 0, 0, 28, 38, 24, 0, 0, 41, 47, 44, 0]);
sigmaUpper = array2d(1..5, 1..5, [0, 8, 16, 24, 0, 0, 18, 16, 24, 0, 0, 28, 38, 24, 0, 0, 41, 47, 44, 0, 0, 48, 56, 64, 0]);
----------
arrival = array2d(1..5, 1..5, [0, 5, 12, 22, 29, 0, 15, 22, 49, 54, 0, 25, 32, 51, 56, 0, 35, 45, 53, 62, 0, 45, 52, 62, 71]);
collect = array2d(1..5, 1..5, [0, 75, 100, 100, 0, 0, 150, 100, 0, 0, 0, 150, 120, 0, 0, 0, 195, 90, 200, 0, 0, 105, 90, 200, 0]);
departure = array2d(1..5, 1..5, [0, 8, 16, 24, 29, 10, 18, 26, 49, 54, 20, 28, 38, 51, 56, 30, 41, 47, 57, 62, 40, 48, 56, 66, 71]);
dwell = array2d(1..5, 1..5, [0, 3, 4, 2, 0, 10, 3, 4, 0, 0, 20, 3, 6, 0, 0, 30, 6, 2, 4, 0, 40, 3, 4, 4, 0]);
load = array2d(1..5, 1..5, [0, 75, 175, 275, 275, 0, 150, 250, 250, 250, 0, 150, 270, 270, 270, 0, 195, 285, 485, 485, 0, 105, 195, 395, 395]);
objective = 94710;
sigmaLower = array2d(1..5, 1..5, [0, 3, 6, 14, 0, 0, 8, 16, 24, 0, 0, 18, 26, 24, 0, 0, 28, 38, 24, 0, 0, 41, 47, 44, 0]);
sigmaUpper = array2d(1..5, 1..5, [0, 8, 16, 24, 0, 0, 18, 26, 24, 0, 0, 28, 38, 24, 0, 0, 41, 47, 44, 0, 0, 48, 56, 64, 0]);
----------
arrival = array2d(1..5, 1..5, [0, 5, 12, 22, 29, 0, 15, 22, 49, 54, 0, 25, 32, 51, 56, 0, 35, 43, 53, 63, 0, 45, 52, 62, 70]);
collect = array2d(1..5, 1..5, [0, 75, 100, 100, 0, 0, 150, 100, 0, 0, 0, 150, 130, 0, 0, 0, 165, 70, 250, 0, 0, 135, 100, 150, 0]);
departure = array2d(1..5, 1..5, [0, 8, 16, 24, 29, 10, 18, 26, 49, 54, 20, 28, 39, 51, 56, 30, 39, 46, 58, 63, 40, 48, 56, 65, 70]);
dwell = array2d(1..5, 1..5, [0, 3, 4, 2, 0, 10, 3, 4, 0, 0, 20, 3, 7, 0, 0, 30, 4, 3, 5, 0, 40, 3, 4, 3, 0]);
load = array2d(1..5, 1..5, [0, 75, 175, 275, 275, 0, 150, 250, 250, 250, 0, 150, 280, 280, 280, 0, 165, 235, 485, 485, 0, 135, 235, 385, 385]);
objective = 94660;
sigmaLower = array2d(1..5, 1..5, [0, 3, 6, 14, 0, 0, 8, 16, 24, 0, 0, 18, 26, 24, 0, 0, 28, 39, 24, 0, 0, 39, 46, 49, 0]);
sigmaUpper = array2d(1..5, 1..5, [0, 8, 16, 24, 0, 0, 18, 26, 24, 0, 0, 28, 39, 24, 0, 0, 39, 46, 49, 0, 0, 48, 56, 64, 0]);
----------
arrival = array2d(1..5, 1..5, [0, 5, 12, 22, 29, 0, 15, 22, 49, 54, 0, 25, 32, 51, 56, 0, 35, 43, 53, 63, 0, 45, 52, 62, 70]);
collect = array2d(1..5, 1..5, [0, 75, 100, 100, 0, 0, 150, 100, 0, 0, 0, 150, 140, 0, 0, 0, 165, 70, 250, 0, 0, 135, 90, 150, 0]);
departure = array2d(1..5, 1..5, [0, 8, 16, 24, 29, 10, 18, 26, 49, 54, 20, 28, 40, 51, 56, 30, 39, 47, 58, 63, 40, 48, 56, 65, 70]);
dwell = array2d(1..5, 1..5, [0, 3, 4, 2, 0, 10, 3, 4, 0, 0, 20, 3, 8, 0, 0, 30, 4, 4, 5, 0, 40, 3, 4, 3, 0]);
load = array2d(1..5, 1..5, [0, 75, 175, 275, 275, 0, 150, 250, 250, 250, 0, 150, 290, 290, 290, 0, 165, 235, 485, 485, 0, 135, 225, 375, 375]);
objective = 94520;
sigmaLower = array2d(1..5, 1..5, [0, 3, 6, 14, 0, 0, 8, 16, 24, 0, 0, 18, 26, 24, 0, 0, 28, 40, 24, 0, 0, 39, 47, 49, 0]);
sigmaUpper = array2d(1..5, 1..5, [0, 8, 16, 24, 0, 0, 18, 26, 24, 0, 0, 28, 40, 24, 0, 0, 39, 47, 49, 0, 0, 48, 56, 64, 0]);
----------
arrival = array2d(1..5, 1..5, [0, 5, 12, 22, 29, 0, 15, 22, 49, 54, 0, 25, 32, 51, 56, 0, 35, 44, 53, 63, 0, 45, 52, 62, 70]);
collect = array2d(1..5, 1..5, [0, 75, 100, 100, 0, 0, 150, 100, 0, 0, 0, 150, 140, 0, 0, 0, 180, 60, 250, 0, 0, 120, 100, 150, 0]);
departure = array2d(1..5, 1..5, [0, 8, 16, 24, 29, 10, 18, 26, 49, 54, 20, 28, 40, 51, 56, 30, 40, 46, 58, 63, 40, 48, 56, 65, 70]);
dwell = array2d(1..5, 1..5, [0, 3, 4, 2, 0, 10, 3, 4, 0, 0, 20, 3, 8, 0, 0, 30, 5, 2, 5, 0, 40, 3, 4, 3, 0]);
load = array2d(1..5, 1..5, [0, 75, 175, 275, 275, 0, 150, 250, 250, 250, 0, 150, 290, 290, 290, 0, 180, 240, 490, 490, 0, 120, 220, 370, 370]);
objective = 94485;
sigmaLower = array2d(1..5, 1..5, [0, 3, 6, 14, 0, 0, 8, 16, 24, 0, 0, 18, 26, 24, 0, 0, 28, 40, 24, 0, 0, 40, 46, 49, 0]);
sigmaUpper = array2d(1..5, 1..5, [0, 8, 16, 24, 0, 0, 18, 26, 24, 0, 0, 28, 40, 24, 0, 0, 40, 46, 49, 0, 0, 48, 56, 64, 0]);
----------
arrival = array2d(1..5, 1..5, [0, 5, 12, 22, 29, 0, 15, 22, 49, 54, 0, 25, 32, 51, 56, 0, 35, 44, 53, 63, 0, 45, 52, 62, 70]);
collect = array2d(1..5, 1..5, [0, 75, 100, 100, 0, 0, 150, 100, 0, 0, 0, 150, 150, 0, 0, 0, 180, 60, 250, 0, 0, 120, 90, 150, 0]);
departure = array2d(1..5, 1..5, [0, 8, 16, 24, 29, 10, 18, 26, 49, 54, 20, 28, 41, 51, 56, 30, 40, 47, 58, 63, 40, 48, 56, 65, 70]);
dwell = array2d(1..5, 1..5, [0, 3, 4, 2, 0, 10, 3, 4, 0, 0, 20, 3, 9, 0, 0, 30, 5, 3, 5, 0, 40, 3, 4, 3, 0]);
load = array2d(1..5, 1..5, [0, 75, 175, 275, 275, 0, 150, 250, 250, 250, 0, 150, 300, 300, 300, 0, 180, 240, 490, 490, 0, 120, 210, 360, 360]);
objective = 94345;
sigmaLower = array2d(1..5, 1..5, [0, 3, 6, 14, 0, 0, 8, 16, 24, 0, 0, 18, 26, 24, 0, 0, 28, 41, 24, 0, 0, 40, 47, 49, 0]);
sigmaUpper = array2d(1..5, 1..5, [0, 8, 16, 24, 0, 0, 18, 26, 24, 0, 0, 28, 41, 24, 0, 0, 40, 47, 49, 0, 0, 48, 56, 64, 0]);
----------
arrival = array2d(1..5, 1..5, [0, 5, 12, 22, 29, 0, 15, 22, 49, 54, 0, 25, 32, 51, 56, 0, 35, 45, 53, 63, 0, 45, 52, 62, 70]);
collect = array2d(1..5, 1..5, [0, 75, 100, 100, 0, 0, 150, 100, 0, 0, 0, 150, 160, 0, 0, 0, 195, 40, 250, 0, 0, 105, 100, 150, 0]);
departure = array2d(1..5, 1..5, [0, 8, 16, 24, 29, 10, 18, 26, 49, 54, 20, 28, 42, 51, 56, 30, 41, 46, 58, 63, 40, 48, 56, 65, 70]);
dwell = array2d(1..5, 1..5, [0, 3, 4, 2, 0, 10, 3, 4, 0, 0, 20, 3, 10, 0, 0, 30, 6, 1, 5, 0, 40, 3, 4, 3, 0]);
load = array2d(1..5, 1..5, [0, 75, 175, 275, 275, 0, 150, 250, 250, 250, 0, 150, 310, 310, 310, 0, 195, 235, 485, 485, 0, 105, 205, 355, 355]);
objective = 94240;
sigmaLower = array2d(1..5, 1..5, [0, 3, 6, 14, 0, 0, 8, 16, 24, 0, 0, 18, 26, 24, 0, 0, 28, 42, 24, 0, 0, 41, 46, 49, 0]);
sigmaUpper = array2d(1..5, 1..5, [0, 8, 16, 24, 0, 0, 18, 26, 24, 0, 0, 28, 42, 24, 0, 0, 41, 46, 49, 0, 0, 48, 56, 64, 0]);
----------
arrival = array2d(1..5, 1..5, [0, 5, 12, 22, 29, 0, 15, 22, 49, 54, 0, 25, 32, 51, 56, 0, 35, 45, 53, 63, 0, 45, 52, 62, 70]);
collect = array2d(1..5, 1..5, [0, 75, 100, 100, 0, 0, 150, 100, 0, 0, 0, 150, 170, 0, 0, 0, 195, 40, 250, 0, 0, 105, 90, 150, 0]);
departure = array2d(1..5, 1..5, [0, 8, 16, 24, 29, 10, 18, 26, 49, 54, 20, 28, 43, 51, 56, 30, 41, 47, 58, 63, 40, 48, 56, 65, 70]);
dwell = array2d(1..5, 1..5, [0, 3, 4, 2, 0, 10, 3, 4, 0, 0, 20, 3, 11, 0, 0, 30, 6, 2, 5, 0, 40, 3, 4, 3, 0]);
load = array2d(1..5, 1..5, [0, 75, 175, 275, 275, 0, 150, 250, 250, 250, 0, 150, 320, 320, 320, 0, 195, 235, 485, 485, 0, 105, 195, 345, 345]);
objective = 94100;
sigmaLower = array2d(1..5, 1..5, [0, 3, 6, 14, 0, 0, 8, 16, 24, 0, 0, 18, 26, 24, 0, 0, 28, 43, 24, 0, 0, 41, 47, 49, 0]);
sigmaUpper = array2d(1..5, 1..5, [0, 8, 16, 24, 0, 0, 18, 26, 24, 0, 0, 28, 43, 24, 0, 0, 41, 47, 49, 0, 0, 48, 56, 64, 0]);
----------
arrival = array2d(1..5, 1..5, [0, 5, 12, 22, 29, 0, 15, 22, 49, 54, 0, 25, 32, 51, 56, 0, 35, 46, 53, 63, 0, 45, 52, 62, 70]);
collect = array2d(1..5, 1..5, [0, 75, 100, 100, 0, 0, 150, 100, 0, 0, 0, 150, 180, 0, 0, 0, 210, 30, 250, 0, 0, 90, 90, 150, 0]);
departure = array2d(1..5, 1..5, [0, 8, 16, 24, 29, 10, 18, 26, 49, 54, 20, 28, 44, 51, 56, 30, 42, 47, 58, 63, 40, 48, 56, 65, 70]);
dwell = array2d(1..5, 1..5, [0, 3, 4, 2, 0, 10, 3, 4, 0, 0, 20, 3, 12, 0, 0, 30, 7, 1, 5, 0, 40, 3, 4, 3, 0]);
load = array2d(1..5, 1..5, [0, 75, 175, 275, 275, 0, 150, 250, 250, 250, 0, 150, 330, 330, 330, 0, 210, 240, 490, 490, 0, 90, 180, 330, 330]);
objective = 93925;
sigmaLower = array2d(1..5, 1..5, [0, 3, 6, 14, 0, 0, 8, 16, 24, 0, 0, 18, 26, 24, 0, 0, 28, 44, 24, 0, 0, 42, 47, 49, 0]);
sigmaUpper = array2d(1..5, 1..5, [0, 8, 16, 24, 0, 0, 18, 26, 24, 0, 0, 28, 44, 24, 0, 0, 42, 47, 49, 0, 0, 48, 56, 64, 0]);
----------
