mznc2018_probs/neighbours/neighbours7.dzn
objective = 89;
x = array2d(1..6, 1..6, [1, 1, 2, 1, 3, 2, 2, 5, 3, 5, 4, 1, 3, 4, 1, 2, 2, 1, 1, 2, 5, 3, 5, 1, 4, 3, 4, 1, 4, 2, 2, 1, 2, 2, 3, 1]);
----------
objective = 90;
x = array2d(1..6, 1..6, [1, 1, 2, 3, 1, 3, 3, 5, 2, 5, 1, 2, 2, 4, 1, 4, 3, 2, 1, 3, 5, 2, 5, 1, 3, 2, 4, 1, 4, 2, 2, 1, 3, 2, 3, 1]);
----------
objective = 91;
x = array2d(1..6, 1..6, [1, 1, 2, 1, 2, 3, 2, 5, 3, 5, 4, 1, 3, 4, 1, 2, 3, 4, 1, 2, 5, 3, 1, 2, 4, 3, 4, 1, 4, 3, 2, 1, 2, 3, 2, 1]);
----------
objective = 92;
x = array2d(1..6, 1..6, [1, 1, 2, 3, 1, 2, 3, 5, 2, 5, 1, 4, 2, 4, 1, 4, 2, 3, 1, 3, 2, 3, 5, 1, 2, 5, 4, 1, 4, 2, 3, 1, 3, 2, 3, 1]);
----------
objective = 93;
x = array2d(1..6, 1..6, [1, 2, 3, 1, 3, 2, 3, 5, 4, 2, 5, 1, 2, 1, 1, 3, 4, 2, 3, 5, 2, 5, 1, 4, 1, 4, 3, 4, 2, 3, 3, 2, 1, 1, 3, 1]);
----------
