mznc2017_probs/gbac/UD2-gbac.dzn
objective = 13079;
period_of = array1d(1..268, [2, 3, 4, 5, 4, 5, 1, 3, 3, 2, 3, 5, 3, 1, 3, 2, 4, 5, 4, 1, 4, 6, 4, 2, 1, 2, 4, 2, 4, 5, 1, 5, 3, 5, 1, 1, 2, 2, 2, 2, 2, 1, 1, 2, 3, 3, 3, 3, 1, 1, 1, 1, 1, 2, 2, 2, 3, 5, 2, 3, 1, 5, 2, 3, 2, 1, 6, 5, 4, 2, 1, 1, 1, 1, 1, 2, 2, 2, 5, 2, 2, 5, 3, 3, 3, 1, 2, 4, 2, 1, 2, 2, 3, 3, 5, 3, 1, 5, 6, 5, 5, 6, 4, 2, 3, 6, 1, 2, 1, 2, 5, 6, 3, 3, 4, 5, 1, 3, 3, 3, 1, 4, 4, 5, 3, 3, 2, 2, 1, 2, 2, 3, 3, 2, 1, 6, 3, 3, 4, 5, 4, 3, 2, 4, 3, 4, 2, 1, 2, 3, 2, 4, 4, 3, 1, 4, 5, 4, 5, 1, 1, 1, 1, 1, 1, 1, 2, 2, 2, 2, 2, 3, 3, 3, 3, 3, 3, 3, 3, 3, 3, 3, 3, 2, 3, 5, 6, 4, 5, 1, 3, 4, 4, 4, 6, 6, 1, 4, 1, 4, 6, 3, 5, 3, 4, 3, 4, 4, 4, 6, 5, 2, 2, 6, 4, 6, 1, 1, 1, 2, 2, 1, 1, 2, 1, 3, 2, 3, 2, 3, 3, 3, 4, 4, 5, 2, 5, 6, 1, 6, 6, 1, 5, 5, 5, 1, 6, 6, 1, 5, 5, 2, 4, 4, 4, 6, 6, 4, 4, 5, 5, 5, 5, 5, 6, 6, 6, 1]);
----------
objective = 13076;
period_of = array1d(1..268, [2, 3, 4, 5, 4, 5, 1, 3, 3, 2, 3, 5, 3, 1, 3, 2, 4, 5, 4, 1, 4, 6, 4, 2, 1, 2, 4, 2, 4, 5, 1, 5, 3, 5, 1, 1, 2, 2, 2, 2, 2, 1, 1, 2, 3, 3, 3, 3, 1, 1, 1, 1, 1, 2, 2, 2, 3, 5, 2, 3, 1, 5, 2, 3, 2, 1, 6, 5, 4, 2, 1, 1, 1, 1, 1, 2, 2, 2, 5, 2, 2, 5, 3, 3, 3, 1, 2, 4, 2, 1, 2, 2, 3, 3, 5, 3, 1, 5, 6, 5, 5, 6, 4, 2, 3, 6, 1, 2, 1, 2, 5, 6, 3, 3, 4, 5, 1, 3, 3, 3, 1, 4, 4, 5, 3, 3, 2, 2, 1, 2, 2, 3, 3, 2, 1, 6, 3, 3, 4, 5, 4, 3, 2, 4, 3, 4, 2, 1, 2, 3, 2, 4, 4, 3, 1, 4, 5, 4, 5, 1, 1, 1, 1, 1, 1, 1, 2, 2, 2, 2, 2, 3, 3, 3, 3, 3, 3, 3, 3, 3, 3, 3, 3, 2, 3, 5, 6, 4, 5, 1, 3, 4, 4, 4, 6, 6, 1, 4, 1, 4, 6, 3, 5, 3, 4, 3, 4, 4, 4, 6, 5, 2, 2, 6, 4, 6, 1, 1, 1, 2, 2, 1, 1, 2, 1, 3, 2, 3, 2, 3, 3, 3, 4, 4, 5, 2, 6, 6, 1, 6, 6, 1, 5, 5, 5, 1, 6, 6, 1, 5, 5, 2, 4, 4, 4, 5, 6, 4, 4, 5, 5, 5, 5, 5, 6, 6, 6, 1]);
----------
objective = 13075;
period_of = array1d(1..268, [2, 3, 4, 5, 4, 5, 1, 3, 3, 2, 3, 5, 3, 1, 3, 2, 4, 5, 4, 1, 4, 6, 4, 2, 1, 2, 4, 2, 4, 5, 1, 5, 3, 5, 1, 1, 2, 2, 2, 2, 2, 1, 1, 2, 3, 3, 3, 3, 1, 1, 1, 1, 1, 2, 2, 2, 3, 5, 2, 3, 1, 5, 2, 3, 2, 1, 6, 5, 4, 2, 1, 1, 1, 1, 1, 2, 2, 2, 5, 2, 2, 5, 3, 3, 3, 1, 2, 4, 2, 1, 2, 2, 3, 3, 5, 3, 1, 5, 6, 5, 5, 6, 4, 2, 3, 6, 1, 2, 1, 2, 5, 6, 3, 3, 4, 5, 1, 3, 3, 3, 1, 4, 4, 5, 3, 3, 2, 2, 1, 2, 2, 3, 3, 2, 1, 6, 3, 3, 4, 5, 4, 3, 2, 4, 3, 4, 2, 1, 2, 3, 2, 4, 4, 3, 1, 4, 5, 4, 5, 1, 1, 1, 1, 1, 1, 1, 2, 2, 2, 2, 2, 3, 3, 3, 3, 3, 3, 3, 3, 3, 3, 3, 3, 2, 3, 5, 6, 4, 5, 1, 3, 4, 4, 4, 6, 6, 1, 4, 1, 4, 6, 3, 5, 3, 4, 3, 4, 4, 4, 6, 5, 2, 2, 6, 4, 6, 1, 1, 1, 2, 2, 1, 1, 2, 1, 3, 2, 3, 2, 3, 3, 3, 4, 5, 4, 2, 6, 6, 1, 6, 6, 1, 5, 5, 5, 1, 6, 6, 1, 5, 5, 2, 4, 4, 4, 5, 6, 4, 4, 5, 5, 5, 5, 5, 6, 6, 6, 1]);
----------
objective = 12875;
period_of = array1d(1..268, [2, 3, 4, 5, 4, 5, 1, 3, 3, 2, 3, 5, 3, 1, 3, 2, 4, 5, 4, 1, 4, 6, 4, 2, 1, 2, 4, 2, 4, 5, 1, 5, 3, 5, 1, 1, 2, 2, 2, 2, 2, 1, 1, 2, 3, 3, 3, 3, 1, 1, 1, 1, 1, 2, 2, 2, 3, 5, 2, 3, 1, 5, 2, 3, 2, 1, 6, 5, 4, 2, 1, 1, 1, 1, 1, 2, 2, 2, 5, 2, 2, 5, 3, 3, 3, 1, 2, 4, 2, 1, 2, 2, 3, 3, 5, 3, 1, 5, 6, 5, 5, 6, 4, 2, 3, 6, 1, 2, 1, 2, 5, 6, 3, 3, 4, 5, 1, 3, 3, 3, 1, 4, 4, 5, 3, 3, 2, 2, 1, 2, 2, 3, 3, 2, 1, 6, 3, 3, 4, 5, 4, 3, 2, 4, 3, 4, 2, 1, 2, 3, 2, 4, 4, 3, 1, 4, 5, 4, 5, 1, 1, 1, 1, 1, 1, 1, 2, 2, 2, 2, 2, 3, 3, 3, 3, 3, 3, 3, 3, 3, 3, 3, 3, 2, 3, 5, 6, 4, 5, 1, 3, 4, 4, 4, 6, 6, 1, 4, 1, 4, 6, 3, 5, 3, 4, 3, 4, 4, 4, 6, 5, 2, 2, 6, 4, 6, 1, 1, 1, 2, 2, 1, 1, 2, 1, 3, 2, 3, 2, 3, 3, 4, 4, 4, 5, 2, 5, 6, 1, 6, 6, 1, 5, 5, 5, 1, 6, 6, 1, 5, 5, 2, 4, 4, 4, 6, 6, 4, 4, 5, 5, 5, 5, 5, 6, 6, 6, 1]);
----------
objective = 12872;
period_of = array1d(1..268, [2, 3, 4, 5, 4, 5, 1, 3, 3, 2, 3, 5, 3, 1, 3, 2, 4, 5, 4, 1, 4, 6, 4, 2, 1, 2, 4, 2, 4, 5, 1, 5, 3, 5, 1, 1, 2, 2, 2, 2, 2, 1, 1, 2, 3, 3, 3, 3, 1, 1, 1, 1, 1, 2, 2, 2, 3, 5, 2, 3, 1, 5, 2, 3, 2, 1, 6, 5, 4, 2, 1, 1, 1, 1, 1, 2, 2, 2, 5, 2, 2, 5, 3, 3, 3, 1, 2, 4, 2, 1, 2, 2, 3, 3, 5, 3, 1, 5, 6, 5, 5, 6, 4, 2, 3, 6, 1, 2, 1, 2, 5, 6, 3, 3, 4, 5, 1, 3, 3, 3, 1, 4, 4, 5, 3, 3, 2, 2, 1, 2, 2, 3, 3, 2, 1, 6, 3, 3, 4, 5, 4, 3, 2, 4, 3, 4, 2, 1, 2, 3, 2, 4, 4, 3, 1, 4, 5, 4, 5, 1, 1, 1, 1, 1, 1, 1, 2, 2, 2, 2, 2, 3, 3, 3, 3, 3, 3, 3, 3, 3, 3, 3, 3, 2, 3, 5, 6, 4, 5, 1, 3, 4, 4, 4, 6, 6, 1, 4, 1, 4, 6, 3, 5, 3, 4, 3, 4, 4, 4, 6, 5, 2, 2, 6, 4, 6, 1, 1, 1, 2, 2, 1, 1, 2, 1, 3, 2, 3, 2, 3, 3, 4, 4, 4, 5, 2, 6, 6, 1, 6, 6, 1, 5, 5, 5, 1, 6, 6, 1, 5, 5, 2, 4, 4, 4, 5, 6, 4, 4, 5, 5, 5, 5, 5, 6, 6, 6, 1]);
----------
objective = 12871;
period_of = array1d(1..268, [2, 3, 4, 5, 4, 5, 1, 3, 3, 2, 3, 5, 3, 1, 3, 2, 4, 5, 4, 1, 4, 6, 4, 2, 1, 2, 4, 2, 4, 5, 1, 5, 3, 5, 1, 1, 2, 2, 2, 2, 2, 1, 1, 2, 3, 3, 3, 3, 1, 1, 1, 1, 1, 2, 2, 2, 3, 5, 2, 3, 1, 5, 2, 3, 2, 1, 6, 5, 4, 2, 1, 1, 1, 1, 1, 2, 2, 2, 5, 2, 2, 5, 3, 3, 3, 1, 2, 4, 2, 1, 2, 2, 3, 3, 5, 3, 1, 5, 6, 5, 5, 6, 4, 2, 3, 6, 1, 2, 1, 2, 5, 6, 3, 3, 4, 5, 1, 3, 3, 3, 1, 4, 4, 5, 3, 3, 2, 2, 1, 2, 2, 3, 3, 2, 1, 6, 3, 3, 4, 5, 4, 3, 2, 4, 3, 4, 2, 1, 2, 3, 2, 4, 4, 3, 1, 4, 5, 4, 5, 1, 1, 1, 1, 1, 1, 1, 2, 2, 2, 2, 2, 3, 3, 3, 3, 3, 3, 3, 3, 3, 3, 3, 3, 2, 3, 5, 6, 4, 5, 1, 3, 4, 4, 4, 6, 6, 1, 4, 1, 4, 6, 3, 5, 3, 4, 3, 4, 4, 4, 6, 5, 2, 2, 6, 4, 6, 1, 1, 1, 2, 2, 1, 1, 2, 1, 3, 2, 3, 2, 3, 3, 4, 4, 5, 4, 2, 6, 6, 1, 6, 6, 1, 5, 5, 5, 1, 6, 6, 1, 5, 5, 2, 4, 4, 4, 5, 6, 4, 4, 5, 5, 5, 5, 5, 6, 6, 6, 1]);
----------
objective = 12859;
period_of = array1d(1..268, [2, 3, 4, 5, 4, 5, 1, 3, 3, 2, 3, 5, 3, 1, 3, 2, 4, 5, 4, 1, 4, 6, 4, 2, 1, 2, 4, 2, 4, 5, 1, 5, 3, 5, 1, 1, 2, 2, 2, 2, 2, 1, 1, 2, 3, 3, 3, 3, 1, 1, 1, 1, 1, 2, 2, 2, 3, 5, 2, 3, 1, 5, 2, 3, 2, 1, 6, 5, 4, 2, 1, 1, 1, 1, 1, 2, 2, 2, 5, 2, 2, 5, 3, 3, 3, 1, 2, 4, 2, 1, 2, 2, 3, 3, 5, 3, 1, 5, 6, 5, 5, 6, 4, 2, 3, 6, 1, 2, 1, 2, 5, 6, 3, 3, 4, 5, 1, 3, 3, 3, 1, 4, 4, 5, 3, 3, 2, 2, 1, 2, 2, 3, 3, 2, 1, 6, 3, 3, 4, 5, 4, 3, 2, 4, 3, 4, 2, 1, 2, 3, 2, 4, 4, 3, 1, 4, 5, 4, 5, 1, 1, 1, 1, 1, 1, 1, 2, 2, 2, 2, 2, 3, 3, 3, 3, 3, 3, 3, 3, 3, 3, 3, 3, 2, 3, 5, 6, 4, 5, 1, 3, 4, 4, 4, 6, 6, 1, 4, 1, 4, 6, 3, 5, 3, 4, 3, 4, 4, 4, 6, 5, 2, 2, 6, 4, 6, 1, 1, 1, 2, 2, 1, 1, 2, 1, 3, 2, 3, 2, 3, 3, 4, 4, 5, 5, 2, 6, 6, 1, 6, 6, 1, 5, 5, 5, 1, 6, 6, 1, 5, 5, 2, 4, 4, 4, 4, 6, 4, 4, 5, 5, 5, 5, 5, 6, 6, 6, 1]);
----------
objective = 12850;
period_of = array1d(1..268, [2, 3, 4, 5, 4, 5, 1, 3, 3, 2, 3, 5, 3, 1, 3, 2, 4, 5, 4, 1, 4, 6, 4, 2, 1, 2, 4, 2, 4, 5, 1, 5, 3, 5, 1, 1, 2, 2, 2, 2, 2, 1, 1, 2, 3, 3, 3, 3, 1, 1, 1, 1, 1, 2, 2, 2, 3, 5, 2, 3, 1, 5, 2, 3, 2, 1, 6, 5, 4, 2, 1, 1, 1, 1, 1, 2, 2, 2, 5, 2, 2, 5, 3, 3, 3, 1, 2, 4, 2, 1, 2, 2, 3, 3, 5, 3, 1, 5, 6, 5, 5, 6, 4, 2, 3, 6, 1, 2, 1, 2, 5, 6, 3, 3, 4, 5, 1, 3, 3, 3, 1, 4, 4, 5, 3, 3, 2, 2, 1, 2, 2, 3, 3, 2, 1, 6, 3, 3, 4, 5, 4, 3, 2, 4, 3, 4, 2, 1, 2, 3, 2, 4, 4, 3, 1, 4, 5, 4, 5, 1, 1, 1, 1, 1, 1, 1, 2, 2, 2, 2, 2, 3, 3, 3, 3, 3, 3, 3, 3, 3, 3, 3, 3, 2, 3, 5, 6, 4, 5, 1, 3, 4, 4, 4, 6, 6, 1, 4, 1, 4, 6, 3, 5, 3, 4, 3, 4, 4, 4, 6, 5, 2, 2, 6, 4, 6, 1, 1, 1, 2, 2, 1, 1, 2, 1, 3, 2, 3, 2, 3, 3, 4, 4, 5, 5, 2, 6, 6, 1, 6, 6, 1, 5, 5, 5, 1, 6, 6, 1, 5, 5, 2, 4, 4, 4, 6, 6, 4, 4, 5, 5, 5, 5, 5, 6, 6, 6, 1]);
----------
objective = 12849;
period_of = array1d(1..268, [2, 3, 4, 5, 4, 5, 1, 3, 3, 2, 3, 5, 3, 1, 3, 2, 4, 5, 4, 1, 4, 6, 4, 2, 1, 2, 4, 2, 4, 5, 1, 5, 3, 5, 1, 1, 2, 2, 2, 2, 2, 1, 1, 2, 3, 3, 3, 3, 1, 1, 1, 1, 1, 2, 2, 2, 3, 5, 2, 3, 1, 5, 2, 3, 2, 1, 6, 5, 4, 2, 1, 1, 1, 1, 1, 2, 2, 2, 5, 2, 2, 5, 3, 3, 3, 1, 2, 4, 2, 1, 2, 2, 3, 3, 5, 3, 1, 5, 6, 5, 5, 6, 4, 2, 3, 6, 1, 2, 1, 2, 5, 6, 3, 3, 4, 5, 1, 3, 3, 3, 1, 4, 4, 5, 3, 3, 2, 2, 1, 2, 2, 3, 3, 2, 1, 6, 3, 3, 4, 5, 4, 3, 2, 4, 3, 4, 2, 1, 2, 3, 2, 4, 4, 3, 1, 4, 5, 4, 5, 1, 1, 1, 1, 1, 1, 1, 2, 2, 2, 2, 2, 3, 3, 3, 3, 3, 3, 3, 3, 3, 3, 3, 3, 2, 3, 5, 6, 4, 5, 1, 3, 4, 4, 4, 6, 6, 1, 4, 1, 4, 6, 3, 5, 3, 4, 3, 4, 4, 4, 6, 5, 2, 2, 6, 4, 6, 1, 1, 1, 2, 2, 1, 1, 2, 1, 3, 2, 3, 2, 3, 3, 4, 5, 5, 6, 2, 6, 6, 1, 6, 6, 1, 5, 5, 5, 1, 6, 6, 1, 5, 5, 2, 4, 4, 4, 4, 4, 4, 4, 5, 5, 5, 5, 5, 6, 6, 6, 1]);
----------
objective = 12827;
period_of = array1d(1..268, [2, 3, 4, 5, 4, 5, 1, 3, 3, 2, 3, 5, 3, 1, 3, 2, 4, 5, 4, 1, 4, 6, 4, 2, 1, 2, 4, 2, 4, 5, 1, 5, 3, 5, 1, 1, 2, 2, 2, 2, 2, 1, 1, 2, 3, 3, 3, 3, 1, 1, 1, 1, 1, 2, 2, 2, 3, 5, 2, 3, 1, 5, 2, 3, 2, 1, 6, 5, 4, 2, 1, 1, 1, 1, 1, 2, 2, 2, 5, 2, 2, 5, 3, 3, 3, 1, 2, 4, 2, 1, 2, 2, 3, 3, 5, 3, 1, 5, 6, 5, 5, 6, 4, 2, 3, 6, 1, 2, 1, 2, 5, 6, 3, 3, 4, 5, 1, 3, 3, 3, 1, 4, 4, 5, 3, 3, 2, 2, 1, 2, 2, 3, 3, 2, 1, 6, 3, 3, 4, 5, 4, 3, 2, 4, 3, 4, 2, 1, 2, 3, 2, 4, 4, 3, 1, 4, 5, 4, 5, 1, 1, 1, 1, 1, 1, 1, 2, 2, 2, 2, 2, 3, 3, 3, 3, 3, 3, 3, 3, 3, 3, 3, 3, 2, 3, 5, 6, 4, 5, 1, 3, 4, 4, 4, 6, 6, 1, 4, 1, 4, 6, 3, 5, 3, 4, 3, 4, 4, 4, 6, 5, 2, 2, 6, 4, 6, 1, 1, 1, 2, 2, 1, 1, 2, 1, 3, 2, 3, 2, 3, 4, 3, 3, 4, 5, 2, 5, 6, 1, 6, 6, 1, 5, 5, 5, 1, 6, 6, 1, 5, 5, 2, 4, 4, 4, 6, 6, 4, 4, 5, 5, 5, 5, 5, 6, 6, 6, 1]);
----------
objective = 12824;
period_of = array1d(1..268, [2, 3, 4, 5, 4, 5, 1, 3, 3, 2, 3, 5, 3, 1, 3, 2, 4, 5, 4, 1, 4, 6, 4, 2, 1, 2, 4, 2, 4, 5, 1, 5, 3, 5, 1, 1, 2, 2, 2, 2, 2, 1, 1, 2, 3, 3, 3, 3, 1, 1, 1, 1, 1, 2, 2, 2, 3, 5, 2, 3, 1, 5, 2, 3, 2, 1, 6, 5, 4, 2, 1, 1, 1, 1, 1, 2, 2, 2, 5, 2, 2, 5, 3, 3, 3, 1, 2, 4, 2, 1, 2, 2, 3, 3, 5, 3, 1, 5, 6, 5, 5, 6, 4, 2, 3, 6, 1, 2, 1, 2, 5, 6, 3, 3, 4, 5, 1, 3, 3, 3, 1, 4, 4, 5, 3, 3, 2, 2, 1, 2, 2, 3, 3, 2, 1, 6, 3, 3, 4, 5, 4, 3, 2, 4, 3, 4, 2, 1, 2, 3, 2, 4, 4, 3, 1, 4, 5, 4, 5, 1, 1, 1, 1, 1, 1, 1, 2, 2, 2, 2, 2, 3, 3, 3, 3, 3, 3, 3, 3, 3, 3, 3, 3, 2, 3, 5, 6, 4, 5, 1, 3, 4, 4, 4, 6, 6, 1, 4, 1, 4, 6, 3, 5, 3, 4, 3, 4, 4, 4, 6, 5, 2, 2, 6, 4, 6, 1, 1, 1, 2, 2, 1, 1, 2, 1, 3, 2, 3, 2, 3, 4, 3, 3, 4, 5, 2, 6, 6, 1, 6, 6, 1, 5, 5, 5, 1, 6, 6, 1, 5, 5, 2, 4, 4, 4, 5, 6, 4, 4, 5, 5, 5, 5, 5, 6, 6, 6, 1]);
----------
objective = 12823;
period_of = array1d(1..268, [2, 3, 4, 5, 4, 5, 1, 3, 3, 2, 3, 5, 3, 1, 3, 2, 4, 5, 4, 1, 4, 6, 4, 2, 1, 2, 4, 2, 4, 5, 1, 5, 3, 5, 1, 1, 2, 2, 2, 2, 2, 1, 1, 2, 3, 3, 3, 3, 1, 1, 1, 1, 1, 2, 2, 2, 3, 5, 2, 3, 1, 5, 2, 3, 2, 1, 6, 5, 4, 2, 1, 1, 1, 1, 1, 2, 2, 2, 5, 2, 2, 5, 3, 3, 3, 1, 2, 4, 2, 1, 2, 2, 3, 3, 5, 3, 1, 5, 6, 5, 5, 6, 4, 2, 3, 6, 1, 2, 1, 2, 5, 6, 3, 3, 4, 5, 1, 3, 3, 3, 1, 4, 4, 5, 3, 3, 2, 2, 1, 2, 2, 3, 3, 2, 1, 6, 3, 3, 4, 5, 4, 3, 2, 4, 3, 4, 2, 1, 2, 3, 2, 4, 4, 3, 1, 4, 5, 4, 5, 1, 1, 1, 1, 1, 1, 1, 2, 2, 2, 2, 2, 3, 3, 3, 3, 3, 3, 3, 3, 3, 3, 3, 3, 2, 3, 5, 6, 4, 5, 1, 3, 4, 4, 4, 6, 6, 1, 4, 1, 4, 6, 3, 5, 3, 4, 3, 4, 4, 4, 6, 5, 2, 2, 6, 4, 6, 1, 1, 1, 2, 2, 1, 1, 2, 1, 3, 2, 3, 2, 3, 4, 3, 3, 5, 4, 2, 6, 6, 1, 6, 6, 1, 5, 5, 5, 1, 6, 6, 1, 5, 5, 2, 4, 4, 4, 5, 6, 4, 4, 5, 5, 5, 5, 5, 6, 6, 6, 1]);
----------
objective = 12805;
period_of = array1d(1..268, [2, 3, 4, 5, 4, 5, 1, 3, 3, 2, 3, 5, 3, 1, 3, 2, 4, 5, 4, 1, 4, 6, 4, 2, 1, 2, 4, 2, 4, 5, 1, 5, 3, 5, 1, 1, 2, 2, 2, 2, 2, 1, 1, 2, 3, 3, 3, 3, 1, 1, 1, 1, 1, 2, 2, 2, 3, 5, 2, 3, 1, 5, 2, 3, 2, 1, 6, 5, 4, 2, 1, 1, 1, 1, 1, 2, 2, 2, 5, 2, 2, 5, 3, 3, 3, 1, 2, 4, 2, 1, 2, 2, 3, 3, 5, 3, 1, 5, 6, 5, 5, 6, 4, 2, 3, 6, 1, 2, 1, 2, 5, 6, 3, 3, 4, 5, 1, 3, 3, 3, 1, 4, 4, 5, 3, 3, 2, 2, 1, 2, 2, 3, 3, 2, 1, 6, 3, 3, 4, 5, 4, 3, 2, 4, 3, 4, 2, 1, 2, 3, 2, 4, 4, 3, 1, 4, 5, 4, 5, 1, 1, 1, 1, 1, 1, 1, 2, 2, 2, 2, 2, 3, 3, 3, 3, 3, 3, 3, 3, 3, 3, 3, 3, 2, 3, 5, 6, 4, 5, 1, 3, 4, 4, 4, 6, 6, 1, 4, 1, 4, 6, 3, 5, 3, 4, 3, 4, 4, 4, 6, 5, 2, 2, 6, 4, 6, 1, 1, 1, 2, 2, 1, 1, 2, 1, 3, 2, 3, 2, 3, 4, 3, 3, 5, 5, 2, 6, 6, 1, 6, 6, 1, 5, 5, 5, 1, 6, 6, 1, 5, 5, 2, 4, 4, 4, 4, 6, 4, 4, 5, 5, 5, 5, 5, 6, 6, 6, 1]);
----------
objective = 12725;
period_of = array1d(1..268, [2, 3, 4, 5, 4, 5, 1, 3, 3, 2, 3, 5, 3, 1, 3, 2, 4, 5, 4, 1, 4, 6, 4, 2, 1, 2, 4, 2, 4, 5, 1, 5, 3, 5, 1, 1, 2, 2, 2, 2, 2, 1, 1, 2, 3, 3, 3, 3, 1, 1, 1, 1, 1, 2, 2, 2, 3, 5, 2, 3, 1, 5, 2, 3, 2, 1, 6, 5, 4, 2, 1, 1, 1, 1, 1, 2, 2, 2, 5, 2, 2, 5, 3, 3, 3, 1, 2, 4, 2, 1, 2, 2, 3, 3, 5, 3, 1, 5, 6, 5, 5, 6, 4, 2, 3, 6, 1, 2, 1, 2, 5, 6, 3, 3, 4, 5, 1, 3, 3, 3, 1, 4, 4, 5, 3, 3, 2, 2, 1, 2, 2, 3, 3, 2, 1, 6, 3, 3, 4, 5, 4, 3, 2, 4, 3, 4, 2, 1, 2, 3, 2, 4, 4, 3, 1, 4, 5, 4, 5, 1, 1, 1, 1, 1, 1, 1, 2, 2, 2, 2, 2, 3, 3, 3, 3, 3, 3, 3, 3, 3, 3, 3, 3, 2, 3, 5, 6, 4, 5, 1, 3, 4, 4, 4, 6, 6, 1, 4, 1, 4, 6, 3, 5, 3, 4, 3, 4, 4, 4, 6, 5, 2, 2, 6, 4, 6, 1, 1, 1, 2, 2, 1, 1, 2, 1, 3, 2, 3, 2, 3, 4, 3, 4, 5, 5, 2, 5, 6, 1, 6, 6, 1, 5, 5, 5, 1, 6, 6, 1, 5, 5, 2, 4, 4, 4, 6, 6, 4, 4, 5, 5, 5, 5, 5, 6, 6, 6, 1]);
----------
objective = 12710;
period_of = array1d(1..268, [2, 3, 4, 5, 4, 5, 1, 3, 3, 2, 3, 5, 3, 1, 3, 2, 4, 5, 4, 1, 4, 6, 4, 2, 1, 2, 4, 2, 4, 5, 1, 5, 3, 5, 1, 1, 2, 2, 2, 2, 2, 1, 1, 2, 3, 3, 3, 3, 1, 1, 1, 1, 1, 2, 2, 2, 3, 5, 2, 3, 1, 5, 2, 3, 2, 1, 6, 5, 4, 2, 1, 1, 1, 1, 1, 2, 2, 2, 5, 2, 2, 5, 3, 3, 3, 1, 2, 4, 2, 1, 2, 2, 3, 3, 5, 3, 1, 5, 6, 5, 5, 6, 4, 2, 3, 6, 1, 2, 1, 2, 5, 6, 3, 3, 4, 5, 1, 3, 3, 3, 1, 4, 4, 5, 3, 3, 2, 2, 1, 2, 2, 3, 3, 2, 1, 6, 3, 3, 4, 5, 4, 3, 2, 4, 3, 4, 2, 1, 2, 3, 2, 4, 4, 3, 1, 4, 5, 4, 5, 1, 1, 1, 1, 1, 1, 1, 2, 2, 2, 2, 2, 3, 3, 3, 3, 3, 3, 3, 3, 3, 3, 3, 3, 2, 3, 5, 6, 4, 5, 1, 3, 4, 4, 4, 6, 6, 1, 4, 1, 4, 6, 3, 5, 3, 4, 3, 4, 4, 4, 6, 5, 2, 2, 6, 4, 6, 1, 1, 1, 2, 2, 1, 1, 2, 1, 3, 2, 3, 2, 3, 4, 3, 4, 5, 5, 2, 6, 6, 1, 6, 6, 1, 5, 5, 5, 1, 6, 6, 1, 5, 5, 2, 4, 4, 4, 5, 6, 4, 4, 5, 5, 5, 5, 5, 6, 6, 6, 1]);
----------
objective = 12701;
period_of = array1d(1..268, [2, 3, 4, 5, 4, 5, 1, 3, 3, 2, 3, 5, 3, 1, 3, 2, 4, 5, 4, 1, 4, 6, 4, 2, 1, 2, 4, 2, 4, 5, 1, 5, 3, 5, 1, 1, 2, 2, 2, 2, 2, 1, 1, 2, 3, 3, 3, 3, 1, 1, 1, 1, 1, 2, 2, 2, 3, 5, 2, 3, 1, 5, 2, 3, 2, 1, 6, 5, 4, 2, 1, 1, 1, 1, 1, 2, 2, 2, 5, 2, 2, 5, 3, 3, 3, 1, 2, 4, 2, 1, 2, 2, 3, 3, 5, 3, 1, 5, 6, 5, 5, 6, 4, 2, 3, 6, 1, 2, 1, 2, 5, 6, 3, 3, 4, 5, 1, 3, 3, 3, 1, 4, 4, 5, 3, 3, 2, 2, 1, 2, 2, 3, 3, 2, 1, 6, 3, 3, 4, 5, 4, 3, 2, 4, 3, 4, 2, 1, 2, 3, 2, 4, 4, 3, 1, 4, 5, 4, 5, 1, 1, 1, 1, 1, 1, 1, 2, 2, 2, 2, 2, 3, 3, 3, 3, 3, 3, 3, 3, 3, 3, 3, 3, 2, 3, 5, 6, 4, 5, 1, 3, 4, 4, 4, 6, 6, 1, 4, 1, 4, 6, 3, 5, 3, 4, 3, 4, 4, 4, 6, 5, 2, 2, 6, 4, 6, 1, 1, 1, 2, 2, 1, 1, 2, 1, 3, 2, 3, 2, 3, 4, 3, 4, 5, 5, 2, 6, 6, 1, 6, 6, 1, 5, 5, 5, 1, 6, 6, 1, 5, 5, 2, 4, 4, 4, 6, 6, 4, 4, 5, 5, 5, 5, 5, 6, 6, 6, 1]);
----------
objective = 12693;
period_of = array1d(1..268, [2, 3, 4, 5, 4, 5, 1, 3, 3, 2, 3, 5, 3, 1, 3, 2, 4, 5, 4, 1, 4, 6, 4, 2, 1, 2, 4, 2, 4, 5, 1, 5, 3, 5, 1, 1, 2, 2, 2, 2, 2, 1, 1, 2, 3, 3, 3, 3, 1, 1, 1, 1, 1, 2, 2, 2, 3, 5, 2, 3, 1, 5, 2, 3, 2, 1, 6, 5, 4, 2, 1, 1, 1, 1, 1, 2, 2, 2, 5, 2, 2, 5, 3, 3, 3, 1, 2, 4, 2, 1, 2, 2, 3, 3, 5, 3, 1, 5, 6, 5, 5, 6, 4, 2, 3, 6, 1, 2, 1, 2, 5, 6, 3, 3, 4, 5, 1, 3, 3, 3, 1, 4, 4, 5, 3, 3, 2, 2, 1, 2, 2, 3, 3, 2, 1, 6, 3, 3, 4, 5, 4, 3, 2, 4, 3, 4, 2, 1, 2, 3, 2, 4, 4, 3, 1, 4, 5, 4, 5, 1, 1, 1, 1, 1, 1, 1, 2, 2, 2, 2, 2, 3, 3, 3, 3, 3, 3, 3, 3, 3, 3, 3, 3, 2, 3, 5, 6, 4, 5, 1, 3, 4, 4, 4, 6, 6, 1, 4, 1, 4, 6, 3, 5, 3, 4, 3, 4, 4, 4, 6, 5, 2, 2, 6, 4, 6, 1, 1, 1, 2, 2, 1, 1, 2, 1, 3, 2, 3, 2, 3, 4, 3, 5, 5, 6, 2, 6, 6, 1, 6, 6, 1, 5, 5, 5, 1, 6, 6, 1, 5, 5, 2, 4, 4, 4, 4, 5, 4, 4, 5, 5, 5, 5, 5, 6, 6, 6, 1]);
----------
objective = 12692;
period_of = array1d(1..268, [2, 3, 4, 5, 4, 5, 1, 3, 3, 2, 3, 5, 3, 1, 3, 2, 4, 5, 4, 1, 4, 6, 4, 2, 1, 2, 4, 2, 4, 5, 1, 5, 3, 5, 1, 1, 2, 2, 2, 2, 2, 1, 1, 2, 3, 3, 3, 3, 1, 1, 1, 1, 1, 2, 2, 2, 3, 5, 2, 3, 1, 5, 2, 3, 2, 1, 6, 5, 4, 2, 1, 1, 1, 1, 1, 2, 2, 2, 5, 2, 2, 5, 3, 3, 3, 1, 2, 4, 2, 1, 2, 2, 3, 3, 5, 3, 1, 5, 6, 5, 5, 6, 4, 2, 3, 6, 1, 2, 1, 2, 5, 6, 3, 3, 4, 5, 1, 3, 3, 3, 1, 4, 4, 5, 3, 3, 2, 2, 1, 2, 2, 3, 3, 2, 1, 6, 3, 3, 4, 5, 4, 3, 2, 4, 3, 4, 2, 1, 2, 3, 2, 4, 4, 3, 1, 4, 5, 4, 5, 1, 1, 1, 1, 1, 1, 1, 2, 2, 2, 2, 2, 3, 3, 3, 3, 3, 3, 3, 3, 3, 3, 3, 3, 2, 3, 5, 6, 4, 5, 1, 3, 4, 4, 4, 6, 6, 1, 4, 1, 4, 6, 3, 5, 3, 4, 3, 4, 4, 4, 6, 5, 2, 2, 6, 4, 6, 1, 1, 1, 2, 2, 1, 1, 2, 1, 3, 2, 3, 2, 3, 4, 3, 5, 5, 6, 2, 6, 6, 1, 6, 6, 1, 5, 5, 5, 1, 6, 6, 1, 5, 5, 2, 4, 4, 4, 4, 6, 4, 4, 5, 5, 5, 5, 5, 6, 6, 6, 1]);
----------
objective = 12665;
period_of = array1d(1..268, [2, 3, 4, 5, 4, 5, 1, 3, 3, 2, 3, 5, 3, 1, 3, 2, 4, 5, 4, 1, 4, 6, 4, 2, 1, 2, 4, 2, 4, 5, 1, 5, 3, 5, 1, 1, 2, 2, 2, 2, 2, 1, 1, 2, 3, 3, 3, 3, 1, 1, 1, 1, 1, 2, 2, 2, 3, 5, 2, 3, 1, 5, 2, 3, 2, 1, 6, 5, 4, 2, 1, 1, 1, 1, 1, 2, 2, 2, 5, 2, 2, 5, 3, 3, 3, 1, 2, 4, 2, 1, 2, 2, 3, 3, 5, 3, 1, 5, 6, 5, 5, 6, 4, 2, 3, 6, 1, 2, 1, 2, 5, 6, 3, 3, 4, 5, 1, 3, 3, 3, 1, 4, 4, 5, 3, 3, 2, 2, 1, 2, 2, 3, 3, 2, 1, 6, 3, 3, 4, 5, 4, 3, 2, 4, 3, 4, 2, 1, 2, 3, 2, 4, 4, 3, 1, 4, 5, 4, 5, 1, 1, 1, 1, 1, 1, 1, 2, 2, 2, 2, 2, 3, 3, 3, 3, 3, 3, 3, 3, 3, 3, 3, 3, 2, 3, 5, 6, 4, 5, 1, 3, 4, 4, 4, 6, 6, 1, 4, 1, 4, 6, 3, 5, 3, 4, 3, 4, 4, 4, 6, 5, 2, 2, 6, 4, 6, 1, 1, 1, 2, 2, 1, 1, 2, 1, 3, 2, 3, 2, 3, 4, 4, 5, 5, 5, 2, 6, 6, 1, 6, 6, 1, 5, 5, 5, 1, 6, 6, 1, 5, 5, 2, 4, 4, 4, 6, 6, 4, 4, 5, 5, 5, 5, 5, 6, 6, 6, 1]);
----------
objective = 12662;
period_of = array1d(1..268, [2, 3, 4, 5, 4, 5, 1, 3, 3, 2, 3, 5, 3, 1, 3, 2, 4, 5, 4, 1, 4, 6, 4, 2, 1, 2, 4, 2, 4, 5, 1, 5, 3, 5, 1, 1, 2, 2, 2, 2, 2, 1, 1, 2, 3, 3, 3, 3, 1, 1, 1, 1, 1, 2, 2, 2, 3, 5, 2, 3, 1, 5, 2, 3, 2, 1, 6, 5, 4, 2, 1, 1, 1, 1, 1, 2, 2, 2, 5, 2, 2, 5, 3, 3, 3, 1, 2, 4, 2, 1, 2, 2, 3, 3, 5, 3, 1, 5, 6, 5, 5, 6, 4, 2, 3, 6, 1, 2, 1, 2, 5, 6, 3, 3, 4, 5, 1, 3, 3, 3, 1, 4, 4, 5, 3, 3, 2, 2, 1, 2, 2, 3, 3, 2, 1, 6, 3, 3, 4, 5, 4, 3, 2, 4, 3, 4, 2, 1, 2, 3, 2, 4, 4, 3, 1, 4, 5, 4, 5, 1, 1, 1, 1, 1, 1, 1, 2, 2, 2, 2, 2, 3, 3, 3, 3, 3, 3, 3, 3, 3, 3, 3, 3, 2, 3, 5, 6, 4, 5, 1, 3, 4, 4, 4, 6, 6, 1, 4, 1, 4, 6, 3, 5, 3, 4, 3, 4, 4, 4, 6, 5, 2, 2, 6, 4, 6, 1, 1, 1, 2, 2, 1, 1, 2, 1, 3, 2, 3, 2, 3, 4, 4, 5, 5, 6, 2, 6, 6, 1, 6, 6, 1, 5, 5, 5, 1, 6, 6, 1, 5, 5, 2, 4, 4, 4, 5, 6, 4, 4, 5, 5, 5, 5, 5, 6, 6, 6, 1]);
----------
objective = 12656;
period_of = array1d(1..268, [2, 3, 4, 5, 4, 5, 1, 3, 3, 2, 3, 5, 3, 1, 3, 2, 4, 5, 4, 1, 4, 6, 4, 2, 1, 2, 4, 2, 4, 5, 1, 5, 3, 5, 1, 1, 2, 2, 2, 2, 2, 1, 1, 2, 3, 3, 3, 3, 1, 1, 1, 1, 1, 2, 2, 2, 3, 5, 2, 3, 1, 5, 2, 3, 2, 1, 6, 5, 4, 2, 1, 1, 1, 1, 1, 2, 2, 2, 5, 2, 2, 5, 3, 3, 3, 1, 2, 4, 2, 1, 2, 2, 3, 3, 5, 3, 1, 5, 6, 5, 5, 6, 4, 2, 3, 6, 1, 2, 1, 2, 5, 6, 3, 3, 4, 5, 1, 3, 3, 3, 1, 4, 4, 5, 3, 3, 2, 2, 1, 2, 2, 3, 3, 2, 1, 6, 3, 3, 4, 5, 4, 3, 2, 4, 3, 4, 2, 1, 2, 3, 2, 4, 4, 3, 1, 4, 5, 4, 5, 1, 1, 1, 1, 1, 1, 1, 2, 2, 2, 2, 2, 3, 3, 3, 3, 3, 3, 3, 3, 3, 3, 3, 3, 2, 3, 5, 6, 4, 5, 1, 3, 4, 4, 4, 6, 6, 1, 4, 1, 4, 6, 3, 5, 3, 4, 3, 4, 4, 4, 6, 5, 2, 2, 6, 4, 6, 1, 1, 1, 2, 2, 1, 1, 2, 1, 3, 2, 3, 2, 3, 4, 5, 5, 5, 6, 2, 6, 6, 1, 6, 6, 1, 5, 5, 5, 1, 6, 6, 1, 5, 5, 2, 4, 4, 4, 4, 6, 4, 4, 5, 5, 5, 5, 5, 6, 6, 6, 1]);
----------
objective = 12647;
period_of = array1d(1..268, [2, 3, 4, 5, 4, 5, 1, 3, 3, 2, 3, 5, 3, 1, 3, 2, 4, 5, 4, 1, 4, 6, 4, 2, 1, 2, 4, 2, 4, 5, 1, 5, 3, 5, 1, 1, 2, 2, 2, 2, 2, 1, 1, 2, 3, 3, 3, 3, 1, 1, 1, 1, 1, 2, 2, 2, 3, 5, 2, 3, 1, 5, 2, 3, 2, 1, 6, 5, 4, 2, 1, 1, 1, 1, 1, 2, 2, 2, 5, 2, 2, 5, 3, 3, 3, 1, 2, 4, 2, 1, 2, 2, 3, 3, 5, 3, 1, 5, 6, 5, 5, 6, 4, 2, 3, 6, 1, 2, 1, 2, 5, 6, 3, 3, 4, 5, 1, 3, 3, 3, 1, 4, 4, 5, 3, 3, 2, 2, 1, 2, 2, 3, 3, 2, 1, 6, 3, 3, 4, 5, 4, 3, 2, 4, 3, 4, 2, 1, 2, 3, 2, 4, 4, 3, 1, 4, 5, 4, 5, 1, 1, 1, 1, 1, 1, 1, 2, 2, 2, 2, 2, 3, 3, 3, 3, 3, 3, 3, 3, 3, 3, 3, 3, 2, 3, 5, 6, 4, 5, 1, 3, 4, 4, 4, 6, 6, 1, 4, 1, 4, 6, 3, 5, 3, 4, 3, 4, 4, 4, 6, 5, 2, 2, 6, 4, 6, 1, 1, 1, 2, 2, 1, 1, 2, 1, 3, 2, 3, 2, 4, 4, 3, 5, 5, 5, 2, 6, 6, 1, 6, 6, 1, 5, 5, 5, 1, 6, 6, 1, 5, 5, 2, 4, 4, 4, 6, 6, 4, 4, 5, 5, 5, 5, 5, 6, 6, 6, 1]);
----------
objective = 12644;
period_of = array1d(1..268, [2, 3, 4, 5, 4, 5, 1, 3, 3, 2, 3, 5, 3, 1, 3, 2, 4, 5, 4, 1, 4, 6, 4, 2, 1, 2, 4, 2, 4, 5, 1, 5, 3, 5, 1, 1, 2, 2, 2, 2, 2, 1, 1, 2, 3, 3, 3, 3, 1, 1, 1, 1, 1, 2, 2, 2, 3, 5, 2, 3, 1, 5, 2, 3, 2, 1, 6, 5, 4, 2, 1, 1, 1, 1, 1, 2, 2, 2, 5, 2, 2, 5, 3, 3, 3, 1, 2, 4, 2, 1, 2, 2, 3, 3, 5, 3, 1, 5, 6, 5, 5, 6, 4, 2, 3, 6, 1, 2, 1, 2, 5, 6, 3, 3, 4, 5, 1, 3, 3, 3, 1, 4, 4, 5, 3, 3, 2, 2, 1, 2, 2, 3, 3, 2, 1, 6, 3, 3, 4, 5, 4, 3, 2, 4, 3, 4, 2, 1, 2, 3, 2, 4, 4, 3, 1, 4, 5, 4, 5, 1, 1, 1, 1, 1, 1, 1, 2, 2, 2, 2, 2, 3, 3, 3, 3, 3, 3, 3, 3, 3, 3, 3, 3, 2, 3, 5, 6, 4, 5, 1, 3, 4, 4, 4, 6, 6, 1, 4, 1, 4, 6, 3, 5, 3, 4, 3, 4, 4, 4, 6, 5, 2, 2, 6, 4, 6, 1, 1, 1, 2, 2, 1, 1, 2, 1, 3, 2, 3, 2, 4, 4, 3, 5, 5, 6, 2, 6, 6, 1, 6, 6, 1, 5, 5, 5, 1, 6, 6, 1, 5, 5, 2, 4, 4, 4, 5, 6, 4, 4, 5, 5, 5, 5, 5, 6, 6, 6, 1]);
----------
objective = 12643;
period_of = array1d(1..268, [2, 3, 4, 5, 4, 5, 1, 3, 3, 2, 3, 5, 3, 1, 3, 2, 4, 5, 4, 1, 4, 6, 4, 2, 1, 2, 4, 2, 4, 5, 1, 5, 3, 5, 1, 1, 2, 2, 2, 2, 2, 1, 1, 2, 3, 3, 3, 3, 1, 1, 1, 1, 1, 2, 2, 2, 3, 5, 2, 3, 1, 5, 2, 3, 2, 1, 6, 5, 4, 2, 1, 1, 1, 1, 1, 2, 2, 2, 5, 2, 2, 5, 3, 3, 3, 1, 2, 4, 2, 1, 2, 2, 3, 3, 5, 3, 1, 5, 6, 5, 5, 6, 4, 2, 3, 6, 1, 2, 1, 2, 5, 6, 3, 3, 4, 5, 1, 3, 3, 3, 1, 4, 4, 5, 3, 3, 2, 2, 1, 2, 2, 3, 3, 2, 1, 6, 3, 3, 4, 5, 4, 3, 2, 4, 3, 4, 2, 1, 2, 3, 2, 4, 4, 3, 1, 4, 5, 4, 5, 1, 1, 1, 1, 1, 1, 1, 2, 2, 2, 2, 2, 3, 3, 3, 3, 3, 3, 3, 3, 3, 3, 3, 3, 2, 3, 5, 6, 4, 5, 1, 3, 4, 4, 4, 6, 6, 1, 4, 1, 4, 6, 3, 5, 3, 4, 3, 4, 4, 4, 6, 5, 2, 2, 6, 4, 6, 1, 1, 1, 2, 2, 1, 1, 3, 1, 3, 2, 3, 2, 2, 4, 3, 4, 5, 5, 2, 6, 6, 1, 6, 6, 1, 5, 5, 5, 1, 6, 6, 1, 5, 5, 2, 4, 4, 4, 5, 6, 4, 4, 5, 5, 5, 5, 5, 6, 6, 6, 1]);
----------
objective = 12634;
period_of = array1d(1..268, [2, 3, 4, 5, 4, 5, 1, 3, 3, 2, 3, 5, 3, 1, 3, 2, 4, 5, 4, 1, 4, 6, 4, 2, 1, 2, 4, 2, 4, 5, 1, 5, 3, 5, 1, 1, 2, 2, 2, 2, 2, 1, 1, 2, 3, 3, 3, 3, 1, 1, 1, 1, 1, 2, 2, 2, 3, 5, 2, 3, 1, 5, 2, 3, 2, 1, 6, 5, 4, 2, 1, 1, 1, 1, 1, 2, 2, 2, 5, 2, 2, 5, 3, 3, 3, 1, 2, 4, 2, 1, 2, 2, 3, 3, 5, 3, 1, 5, 6, 5, 5, 6, 4, 2, 3, 6, 1, 2, 1, 2, 5, 6, 3, 3, 4, 5, 1, 3, 3, 3, 1, 4, 4, 5, 3, 3, 2, 2, 1, 2, 2, 3, 3, 2, 1, 6, 3, 3, 4, 5, 4, 3, 2, 4, 3, 4, 2, 1, 2, 3, 2, 4, 4, 3, 1, 4, 5, 4, 5, 1, 1, 1, 1, 1, 1, 1, 2, 2, 2, 2, 2, 3, 3, 3, 3, 3, 3, 3, 3, 3, 3, 3, 3, 2, 3, 5, 6, 4, 5, 1, 3, 4, 4, 4, 6, 6, 1, 4, 1, 4, 6, 3, 5, 3, 4, 3, 4, 4, 4, 6, 5, 2, 2, 6, 4, 6, 1, 1, 1, 2, 2, 1, 1, 3, 1, 3, 2, 3, 2, 2, 4, 3, 4, 5, 5, 2, 6, 6, 1, 6, 6, 1, 5, 5, 5, 1, 6, 6, 1, 5, 5, 2, 4, 4, 4, 6, 6, 4, 4, 5, 5, 5, 5, 5, 6, 6, 6, 1]);
----------
objective = 12626;
period_of = array1d(1..268, [2, 3, 4, 5, 4, 5, 1, 3, 3, 2, 3, 5, 3, 1, 3, 2, 4, 5, 4, 1, 4, 6, 4, 2, 1, 2, 4, 2, 4, 5, 1, 5, 3, 5, 1, 1, 2, 2, 2, 2, 2, 1, 1, 2, 3, 3, 3, 3, 1, 1, 1, 1, 1, 2, 2, 2, 3, 5, 2, 3, 1, 5, 2, 3, 2, 1, 6, 5, 4, 2, 1, 1, 1, 1, 1, 2, 2, 2, 5, 2, 2, 5, 3, 3, 3, 1, 2, 4, 2, 1, 2, 2, 3, 3, 5, 3, 1, 5, 6, 5, 5, 6, 4, 2, 3, 6, 1, 2, 1, 2, 5, 6, 3, 3, 4, 5, 1, 3, 3, 3, 1, 4, 4, 5, 3, 3, 2, 2, 1, 2, 2, 3, 3, 2, 1, 6, 3, 3, 4, 5, 4, 3, 2, 4, 3, 4, 2, 1, 2, 3, 2, 4, 4, 3, 1, 4, 5, 4, 5, 1, 1, 1, 1, 1, 1, 1, 2, 2, 2, 2, 2, 3, 3, 3, 3, 3, 3, 3, 3, 3, 3, 3, 3, 2, 3, 5, 6, 4, 5, 1, 3, 4, 4, 4, 6, 6, 1, 4, 1, 4, 6, 3, 5, 3, 4, 3, 4, 4, 4, 6, 5, 2, 2, 6, 4, 6, 1, 1, 1, 2, 2, 1, 1, 3, 1, 3, 2, 3, 2, 2, 4, 3, 5, 5, 6, 2, 6, 6, 1, 6, 6, 1, 5, 5, 5, 1, 6, 6, 1, 5, 5, 2, 4, 4, 4, 4, 5, 4, 4, 5, 5, 5, 5, 5, 6, 6, 6, 1]);
----------
objective = 12625;
period_of = array1d(1..268, [2, 3, 4, 5, 4, 5, 1, 3, 3, 2, 3, 5, 3, 1, 3, 2, 4, 5, 4, 1, 4, 6, 4, 2, 1, 2, 4, 2, 4, 5, 1, 5, 3, 5, 1, 1, 2, 2, 2, 2, 2, 1, 1, 2, 3, 3, 3, 3, 1, 1, 1, 1, 1, 2, 2, 2, 3, 5, 2, 3, 1, 5, 2, 3, 2, 1, 6, 5, 4, 2, 1, 1, 1, 1, 1, 2, 2, 2, 5, 2, 2, 5, 3, 3, 3, 1, 2, 4, 2, 1, 2, 2, 3, 3, 5, 3, 1, 5, 6, 5, 5, 6, 4, 2, 3, 6, 1, 2, 1, 2, 5, 6, 3, 3, 4, 5, 1, 3, 3, 3, 1, 4, 4, 5, 3, 3, 2, 2, 1, 2, 2, 3, 3, 2, 1, 6, 3, 3, 4, 5, 4, 3, 2, 4, 3, 4, 2, 1, 2, 3, 2, 4, 4, 3, 1, 4, 5, 4, 5, 1, 1, 1, 1, 1, 1, 1, 2, 2, 2, 2, 2, 3, 3, 3, 3, 3, 3, 3, 3, 3, 3, 3, 3, 2, 3, 5, 6, 4, 5, 1, 3, 4, 4, 4, 6, 6, 1, 4, 1, 4, 6, 3, 5, 3, 4, 3, 4, 4, 4, 6, 5, 2, 2, 6, 4, 6, 1, 1, 1, 2, 2, 1, 1, 3, 1, 3, 2, 3, 2, 2, 4, 3, 5, 5, 6, 2, 6, 6, 1, 6, 6, 1, 5, 5, 5, 1, 6, 6, 1, 5, 5, 2, 4, 4, 4, 4, 6, 4, 4, 5, 5, 5, 5, 5, 6, 6, 6, 1]);
----------
objective = 12563;
period_of = array1d(1..268, [2, 3, 4, 5, 4, 5, 1, 3, 3, 2, 3, 5, 3, 1, 3, 2, 4, 5, 4, 1, 4, 6, 4, 2, 1, 2, 4, 2, 4, 5, 1, 5, 3, 5, 1, 1, 2, 2, 2, 2, 2, 1, 1, 2, 3, 3, 3, 3, 1, 1, 1, 1, 1, 2, 2, 2, 3, 5, 2, 3, 1, 5, 2, 3, 2, 1, 6, 5, 4, 2, 1, 1, 1, 1, 1, 2, 2, 2, 5, 2, 2, 5, 3, 3, 3, 1, 2, 4, 2, 1, 2, 2, 3, 3, 5, 3, 1, 5, 6, 5, 5, 6, 4, 2, 3, 6, 1, 2, 1, 2, 5, 6, 3, 3, 4, 5, 1, 3, 3, 3, 1, 4, 4, 5, 3, 3, 2, 2, 1, 2, 2, 3, 3, 2, 1, 6, 3, 3, 4, 5, 4, 3, 2, 4, 3, 4, 2, 1, 2, 3, 2, 4, 4, 3, 1, 4, 5, 4, 5, 1, 1, 1, 1, 1, 1, 1, 2, 2, 2, 2, 2, 3, 3, 3, 3, 3, 3, 3, 3, 3, 3, 3, 3, 2, 3, 5, 6, 4, 5, 1, 3, 4, 4, 4, 6, 6, 1, 4, 1, 4, 6, 3, 5, 3, 4, 3, 4, 4, 4, 6, 5, 2, 2, 6, 4, 6, 1, 1, 1, 2, 2, 1, 1, 3, 1, 3, 2, 3, 2, 2, 4, 4, 5, 5, 5, 2, 6, 6, 1, 6, 6, 1, 5, 5, 5, 1, 6, 6, 1, 5, 5, 2, 4, 4, 4, 6, 6, 4, 4, 5, 5, 5, 5, 5, 6, 6, 6, 1]);
----------
objective = 12560;
period_of = array1d(1..268, [2, 3, 4, 5, 4, 5, 1, 3, 3, 2, 3, 5, 3, 1, 3, 2, 4, 5, 4, 1, 4, 6, 4, 2, 1, 2, 4, 2, 4, 5, 1, 5, 3, 5, 1, 1, 2, 2, 2, 2, 2, 1, 1, 2, 3, 3, 3, 3, 1, 1, 1, 1, 1, 2, 2, 2, 3, 5, 2, 3, 1, 5, 2, 3, 2, 1, 6, 5, 4, 2, 1, 1, 1, 1, 1, 2, 2, 2, 5, 2, 2, 5, 3, 3, 3, 1, 2, 4, 2, 1, 2, 2, 3, 3, 5, 3, 1, 5, 6, 5, 5, 6, 4, 2, 3, 6, 1, 2, 1, 2, 5, 6, 3, 3, 4, 5, 1, 3, 3, 3, 1, 4, 4, 5, 3, 3, 2, 2, 1, 2, 2, 3, 3, 2, 1, 6, 3, 3, 4, 5, 4, 3, 2, 4, 3, 4, 2, 1, 2, 3, 2, 4, 4, 3, 1, 4, 5, 4, 5, 1, 1, 1, 1, 1, 1, 1, 2, 2, 2, 2, 2, 3, 3, 3, 3, 3, 3, 3, 3, 3, 3, 3, 3, 2, 3, 5, 6, 4, 5, 1, 3, 4, 4, 4, 6, 6, 1, 4, 1, 4, 6, 3, 5, 3, 4, 3, 4, 4, 4, 6, 5, 2, 2, 6, 4, 6, 1, 1, 1, 2, 2, 1, 1, 3, 1, 3, 2, 3, 2, 2, 4, 4, 5, 5, 6, 2, 6, 6, 1, 6, 6, 1, 5, 5, 5, 1, 6, 6, 1, 5, 5, 2, 4, 4, 4, 5, 6, 4, 4, 5, 5, 5, 5, 5, 6, 6, 6, 1]);
----------
objective = 12554;
period_of = array1d(1..268, [2, 3, 4, 5, 4, 5, 1, 3, 3, 2, 3, 5, 3, 1, 3, 2, 4, 5, 4, 1, 4, 6, 4, 2, 1, 2, 4, 2, 4, 5, 1, 5, 3, 5, 1, 1, 2, 2, 2, 2, 2, 1, 1, 2, 3, 3, 3, 3, 1, 1, 1, 1, 1, 2, 2, 2, 3, 5, 2, 3, 1, 5, 2, 3, 2, 1, 6, 5, 4, 2, 1, 1, 1, 1, 1, 2, 2, 2, 5, 2, 2, 5, 3, 3, 3, 1, 2, 4, 2, 1, 2, 2, 3, 3, 5, 3, 1, 5, 6, 5, 5, 6, 4, 2, 3, 6, 1, 2, 1, 2, 5, 6, 3, 3, 4, 5, 1, 3, 3, 3, 1, 4, 4, 5, 3, 3, 2, 2, 1, 2, 2, 3, 3, 2, 1, 6, 3, 3, 4, 5, 4, 3, 2, 4, 3, 4, 2, 1, 2, 3, 2, 4, 4, 3, 1, 4, 5, 4, 5, 1, 1, 1, 1, 1, 1, 1, 2, 2, 2, 2, 2, 3, 3, 3, 3, 3, 3, 3, 3, 3, 3, 3, 3, 2, 3, 5, 6, 4, 5, 1, 3, 4, 4, 4, 6, 6, 1, 4, 1, 4, 6, 3, 5, 3, 4, 3, 4, 4, 4, 6, 5, 2, 2, 6, 4, 6, 1, 1, 1, 2, 2, 1, 1, 3, 1, 3, 2, 3, 2, 2, 4, 5, 5, 5, 6, 2, 6, 6, 1, 6, 6, 1, 5, 5, 5, 1, 6, 6, 1, 5, 5, 2, 4, 4, 4, 4, 6, 4, 4, 5, 5, 5, 5, 5, 6, 6, 6, 1]);
----------
objective = 12497;
period_of = array1d(1..268, [2, 3, 4, 5, 4, 5, 1, 3, 3, 2, 3, 5, 3, 1, 3, 2, 4, 5, 4, 1, 4, 6, 4, 2, 1, 2, 4, 2, 4, 5, 1, 5, 3, 5, 1, 1, 2, 2, 2, 2, 2, 1, 1, 2, 3, 3, 3, 3, 1, 1, 1, 1, 1, 2, 2, 2, 3, 5, 2, 3, 1, 5, 2, 3, 2, 1, 6, 5, 4, 2, 1, 1, 1, 1, 1, 2, 2, 2, 5, 2, 2, 5, 3, 3, 3, 1, 2, 4, 2, 1, 2, 2, 3, 3, 5, 3, 1, 5, 6, 5, 5, 6, 4, 2, 3, 6, 1, 2, 1, 2, 5, 6, 3, 3, 4, 5, 1, 3, 3, 3, 1, 4, 4, 5, 3, 3, 2, 2, 1, 2, 2, 3, 3, 2, 1, 6, 3, 3, 4, 5, 4, 3, 2, 4, 3, 4, 2, 1, 2, 3, 2, 4, 4, 3, 1, 4, 5, 4, 5, 1, 1, 1, 1, 1, 1, 1, 2, 2, 2, 2, 2, 3, 3, 3, 3, 3, 3, 3, 3, 3, 3, 3, 3, 2, 3, 5, 6, 4, 5, 1, 3, 4, 4, 4, 6, 6, 1, 4, 1, 4, 6, 3, 5, 3, 4, 3, 4, 4, 4, 6, 5, 2, 2, 6, 4, 6, 1, 1, 1, 2, 2, 1, 1, 3, 1, 3, 2, 3, 2, 3, 4, 4, 5, 5, 5, 2, 6, 6, 1, 6, 6, 1, 5, 5, 5, 1, 6, 6, 1, 5, 5, 2, 4, 4, 4, 6, 6, 4, 4, 5, 5, 5, 5, 5, 6, 6, 6, 1]);
----------
objective = 12494;
period_of = array1d(1..268, [2, 3, 4, 5, 4, 5, 1, 3, 3, 2, 3, 5, 3, 1, 3, 2, 4, 5, 4, 1, 4, 6, 4, 2, 1, 2, 4, 2, 4, 5, 1, 5, 3, 5, 1, 1, 2, 2, 2, 2, 2, 1, 1, 2, 3, 3, 3, 3, 1, 1, 1, 1, 1, 2, 2, 2, 3, 5, 2, 3, 1, 5, 2, 3, 2, 1, 6, 5, 4, 2, 1, 1, 1, 1, 1, 2, 2, 2, 5, 2, 2, 5, 3, 3, 3, 1, 2, 4, 2, 1, 2, 2, 3, 3, 5, 3, 1, 5, 6, 5, 5, 6, 4, 2, 3, 6, 1, 2, 1, 2, 5, 6, 3, 3, 4, 5, 1, 3, 3, 3, 1, 4, 4, 5, 3, 3, 2, 2, 1, 2, 2, 3, 3, 2, 1, 6, 3, 3, 4, 5, 4, 3, 2, 4, 3, 4, 2, 1, 2, 3, 2, 4, 4, 3, 1, 4, 5, 4, 5, 1, 1, 1, 1, 1, 1, 1, 2, 2, 2, 2, 2, 3, 3, 3, 3, 3, 3, 3, 3, 3, 3, 3, 3, 2, 3, 5, 6, 4, 5, 1, 3, 4, 4, 4, 6, 6, 1, 4, 1, 4, 6, 3, 5, 3, 4, 3, 4, 4, 4, 6, 5, 2, 2, 6, 4, 6, 1, 1, 1, 2, 2, 1, 1, 3, 1, 3, 2, 3, 2, 3, 4, 4, 5, 5, 6, 2, 6, 6, 1, 6, 6, 1, 5, 5, 5, 1, 6, 6, 1, 5, 5, 2, 4, 4, 4, 5, 6, 4, 4, 5, 5, 5, 5, 5, 6, 6, 6, 1]);
----------
objective = 12485;
period_of = array1d(1..268, [2, 3, 4, 5, 4, 5, 1, 3, 3, 2, 3, 5, 3, 1, 3, 2, 4, 5, 4, 1, 4, 6, 4, 2, 1, 2, 4, 2, 4, 5, 1, 5, 3, 5, 1, 1, 2, 2, 2, 2, 2, 1, 1, 2, 3, 3, 3, 3, 1, 1, 1, 1, 1, 2, 2, 2, 3, 5, 2, 3, 1, 5, 2, 3, 2, 1, 6, 5, 4, 2, 1, 1, 1, 1, 1, 2, 2, 2, 5, 2, 2, 5, 3, 3, 3, 1, 2, 4, 2, 1, 2, 2, 3, 3, 5, 3, 1, 5, 6, 5, 5, 6, 4, 2, 3, 6, 1, 2, 1, 2, 5, 6, 3, 3, 4, 5, 1, 3, 3, 3, 1, 4, 4, 5, 3, 3, 2, 2, 1, 2, 2, 3, 3, 2, 1, 6, 3, 3, 4, 5, 4, 3, 2, 4, 3, 4, 2, 1, 2, 3, 2, 4, 4, 3, 1, 4, 5, 4, 5, 1, 1, 1, 1, 1, 1, 1, 2, 2, 2, 2, 2, 3, 3, 3, 3, 3, 3, 3, 3, 3, 3, 3, 3, 2, 3, 5, 6, 4, 5, 1, 3, 4, 4, 4, 6, 6, 1, 4, 1, 4, 6, 3, 5, 3, 4, 3, 4, 4, 4, 6, 5, 2, 2, 6, 4, 6, 1, 1, 1, 2, 2, 1, 1, 3, 1, 4, 2, 4, 2, 6, 3, 4, 5, 5, 5, 2, 6, 6, 1, 6, 6, 1, 5, 5, 5, 1, 6, 6, 1, 5, 5, 2, 4, 4, 4, 6, 6, 4, 4, 5, 5, 5, 5, 5, 6, 6, 6, 1]);
----------
objective = 12484;
period_of = array1d(1..268, [2, 3, 4, 5, 4, 5, 1, 3, 3, 2, 3, 5, 3, 1, 3, 2, 4, 5, 4, 1, 4, 6, 4, 2, 1, 2, 4, 2, 4, 5, 1, 5, 3, 5, 1, 1, 2, 2, 2, 2, 2, 1, 1, 2, 3, 3, 3, 3, 1, 1, 1, 1, 1, 2, 2, 2, 3, 5, 2, 3, 1, 5, 2, 3, 2, 1, 6, 5, 4, 2, 1, 1, 1, 1, 1, 2, 2, 2, 5, 2, 2, 5, 3, 3, 3, 1, 2, 4, 2, 1, 2, 2, 3, 3, 5, 3, 1, 5, 6, 5, 5, 6, 4, 2, 3, 6, 1, 2, 1, 2, 5, 6, 3, 3, 4, 5, 1, 3, 3, 3, 1, 4, 4, 5, 3, 3, 2, 2, 1, 2, 2, 3, 3, 2, 1, 6, 3, 3, 4, 5, 4, 3, 2, 4, 3, 4, 2, 1, 2, 3, 2, 4, 4, 3, 1, 4, 5, 4, 5, 1, 1, 1, 1, 1, 1, 1, 2, 2, 2, 2, 2, 3, 3, 3, 3, 3, 3, 3, 3, 3, 3, 3, 3, 2, 3, 5, 6, 4, 5, 1, 3, 4, 4, 4, 6, 6, 1, 4, 1, 4, 6, 3, 5, 3, 4, 3, 4, 4, 4, 6, 5, 2, 2, 6, 4, 6, 1, 1, 1, 2, 2, 1, 1, 3, 1, 4, 2, 5, 2, 4, 3, 5, 5, 6, 6, 2, 6, 6, 1, 6, 6, 1, 5, 5, 5, 1, 6, 6, 1, 5, 5, 2, 4, 4, 4, 4, 4, 4, 4, 5, 5, 5, 5, 5, 6, 6, 6, 1]);
----------
objective = 12483;
period_of = array1d(1..268, [2, 3, 4, 5, 4, 5, 1, 3, 3, 2, 3, 5, 3, 1, 3, 2, 4, 5, 4, 1, 4, 6, 4, 2, 1, 2, 4, 2, 4, 5, 1, 5, 3, 5, 1, 1, 2, 2, 2, 2, 2, 1, 1, 2, 3, 3, 3, 3, 1, 1, 1, 1, 1, 2, 2, 2, 3, 5, 2, 3, 1, 5, 2, 3, 2, 1, 6, 5, 4, 2, 1, 1, 1, 1, 1, 2, 2, 2, 5, 2, 2, 5, 3, 3, 3, 1, 2, 4, 2, 1, 2, 2, 3, 3, 5, 3, 1, 5, 6, 5, 5, 6, 4, 2, 3, 6, 1, 2, 1, 2, 5, 6, 3, 3, 4, 5, 1, 3, 3, 3, 1, 4, 4, 5, 3, 3, 2, 2, 1, 2, 2, 3, 3, 2, 1, 6, 3, 3, 4, 5, 4, 3, 2, 4, 3, 4, 2, 1, 2, 3, 2, 4, 4, 3, 1, 4, 5, 4, 5, 1, 1, 1, 1, 1, 1, 1, 2, 2, 2, 2, 2, 3, 3, 3, 3, 3, 3, 3, 3, 3, 3, 3, 3, 2, 3, 5, 6, 4, 5, 1, 3, 4, 4, 4, 6, 6, 1, 4, 1, 4, 6, 3, 5, 3, 4, 3, 4, 4, 4, 6, 5, 2, 2, 6, 4, 6, 1, 1, 1, 2, 2, 1, 1, 4, 1, 4, 2, 4, 2, 6, 3, 5, 5, 5, 6, 2, 6, 6, 1, 6, 6, 1, 5, 5, 5, 1, 6, 6, 1, 5, 5, 2, 4, 4, 4, 3, 6, 4, 4, 5, 5, 5, 5, 5, 6, 6, 6, 1]);
----------
objective = 12482;
period_of = array1d(1..268, [2, 3, 4, 5, 4, 5, 1, 3, 3, 2, 3, 5, 3, 1, 3, 2, 4, 5, 4, 1, 4, 6, 4, 2, 1, 2, 4, 2, 4, 5, 1, 5, 3, 5, 1, 1, 2, 2, 2, 2, 2, 1, 1, 2, 3, 3, 3, 3, 1, 1, 1, 1, 1, 2, 2, 2, 3, 5, 2, 3, 1, 5, 2, 3, 2, 1, 6, 5, 4, 2, 1, 1, 1, 1, 1, 2, 2, 2, 5, 2, 2, 5, 3, 3, 3, 1, 2, 4, 2, 1, 2, 2, 3, 3, 5, 3, 1, 5, 6, 5, 5, 6, 4, 2, 3, 6, 1, 2, 1, 2, 5, 6, 3, 3, 4, 5, 1, 3, 3, 3, 1, 4, 4, 5, 3, 3, 2, 2, 1, 2, 2, 3, 3, 2, 1, 6, 3, 3, 4, 5, 4, 3, 2, 4, 3, 4, 2, 1, 2, 3, 2, 4, 4, 3, 1, 4, 5, 4, 5, 1, 1, 1, 1, 1, 1, 1, 2, 2, 2, 2, 2, 3, 3, 3, 3, 3, 3, 3, 3, 3, 3, 3, 3, 2, 3, 5, 6, 4, 5, 1, 3, 4, 4, 4, 6, 6, 1, 4, 1, 4, 6, 3, 5, 3, 4, 3, 4, 4, 4, 6, 5, 2, 2, 6, 4, 6, 1, 1, 1, 2, 2, 1, 1, 4, 1, 4, 2, 4, 2, 5, 3, 5, 5, 6, 6, 2, 6, 6, 1, 6, 6, 1, 5, 5, 5, 1, 6, 6, 1, 5, 5, 2, 4, 4, 4, 5, 3, 4, 4, 5, 5, 5, 5, 5, 6, 6, 6, 1]);
----------
objective = 12466;
period_of = array1d(1..268, [2, 3, 4, 5, 4, 5, 1, 3, 3, 2, 3, 5, 3, 1, 3, 2, 4, 5, 4, 1, 4, 6, 4, 2, 1, 2, 4, 2, 4, 5, 1, 5, 3, 5, 1, 1, 2, 2, 2, 2, 2, 1, 1, 2, 3, 3, 3, 3, 1, 1, 1, 1, 1, 2, 2, 2, 3, 5, 2, 3, 1, 5, 2, 3, 2, 1, 6, 5, 4, 2, 1, 1, 1, 1, 1, 2, 2, 2, 5, 2, 2, 5, 3, 3, 3, 1, 2, 4, 2, 1, 2, 2, 3, 3, 5, 3, 1, 5, 6, 5, 5, 6, 4, 2, 3, 6, 1, 2, 1, 2, 5, 6, 3, 3, 4, 5, 1, 3, 3, 3, 1, 4, 4, 5, 3, 3, 2, 2, 1, 2, 2, 3, 3, 2, 1, 6, 3, 3, 4, 5, 4, 3, 2, 4, 3, 4, 2, 1, 2, 3, 2, 4, 4, 3, 1, 4, 5, 4, 5, 1, 1, 1, 1, 1, 1, 1, 2, 2, 2, 2, 2, 3, 3, 3, 3, 3, 3, 3, 3, 3, 3, 3, 3, 2, 3, 5, 6, 4, 5, 1, 3, 4, 4, 4, 6, 6, 1, 4, 1, 4, 6, 3, 5, 3, 4, 3, 4, 4, 4, 6, 5, 2, 2, 6, 4, 6, 1, 1, 1, 2, 3, 1, 1, 3, 1, 4, 2, 4, 2, 4, 3, 4, 5, 5, 5, 2, 6, 6, 1, 6, 6, 1, 5, 5, 5, 1, 6, 6, 1, 5, 5, 2, 4, 4, 4, 6, 6, 4, 4, 5, 5, 5, 5, 5, 6, 6, 6, 1]);
----------
objective = 12454;
period_of = array1d(1..268, [2, 3, 4, 5, 4, 5, 1, 3, 3, 2, 3, 5, 3, 1, 3, 2, 4, 5, 4, 1, 4, 6, 4, 2, 1, 2, 4, 2, 4, 5, 1, 5, 3, 5, 1, 1, 2, 2, 2, 2, 2, 1, 1, 2, 3, 3, 3, 3, 1, 1, 1, 1, 1, 2, 2, 2, 3, 5, 2, 3, 1, 5, 2, 3, 2, 1, 6, 5, 4, 2, 1, 1, 1, 1, 1, 2, 2, 2, 5, 2, 2, 5, 3, 3, 3, 1, 2, 4, 2, 1, 2, 2, 3, 3, 5, 3, 1, 5, 6, 5, 5, 6, 4, 2, 3, 6, 1, 2, 1, 2, 5, 6, 3, 3, 4, 5, 1, 3, 3, 3, 1, 4, 4, 5, 3, 3, 2, 2, 1, 2, 2, 3, 3, 2, 1, 6, 3, 3, 4, 5, 4, 3, 2, 4, 3, 4, 2, 1, 2, 3, 2, 4, 4, 3, 1, 4, 5, 4, 5, 1, 1, 1, 1, 1, 1, 1, 2, 2, 2, 2, 2, 3, 3, 3, 3, 3, 3, 3, 3, 3, 3, 3, 3, 2, 3, 5, 6, 4, 5, 1, 3, 4, 4, 4, 6, 6, 1, 4, 1, 4, 6, 3, 5, 3, 4, 3, 4, 4, 4, 6, 5, 2, 2, 6, 4, 6, 1, 1, 1, 2, 3, 1, 1, 3, 1, 4, 2, 4, 2, 6, 3, 4, 5, 5, 5, 2, 6, 6, 1, 6, 6, 1, 5, 5, 5, 1, 6, 6, 1, 5, 5, 2, 4, 4, 4, 6, 6, 4, 4, 5, 5, 5, 5, 5, 6, 6, 6, 1]);
----------
objective = 12453;
period_of = array1d(1..268, [2, 3, 4, 5, 4, 5, 1, 3, 3, 2, 3, 5, 3, 1, 3, 2, 4, 5, 4, 1, 4, 6, 4, 2, 1, 2, 4, 2, 4, 5, 1, 5, 3, 5, 1, 1, 2, 2, 2, 2, 2, 1, 1, 2, 3, 3, 3, 3, 1, 1, 1, 1, 1, 2, 2, 2, 3, 5, 2, 3, 1, 5, 2, 3, 2, 1, 6, 5, 4, 2, 1, 1, 1, 1, 1, 2, 2, 2, 5, 2, 2, 5, 3, 3, 3, 1, 2, 4, 2, 1, 2, 2, 3, 3, 5, 3, 1, 5, 6, 5, 5, 6, 4, 2, 3, 6, 1, 2, 1, 2, 5, 6, 3, 3, 4, 5, 1, 3, 3, 3, 1, 4, 4, 5, 3, 3, 2, 2, 1, 2, 2, 3, 3, 2, 1, 6, 3, 3, 4, 5, 4, 3, 2, 4, 3, 4, 2, 1, 2, 3, 2, 4, 4, 3, 1, 4, 5, 4, 5, 1, 1, 1, 1, 1, 1, 1, 2, 2, 2, 2, 2, 3, 3, 3, 3, 3, 3, 3, 3, 3, 3, 3, 3, 2, 3, 5, 6, 4, 5, 1, 3, 4, 4, 4, 6, 6, 1, 4, 1, 4, 6, 3, 5, 3, 4, 3, 4, 4, 4, 6, 5, 2, 2, 6, 4, 6, 1, 1, 1, 2, 3, 1, 1, 3, 1, 4, 2, 5, 2, 4, 3, 5, 5, 6, 6, 2, 6, 6, 1, 6, 6, 1, 5, 5, 5, 1, 6, 6, 1, 5, 5, 2, 4, 4, 4, 4, 4, 4, 4, 5, 5, 5, 5, 5, 6, 6, 6, 1]);
----------
objective = 12452;
period_of = array1d(1..268, [2, 3, 4, 5, 4, 5, 1, 3, 3, 2, 3, 5, 3, 1, 3, 2, 4, 5, 4, 1, 4, 6, 4, 2, 1, 2, 4, 2, 4, 5, 1, 5, 3, 5, 1, 1, 2, 2, 2, 2, 2, 1, 1, 2, 3, 3, 3, 3, 1, 1, 1, 1, 1, 2, 2, 2, 3, 5, 2, 3, 1, 5, 2, 3, 2, 1, 6, 5, 4, 2, 1, 1, 1, 1, 1, 2, 2, 2, 5, 2, 2, 5, 3, 3, 3, 1, 2, 4, 2, 1, 2, 2, 3, 3, 5, 3, 1, 5, 6, 5, 5, 6, 4, 2, 3, 6, 1, 2, 1, 2, 5, 6, 3, 3, 4, 5, 1, 3, 3, 3, 1, 4, 4, 5, 3, 3, 2, 2, 1, 2, 2, 3, 3, 2, 1, 6, 3, 3, 4, 5, 4, 3, 2, 4, 3, 4, 2, 1, 2, 3, 2, 4, 4, 3, 1, 4, 5, 4, 5, 1, 1, 1, 1, 1, 1, 1, 2, 2, 2, 2, 2, 3, 3, 3, 3, 3, 3, 3, 3, 3, 3, 3, 3, 2, 3, 5, 6, 4, 5, 1, 3, 4, 4, 4, 6, 6, 1, 4, 1, 4, 6, 3, 5, 3, 4, 3, 4, 4, 4, 6, 5, 2, 2, 6, 4, 6, 1, 1, 1, 2, 3, 1, 1, 4, 1, 4, 2, 4, 2, 2, 3, 5, 5, 5, 6, 2, 6, 6, 1, 6, 6, 1, 5, 5, 5, 1, 6, 6, 1, 5, 5, 2, 4, 4, 4, 4, 6, 4, 4, 5, 5, 5, 5, 5, 6, 6, 6, 1]);
----------
objective = 12443;
period_of = array1d(1..268, [2, 3, 4, 5, 4, 5, 1, 3, 3, 2, 3, 5, 3, 1, 3, 2, 4, 5, 4, 1, 4, 6, 4, 2, 1, 2, 4, 2, 4, 5, 1, 5, 3, 5, 1, 1, 2, 2, 2, 2, 2, 1, 1, 2, 3, 3, 3, 3, 1, 1, 1, 1, 1, 2, 2, 2, 3, 5, 2, 3, 1, 5, 2, 3, 2, 1, 6, 5, 4, 2, 1, 1, 1, 1, 1, 2, 2, 2, 5, 2, 2, 5, 3, 3, 3, 1, 2, 4, 2, 1, 2, 2, 3, 3, 5, 3, 1, 5, 6, 5, 5, 6, 4, 2, 3, 6, 1, 2, 1, 2, 5, 6, 3, 3, 4, 5, 1, 3, 3, 3, 1, 4, 4, 5, 3, 3, 2, 2, 1, 2, 2, 3, 3, 2, 1, 6, 3, 3, 4, 5, 4, 3, 2, 4, 3, 4, 2, 1, 2, 3, 2, 4, 4, 3, 1, 4, 5, 4, 5, 1, 1, 1, 1, 1, 1, 1, 2, 2, 2, 2, 2, 3, 3, 3, 3, 3, 3, 3, 3, 3, 3, 3, 3, 2, 3, 5, 6, 4, 5, 1, 3, 4, 4, 4, 6, 6, 1, 4, 1, 4, 6, 3, 5, 3, 4, 3, 4, 4, 4, 6, 5, 2, 2, 6, 4, 6, 1, 1, 1, 2, 3, 1, 1, 4, 1, 4, 2, 4, 2, 2, 3, 5, 5, 5, 6, 2, 6, 6, 1, 6, 6, 1, 5, 5, 5, 1, 6, 6, 1, 5, 5, 2, 4, 4, 4, 6, 6, 4, 4, 5, 5, 5, 5, 5, 6, 6, 6, 1]);
----------
objective = 12439;
period_of = array1d(1..268, [2, 3, 4, 5, 4, 5, 1, 3, 3, 2, 3, 5, 3, 1, 3, 2, 4, 5, 4, 1, 4, 6, 4, 2, 1, 2, 4, 2, 4, 5, 1, 5, 3, 5, 1, 1, 2, 2, 2, 2, 2, 1, 1, 2, 3, 3, 3, 3, 1, 1, 1, 1, 1, 2, 2, 2, 3, 5, 2, 3, 1, 5, 2, 3, 2, 1, 6, 5, 4, 2, 1, 1, 1, 1, 1, 2, 2, 2, 5, 2, 2, 5, 3, 3, 3, 1, 2, 4, 2, 1, 2, 2, 3, 3, 5, 3, 1, 5, 6, 5, 5, 6, 4, 2, 3, 6, 1, 2, 1, 2, 5, 6, 3, 3, 4, 5, 1, 3, 3, 3, 1, 4, 4, 5, 3, 3, 2, 2, 1, 2, 2, 3, 3, 2, 1, 6, 3, 3, 4, 5, 4, 3, 2, 4, 3, 4, 2, 1, 2, 3, 2, 4, 4, 3, 1, 4, 5, 4, 5, 1, 1, 1, 1, 1, 1, 1, 2, 2, 2, 2, 2, 3, 3, 3, 3, 3, 3, 3, 3, 3, 3, 3, 3, 2, 3, 5, 6, 4, 5, 1, 3, 4, 4, 4, 6, 6, 1, 4, 1, 4, 6, 3, 5, 3, 4, 3, 4, 4, 4, 6, 5, 2, 2, 6, 4, 6, 1, 1, 1, 2, 3, 1, 1, 4, 1, 4, 2, 4, 2, 3, 3, 5, 5, 5, 6, 2, 6, 6, 1, 6, 6, 1, 5, 5, 5, 1, 6, 6, 1, 5, 5, 2, 4, 4, 4, 4, 6, 4, 4, 5, 5, 5, 5, 5, 6, 6, 6, 1]);
----------
objective = 12430;
period_of = array1d(1..268, [2, 3, 4, 5, 4, 5, 1, 3, 3, 2, 3, 5, 3, 1, 3, 2, 4, 5, 4, 1, 4, 6, 4, 2, 1, 2, 4, 2, 4, 5, 1, 5, 3, 5, 1, 1, 2, 2, 2, 2, 2, 1, 1, 2, 3, 3, 3, 3, 1, 1, 1, 1, 1, 2, 2, 2, 3, 5, 2, 3, 1, 5, 2, 3, 2, 1, 6, 5, 4, 2, 1, 1, 1, 1, 1, 2, 2, 2, 5, 2, 2, 5, 3, 3, 3, 1, 2, 4, 2, 1, 2, 2, 3, 3, 5, 3, 1, 5, 6, 5, 5, 6, 4, 2, 3, 6, 1, 2, 1, 2, 5, 6, 3, 3, 4, 5, 1, 3, 3, 3, 1, 4, 4, 5, 3, 3, 2, 2, 1, 2, 2, 3, 3, 2, 1, 6, 3, 3, 4, 5, 4, 3, 2, 4, 3, 4, 2, 1, 2, 3, 2, 4, 4, 3, 1, 4, 5, 4, 5, 1, 1, 1, 1, 1, 1, 1, 2, 2, 2, 2, 2, 3, 3, 3, 3, 3, 3, 3, 3, 3, 3, 3, 3, 2, 3, 5, 6, 4, 5, 1, 3, 4, 4, 4, 6, 6, 1, 4, 1, 4, 6, 3, 5, 3, 4, 3, 4, 4, 4, 6, 5, 2, 2, 6, 4, 6, 1, 1, 1, 2, 3, 1, 1, 4, 1, 4, 2, 4, 2, 3, 3, 5, 5, 5, 6, 2, 6, 6, 1, 6, 6, 1, 5, 5, 5, 1, 6, 6, 1, 5, 5, 2, 4, 4, 4, 6, 6, 4, 4, 5, 5, 5, 5, 5, 6, 6, 6, 1]);
----------
objective = 12422;
period_of = array1d(1..268, [2, 3, 4, 5, 4, 5, 1, 3, 3, 2, 3, 5, 3, 1, 3, 2, 4, 5, 4, 1, 4, 6, 4, 2, 1, 2, 4, 2, 4, 5, 1, 5, 3, 5, 1, 1, 2, 2, 2, 2, 2, 1, 1, 2, 3, 3, 3, 3, 1, 1, 1, 1, 1, 2, 2, 2, 3, 5, 2, 3, 1, 5, 2, 3, 2, 1, 6, 5, 4, 2, 1, 1, 1, 1, 1, 2, 2, 2, 5, 2, 2, 5, 3, 3, 3, 1, 2, 4, 2, 1, 2, 2, 3, 3, 5, 3, 1, 5, 6, 5, 5, 6, 4, 2, 3, 6, 1, 2, 1, 2, 5, 6, 3, 3, 4, 5, 1, 3, 3, 3, 1, 4, 4, 5, 3, 3, 2, 2, 1, 2, 2, 3, 3, 2, 1, 6, 3, 3, 4, 5, 4, 3, 2, 4, 3, 4, 2, 1, 2, 3, 2, 4, 4, 3, 1, 4, 5, 4, 5, 1, 1, 1, 1, 1, 1, 1, 2, 2, 2, 2, 2, 3, 3, 3, 3, 3, 3, 3, 3, 3, 3, 3, 3, 2, 3, 5, 6, 4, 5, 1, 3, 4, 4, 4, 6, 6, 1, 4, 1, 4, 6, 3, 5, 3, 4, 3, 4, 4, 4, 6, 5, 2, 2, 6, 4, 6, 1, 1, 1, 2, 3, 1, 1, 4, 1, 4, 2, 4, 2, 4, 3, 5, 5, 5, 6, 2, 6, 6, 1, 6, 6, 1, 5, 5, 5, 1, 6, 6, 1, 5, 5, 2, 4, 4, 4, 5, 6, 4, 4, 5, 5, 5, 5, 5, 6, 6, 6, 1]);
----------
objective = 12413;
period_of = array1d(1..268, [2, 3, 4, 5, 4, 5, 1, 3, 3, 2, 3, 5, 3, 1, 3, 2, 4, 5, 4, 1, 4, 6, 4, 2, 1, 2, 4, 2, 4, 5, 1, 5, 3, 5, 1, 1, 2, 2, 2, 2, 2, 1, 1, 2, 3, 3, 3, 3, 1, 1, 1, 1, 1, 2, 2, 2, 3, 5, 2, 3, 1, 5, 2, 3, 2, 1, 6, 5, 4, 2, 1, 1, 1, 1, 1, 2, 2, 2, 5, 2, 2, 5, 3, 3, 3, 1, 2, 4, 2, 1, 2, 2, 3, 3, 5, 3, 1, 5, 6, 5, 5, 6, 4, 2, 3, 6, 1, 2, 1, 2, 5, 6, 3, 3, 4, 5, 1, 3, 3, 3, 1, 4, 4, 5, 3, 3, 2, 2, 1, 2, 2, 3, 3, 2, 1, 6, 3, 3, 4, 5, 4, 3, 2, 4, 3, 4, 2, 1, 2, 3, 2, 4, 4, 3, 1, 4, 5, 4, 5, 1, 1, 1, 1, 1, 1, 1, 2, 2, 2, 2, 2, 3, 3, 3, 3, 3, 3, 3, 3, 3, 3, 3, 3, 2, 3, 5, 6, 4, 5, 1, 3, 4, 4, 4, 6, 6, 1, 4, 1, 4, 6, 3, 5, 3, 4, 3, 4, 4, 4, 6, 5, 2, 2, 6, 4, 6, 1, 1, 1, 2, 3, 1, 1, 4, 1, 4, 2, 4, 2, 4, 3, 5, 5, 5, 6, 2, 6, 6, 1, 6, 6, 1, 5, 5, 5, 1, 6, 6, 1, 5, 5, 2, 4, 4, 4, 6, 6, 4, 4, 5, 5, 5, 5, 5, 6, 6, 6, 1]);
----------
objective = 12412;
period_of = array1d(1..268, [2, 3, 4, 5, 4, 5, 1, 3, 3, 2, 3, 5, 3, 1, 3, 2, 4, 5, 4, 1, 4, 6, 4, 2, 1, 2, 4, 2, 4, 5, 1, 5, 3, 5, 1, 1, 2, 2, 2, 2, 2, 1, 1, 2, 3, 3, 3, 3, 1, 1, 1, 1, 1, 2, 2, 2, 3, 5, 2, 3, 1, 5, 2, 3, 2, 1, 6, 5, 4, 2, 1, 1, 1, 1, 1, 2, 2, 2, 5, 2, 2, 5, 3, 3, 3, 1, 2, 4, 2, 1, 2, 2, 3, 3, 5, 3, 1, 5, 6, 5, 5, 6, 4, 2, 3, 6, 1, 2, 1, 2, 5, 6, 3, 3, 4, 5, 1, 3, 3, 3, 1, 4, 4, 5, 3, 3, 2, 2, 1, 2, 2, 3, 3, 2, 1, 6, 3, 3, 4, 5, 4, 3, 2, 4, 3, 4, 2, 1, 2, 3, 2, 4, 4, 3, 1, 4, 5, 4, 5, 1, 1, 1, 1, 1, 1, 1, 2, 2, 2, 2, 2, 3, 3, 3, 3, 3, 3, 3, 3, 3, 3, 3, 3, 2, 3, 5, 6, 4, 5, 1, 3, 4, 4, 4, 6, 6, 1, 4, 1, 4, 6, 3, 5, 3, 4, 3, 4, 4, 4, 6, 5, 2, 2, 6, 4, 6, 1, 1, 1, 2, 3, 1, 1, 4, 1, 4, 2, 5, 2, 5, 3, 5, 5, 6, 6, 2, 6, 6, 1, 6, 6, 1, 5, 5, 5, 1, 6, 6, 1, 5, 5, 2, 4, 4, 4, 4, 4, 4, 4, 5, 5, 5, 5, 5, 6, 6, 6, 1]);
----------
objective = 12411;
period_of = array1d(1..268, [2, 3, 4, 5, 4, 5, 1, 3, 3, 2, 3, 5, 3, 1, 3, 2, 4, 5, 4, 1, 4, 6, 4, 2, 1, 2, 4, 2, 4, 5, 1, 5, 3, 5, 1, 1, 2, 2, 2, 2, 2, 1, 1, 2, 3, 3, 3, 3, 1, 1, 1, 1, 1, 2, 2, 2, 3, 5, 2, 3, 1, 5, 2, 3, 2, 1, 6, 5, 4, 2, 1, 1, 1, 1, 1, 2, 2, 2, 5, 2, 2, 5, 3, 3, 3, 1, 2, 4, 2, 1, 2, 2, 3, 3, 5, 3, 1, 5, 6, 5, 5, 6, 4, 2, 3, 6, 1, 2, 1, 2, 5, 6, 3, 3, 4, 5, 1, 3, 3, 3, 1, 4, 4, 5, 3, 3, 2, 2, 1, 2, 2, 3, 3, 2, 1, 6, 3, 3, 4, 5, 4, 3, 2, 4, 3, 4, 2, 1, 2, 3, 2, 4, 4, 3, 1, 4, 5, 4, 5, 1, 1, 1, 1, 1, 1, 1, 2, 2, 2, 2, 2, 3, 3, 3, 3, 3, 3, 3, 3, 3, 3, 3, 3, 2, 3, 5, 6, 4, 5, 1, 3, 4, 4, 4, 6, 6, 1, 4, 1, 4, 6, 3, 5, 3, 4, 3, 4, 4, 4, 6, 5, 2, 2, 6, 4, 6, 1, 1, 1, 3, 4, 1, 1, 4, 1, 4, 2, 5, 2, 2, 3, 5, 5, 6, 6, 2, 6, 6, 1, 6, 6, 1, 5, 5, 5, 1, 6, 6, 1, 5, 5, 2, 4, 4, 4, 4, 6, 4, 4, 5, 5, 5, 5, 5, 6, 6, 6, 1]);
----------
objective = 12394;
period_of = array1d(1..268, [2, 3, 4, 5, 4, 5, 1, 3, 3, 2, 3, 5, 3, 1, 3, 2, 4, 5, 4, 1, 4, 6, 4, 2, 1, 2, 4, 2, 4, 5, 1, 5, 3, 5, 1, 1, 2, 2, 2, 2, 2, 1, 1, 2, 3, 3, 3, 3, 1, 1, 1, 1, 1, 2, 2, 2, 3, 5, 2, 3, 1, 5, 2, 3, 2, 1, 6, 5, 4, 2, 1, 1, 1, 1, 1, 2, 2, 2, 5, 2, 2, 5, 3, 3, 3, 1, 2, 4, 2, 1, 2, 2, 3, 3, 5, 3, 1, 5, 6, 5, 5, 6, 4, 2, 3, 6, 1, 2, 1, 2, 5, 6, 3, 3, 4, 5, 1, 3, 3, 3, 1, 4, 4, 5, 3, 3, 2, 2, 1, 2, 2, 3, 3, 2, 1, 6, 3, 3, 4, 5, 4, 3, 2, 4, 3, 4, 2, 1, 2, 3, 2, 4, 4, 3, 1, 4, 5, 4, 5, 1, 1, 1, 1, 1, 1, 1, 2, 2, 2, 2, 2, 3, 3, 3, 3, 3, 3, 3, 3, 3, 3, 3, 3, 2, 3, 5, 6, 4, 5, 1, 3, 4, 4, 4, 6, 6, 1, 4, 1, 4, 6, 3, 5, 3, 4, 3, 4, 4, 4, 6, 5, 2, 2, 6, 4, 6, 1, 1, 2, 2, 3, 1, 1, 3, 1, 3, 2, 3, 2, 3, 4, 4, 5, 5, 5, 2, 6, 6, 1, 6, 6, 1, 5, 5, 5, 1, 6, 6, 1, 5, 5, 2, 4, 4, 4, 6, 6, 4, 4, 5, 5, 5, 5, 5, 6, 6, 6, 1]);
----------
objective = 12381;
period_of = array1d(1..268, [2, 3, 4, 5, 4, 5, 1, 3, 3, 2, 3, 5, 3, 1, 3, 2, 4, 5, 4, 1, 4, 6, 4, 2, 1, 2, 4, 2, 4, 5, 1, 5, 3, 5, 1, 1, 2, 2, 2, 2, 2, 1, 1, 2, 3, 3, 3, 3, 1, 1, 1, 1, 1, 2, 2, 2, 3, 5, 2, 3, 1, 5, 2, 3, 2, 1, 6, 5, 4, 2, 1, 1, 1, 1, 1, 2, 2, 2, 5, 2, 2, 5, 3, 3, 3, 1, 2, 4, 2, 1, 2, 2, 3, 3, 5, 3, 1, 5, 6, 5, 5, 6, 4, 2, 3, 6, 1, 2, 1, 2, 5, 6, 3, 3, 4, 5, 1, 3, 3, 3, 1, 4, 4, 5, 3, 3, 2, 2, 1, 2, 2, 3, 3, 2, 1, 6, 3, 3, 4, 5, 4, 3, 2, 4, 3, 4, 2, 1, 2, 3, 2, 4, 4, 3, 1, 4, 5, 4, 5, 1, 1, 1, 1, 1, 1, 1, 2, 2, 2, 2, 2, 3, 3, 3, 3, 3, 3, 3, 3, 3, 3, 3, 3, 2, 3, 5, 6, 4, 5, 1, 3, 4, 4, 4, 6, 6, 1, 4, 1, 4, 6, 3, 5, 3, 4, 3, 4, 4, 4, 6, 5, 2, 2, 6, 4, 6, 1, 1, 2, 2, 3, 1, 1, 3, 1, 3, 2, 3, 2, 4, 4, 4, 5, 5, 5, 2, 6, 6, 1, 6, 6, 1, 5, 5, 5, 1, 6, 6, 1, 5, 5, 2, 4, 4, 4, 6, 6, 4, 4, 5, 5, 5, 5, 5, 6, 6, 6, 1]);
----------
objective = 12364;
period_of = array1d(1..268, [2, 3, 4, 5, 4, 5, 1, 3, 3, 2, 3, 5, 3, 1, 3, 2, 4, 5, 4, 1, 4, 6, 4, 2, 1, 2, 4, 2, 4, 5, 1, 5, 3, 5, 1, 1, 2, 2, 2, 2, 2, 1, 1, 2, 3, 3, 3, 3, 1, 1, 1, 1, 1, 2, 2, 2, 3, 5, 2, 3, 1, 5, 2, 3, 2, 1, 6, 5, 4, 2, 1, 1, 1, 1, 1, 2, 2, 2, 5, 2, 2, 5, 3, 3, 3, 1, 2, 4, 2, 1, 2, 2, 3, 3, 5, 3, 1, 5, 6, 5, 5, 6, 4, 2, 3, 6, 1, 2, 1, 2, 5, 6, 3, 3, 4, 5, 1, 3, 3, 3, 1, 4, 4, 5, 3, 3, 2, 2, 1, 2, 2, 3, 3, 2, 1, 6, 3, 3, 4, 5, 4, 3, 2, 4, 3, 4, 2, 1, 2, 3, 2, 4, 4, 3, 1, 4, 5, 4, 5, 1, 1, 1, 1, 1, 1, 1, 2, 2, 2, 2, 2, 3, 3, 3, 3, 3, 3, 3, 3, 3, 3, 3, 3, 2, 3, 5, 6, 4, 5, 1, 3, 4, 4, 4, 6, 6, 1, 4, 1, 4, 6, 3, 5, 3, 4, 3, 4, 4, 4, 6, 5, 2, 2, 6, 4, 6, 1, 1, 2, 2, 3, 1, 1, 3, 1, 3, 2, 3, 2, 5, 4, 4, 5, 5, 5, 2, 6, 6, 1, 6, 6, 1, 5, 5, 5, 1, 6, 6, 1, 5, 5, 2, 4, 4, 4, 6, 6, 4, 4, 5, 5, 5, 5, 5, 6, 6, 6, 1]);
----------
objective = 12357;
period_of = array1d(1..268, [2, 3, 4, 5, 4, 5, 1, 3, 3, 2, 3, 5, 3, 1, 3, 2, 4, 5, 4, 1, 4, 6, 4, 2, 1, 2, 4, 2, 4, 5, 1, 5, 3, 5, 1, 1, 2, 2, 2, 2, 2, 1, 1, 2, 3, 3, 3, 3, 1, 1, 1, 1, 1, 2, 2, 2, 3, 5, 2, 3, 1, 5, 2, 3, 2, 1, 6, 5, 4, 2, 1, 1, 1, 1, 1, 2, 2, 2, 5, 2, 2, 5, 3, 3, 3, 1, 2, 4, 2, 1, 2, 2, 3, 3, 5, 3, 1, 5, 6, 5, 5, 6, 4, 2, 3, 6, 1, 2, 1, 2, 5, 6, 3, 3, 4, 5, 1, 3, 3, 3, 1, 4, 4, 5, 3, 3, 2, 2, 1, 2, 2, 3, 3, 2, 1, 6, 3, 3, 4, 5, 4, 3, 2, 4, 3, 4, 2, 1, 2, 3, 2, 4, 4, 3, 1, 4, 5, 4, 5, 1, 1, 1, 1, 1, 1, 1, 2, 2, 2, 2, 2, 3, 3, 3, 3, 3, 3, 3, 3, 3, 3, 3, 3, 2, 3, 5, 6, 4, 5, 1, 3, 4, 4, 4, 6, 6, 1, 4, 1, 4, 6, 3, 5, 3, 4, 3, 4, 4, 4, 6, 5, 2, 2, 6, 4, 6, 1, 3, 3, 3, 3, 1, 1, 4, 1, 4, 2, 4, 2, 6, 2, 4, 5, 5, 5, 2, 6, 6, 1, 6, 6, 1, 5, 5, 5, 1, 6, 6, 1, 5, 5, 2, 4, 4, 4, 6, 6, 4, 4, 5, 5, 5, 5, 5, 6, 6, 6, 1]);
----------
objective = 12355;
period_of = array1d(1..268, [2, 3, 4, 5, 4, 5, 1, 3, 3, 2, 3, 5, 3, 1, 3, 2, 4, 5, 4, 1, 4, 6, 4, 2, 1, 2, 4, 2, 4, 5, 1, 5, 3, 5, 1, 1, 2, 2, 2, 2, 2, 1, 1, 2, 3, 3, 3, 3, 1, 1, 1, 1, 1, 2, 2, 2, 3, 5, 2, 3, 1, 5, 2, 3, 2, 1, 6, 5, 4, 2, 1, 1, 1, 1, 1, 2, 2, 2, 5, 2, 2, 5, 3, 3, 3, 1, 2, 4, 2, 1, 2, 2, 3, 3, 5, 3, 1, 5, 6, 5, 5, 6, 4, 2, 3, 6, 1, 2, 1, 2, 5, 6, 3, 3, 4, 5, 1, 3, 3, 3, 1, 4, 4, 5, 3, 3, 2, 2, 1, 2, 2, 3, 3, 2, 1, 6, 3, 3, 4, 5, 4, 3, 2, 4, 3, 4, 2, 1, 2, 3, 2, 4, 4, 3, 1, 4, 5, 4, 5, 1, 1, 1, 1, 1, 1, 1, 2, 2, 2, 2, 2, 3, 3, 3, 3, 3, 3, 3, 3, 3, 3, 3, 3, 2, 3, 5, 6, 4, 5, 1, 3, 4, 4, 4, 6, 6, 1, 4, 1, 4, 6, 3, 5, 3, 4, 3, 4, 4, 4, 6, 5, 2, 2, 6, 4, 6, 1, 3, 3, 3, 3, 1, 1, 4, 1, 4, 2, 4, 2, 4, 2, 5, 5, 5, 6, 2, 6, 6, 1, 6, 6, 1, 5, 5, 5, 1, 6, 6, 1, 5, 5, 2, 4, 4, 4, 5, 6, 4, 4, 5, 5, 5, 5, 5, 6, 6, 6, 1]);
----------
objective = 12346;
period_of = array1d(1..268, [2, 3, 4, 5, 4, 5, 1, 3, 3, 2, 3, 5, 3, 1, 3, 2, 4, 5, 4, 1, 4, 6, 4, 2, 1, 2, 4, 2, 4, 5, 1, 5, 3, 5, 1, 1, 2, 2, 2, 2, 2, 1, 1, 2, 3, 3, 3, 3, 1, 1, 1, 1, 1, 2, 2, 2, 3, 5, 2, 3, 1, 5, 2, 3, 2, 1, 6, 5, 4, 2, 1, 1, 1, 1, 1, 2, 2, 2, 5, 2, 2, 5, 3, 3, 3, 1, 2, 4, 2, 1, 2, 2, 3, 3, 5, 3, 1, 5, 6, 5, 5, 6, 4, 2, 3, 6, 1, 2, 1, 2, 5, 6, 3, 3, 4, 5, 1, 3, 3, 3, 1, 4, 4, 5, 3, 3, 2, 2, 1, 2, 2, 3, 3, 2, 1, 6, 3, 3, 4, 5, 4, 3, 2, 4, 3, 4, 2, 1, 2, 3, 2, 4, 4, 3, 1, 4, 5, 4, 5, 1, 1, 1, 1, 1, 1, 1, 2, 2, 2, 2, 2, 3, 3, 3, 3, 3, 3, 3, 3, 3, 3, 3, 3, 2, 3, 5, 6, 4, 5, 1, 3, 4, 4, 4, 6, 6, 1, 4, 1, 4, 6, 3, 5, 3, 4, 3, 4, 4, 4, 6, 5, 2, 2, 6, 4, 6, 1, 3, 3, 3, 3, 1, 1, 4, 1, 4, 2, 4, 2, 4, 2, 5, 5, 5, 6, 2, 6, 6, 1, 6, 6, 1, 5, 5, 5, 1, 6, 6, 1, 5, 5, 2, 4, 4, 4, 6, 6, 4, 4, 5, 5, 5, 5, 5, 6, 6, 6, 1]);
----------
objective = 12345;
period_of = array1d(1..268, [2, 3, 4, 5, 4, 5, 1, 3, 3, 2, 3, 5, 3, 1, 3, 2, 4, 5, 4, 1, 4, 6, 4, 2, 1, 2, 4, 2, 4, 5, 1, 5, 3, 5, 1, 1, 2, 2, 2, 2, 2, 1, 1, 2, 3, 3, 3, 3, 1, 1, 1, 1, 1, 2, 2, 2, 3, 5, 2, 3, 1, 5, 2, 3, 2, 1, 6, 5, 4, 2, 1, 1, 1, 1, 1, 2, 2, 2, 5, 2, 2, 5, 3, 3, 3, 1, 2, 4, 2, 1, 2, 2, 3, 3, 5, 3, 1, 5, 6, 5, 5, 6, 4, 2, 3, 6, 1, 2, 1, 2, 5, 6, 3, 3, 4, 5, 1, 3, 3, 3, 1, 4, 4, 5, 3, 3, 2, 2, 1, 2, 2, 3, 3, 2, 1, 6, 3, 3, 4, 5, 4, 3, 2, 4, 3, 4, 2, 1, 2, 3, 2, 4, 4, 3, 1, 4, 5, 4, 5, 1, 1, 1, 1, 1, 1, 1, 2, 2, 2, 2, 2, 3, 3, 3, 3, 3, 3, 3, 3, 3, 3, 3, 3, 2, 3, 5, 6, 4, 5, 1, 3, 4, 4, 4, 6, 6, 1, 4, 1, 4, 6, 3, 5, 3, 4, 3, 4, 4, 4, 6, 5, 2, 2, 6, 4, 6, 1, 3, 3, 3, 3, 1, 1, 4, 1, 4, 2, 5, 2, 5, 2, 5, 5, 6, 6, 2, 6, 6, 1, 6, 6, 1, 5, 5, 5, 1, 6, 6, 1, 5, 5, 2, 4, 4, 4, 4, 4, 4, 4, 5, 5, 5, 5, 5, 6, 6, 6, 1]);
----------
objective = 12344;
period_of = array1d(1..268, [2, 3, 4, 5, 4, 5, 1, 3, 3, 2, 3, 5, 3, 1, 3, 2, 4, 5, 4, 1, 4, 6, 4, 2, 1, 2, 4, 2, 4, 5, 1, 5, 3, 5, 1, 1, 2, 2, 2, 2, 2, 1, 1, 2, 3, 3, 3, 3, 1, 1, 1, 1, 1, 2, 2, 2, 3, 5, 2, 3, 1, 5, 2, 3, 2, 1, 6, 5, 4, 2, 1, 1, 1, 1, 1, 2, 2, 2, 5, 2, 2, 5, 3, 3, 3, 1, 2, 4, 2, 1, 2, 2, 3, 3, 5, 3, 1, 5, 6, 5, 5, 6, 4, 2, 3, 6, 1, 2, 1, 2, 5, 6, 3, 3, 4, 5, 1, 3, 3, 3, 1, 4, 4, 5, 3, 3, 2, 2, 1, 2, 2, 3, 3, 2, 1, 6, 3, 3, 4, 5, 4, 3, 2, 4, 3, 4, 2, 1, 2, 3, 2, 4, 4, 3, 1, 4, 5, 4, 5, 1, 1, 1, 1, 1, 1, 1, 2, 2, 2, 2, 2, 3, 3, 3, 3, 3, 3, 3, 3, 3, 3, 3, 3, 2, 3, 5, 6, 4, 5, 1, 3, 4, 4, 4, 6, 6, 1, 4, 1, 4, 6, 3, 5, 3, 4, 3, 4, 4, 4, 6, 5, 2, 2, 6, 4, 6, 1, 3, 3, 3, 4, 1, 1, 4, 1, 4, 2, 5, 2, 3, 2, 5, 5, 6, 6, 2, 6, 6, 1, 6, 6, 1, 5, 5, 5, 1, 6, 6, 1, 5, 5, 2, 4, 4, 4, 4, 6, 4, 4, 5, 5, 5, 5, 5, 6, 6, 6, 1]);
----------
objective = 12341;
period_of = array1d(1..268, [2, 3, 4, 5, 4, 5, 1, 3, 3, 2, 3, 5, 3, 1, 3, 2, 4, 5, 4, 1, 4, 6, 4, 2, 1, 2, 4, 2, 4, 5, 1, 5, 3, 5, 1, 1, 2, 2, 2, 2, 2, 1, 1, 2, 3, 3, 3, 3, 1, 1, 1, 1, 1, 2, 2, 2, 3, 5, 2, 3, 1, 5, 2, 3, 2, 1, 6, 5, 4, 2, 1, 1, 1, 1, 1, 2, 2, 2, 5, 2, 2, 5, 3, 3, 3, 1, 2, 4, 2, 1, 2, 2, 3, 3, 5, 3, 1, 5, 6, 5, 5, 6, 4, 2, 3, 6, 1, 2, 1, 2, 5, 6, 3, 3, 4, 5, 1, 3, 3, 3, 1, 4, 4, 5, 3, 3, 2, 2, 1, 2, 2, 3, 3, 2, 1, 6, 3, 3, 4, 5, 4, 3, 2, 4, 3, 4, 2, 1, 2, 3, 2, 4, 4, 3, 1, 4, 5, 4, 5, 1, 1, 1, 1, 1, 1, 1, 2, 2, 2, 2, 2, 3, 3, 3, 3, 3, 3, 3, 3, 3, 3, 3, 3, 2, 3, 5, 6, 4, 5, 1, 3, 4, 4, 4, 6, 6, 1, 4, 1, 4, 6, 3, 5, 3, 4, 3, 4, 4, 4, 6, 5, 2, 2, 6, 4, 6, 1, 1, 2, 2, 3, 1, 1, 4, 1, 4, 2, 4, 2, 4, 3, 5, 5, 5, 6, 2, 6, 6, 1, 6, 6, 1, 5, 5, 5, 1, 6, 6, 1, 5, 5, 2, 4, 4, 4, 6, 6, 4, 4, 5, 5, 5, 5, 5, 6, 6, 6, 1]);
----------
objective = 12340;
period_of = array1d(1..268, [2, 3, 4, 5, 4, 5, 1, 3, 3, 2, 3, 5, 3, 1, 3, 2, 4, 5, 4, 1, 4, 6, 4, 2, 1, 2, 4, 2, 4, 5, 1, 5, 3, 5, 1, 1, 2, 2, 2, 2, 2, 1, 1, 2, 3, 3, 3, 3, 1, 1, 1, 1, 1, 2, 2, 2, 3, 5, 2, 3, 1, 5, 2, 3, 2, 1, 6, 5, 4, 2, 1, 1, 1, 1, 1, 2, 2, 2, 5, 2, 2, 5, 3, 3, 3, 1, 2, 4, 2, 1, 2, 2, 3, 3, 5, 3, 1, 5, 6, 5, 5, 6, 4, 2, 3, 6, 1, 2, 1, 2, 5, 6, 3, 3, 4, 5, 1, 3, 3, 3, 1, 4, 4, 5, 3, 3, 2, 2, 1, 2, 2, 3, 3, 2, 1, 6, 3, 3, 4, 5, 4, 3, 2, 4, 3, 4, 2, 1, 2, 3, 2, 4, 4, 3, 1, 4, 5, 4, 5, 1, 1, 1, 1, 1, 1, 1, 2, 2, 2, 2, 2, 3, 3, 3, 3, 3, 3, 3, 3, 3, 3, 3, 3, 2, 3, 5, 6, 4, 5, 1, 3, 4, 4, 4, 6, 6, 1, 4, 1, 4, 6, 3, 5, 3, 4, 3, 4, 4, 4, 6, 5, 2, 2, 6, 4, 6, 1, 1, 2, 2, 3, 1, 1, 4, 1, 4, 2, 5, 2, 5, 3, 5, 5, 6, 6, 2, 6, 6, 1, 6, 6, 1, 5, 5, 5, 1, 6, 6, 1, 5, 5, 2, 4, 4, 4, 4, 4, 4, 4, 5, 5, 5, 5, 5, 6, 6, 6, 1]);
----------
objective = 12333;
period_of = array1d(1..268, [2, 3, 4, 5, 4, 5, 1, 3, 3, 2, 3, 5, 3, 1, 3, 2, 4, 5, 4, 1, 4, 6, 4, 2, 1, 2, 4, 2, 4, 5, 1, 5, 3, 5, 1, 1, 2, 2, 2, 2, 2, 1, 1, 2, 3, 3, 3, 3, 1, 1, 1, 1, 1, 2, 2, 2, 3, 5, 2, 3, 1, 5, 2, 3, 2, 1, 6, 5, 4, 2, 1, 1, 1, 1, 1, 2, 2, 2, 5, 2, 2, 5, 3, 3, 3, 1, 2, 4, 2, 1, 2, 2, 3, 3, 5, 3, 1, 5, 6, 5, 5, 6, 4, 2, 3, 6, 1, 2, 1, 2, 5, 6, 3, 3, 4, 5, 1, 3, 3, 3, 1, 4, 4, 5, 3, 3, 2, 2, 1, 2, 2, 3, 3, 2, 1, 6, 3, 3, 4, 5, 4, 3, 2, 4, 3, 4, 2, 1, 2, 3, 2, 4, 4, 3, 1, 4, 5, 4, 5, 1, 1, 1, 1, 1, 1, 1, 2, 2, 2, 2, 2, 3, 3, 3, 3, 3, 3, 3, 3, 3, 3, 3, 3, 2, 3, 5, 6, 4, 5, 1, 3, 4, 4, 4, 6, 6, 1, 4, 1, 4, 6, 3, 5, 3, 4, 3, 4, 4, 4, 6, 5, 2, 2, 6, 4, 6, 1, 1, 2, 3, 3, 1, 1, 4, 1, 4, 2, 4, 2, 5, 3, 4, 5, 5, 5, 2, 6, 6, 1, 6, 6, 1, 5, 5, 5, 1, 6, 6, 1, 5, 5, 2, 4, 4, 4, 6, 6, 4, 4, 5, 5, 5, 5, 5, 6, 6, 6, 1]);
----------
objective = 12321;
period_of = array1d(1..268, [2, 3, 4, 5, 4, 5, 1, 3, 3, 2, 3, 5, 3, 1, 3, 2, 4, 5, 4, 1, 4, 6, 4, 2, 1, 2, 4, 2, 4, 5, 1, 5, 3, 5, 1, 1, 2, 2, 2, 2, 2, 1, 1, 2, 3, 3, 3, 3, 1, 1, 1, 1, 1, 2, 2, 2, 3, 5, 2, 3, 1, 5, 2, 3, 2, 1, 6, 5, 4, 2, 1, 1, 1, 1, 1, 2, 2, 2, 5, 2, 2, 5, 3, 3, 3, 1, 2, 4, 2, 1, 2, 2, 3, 3, 5, 3, 1, 5, 6, 5, 5, 6, 4, 2, 3, 6, 1, 2, 1, 2, 5, 6, 3, 3, 4, 5, 1, 3, 3, 3, 1, 4, 4, 5, 3, 3, 2, 2, 1, 2, 2, 3, 3, 2, 1, 6, 3, 3, 4, 5, 4, 3, 2, 4, 3, 4, 2, 1, 2, 3, 2, 4, 4, 3, 1, 4, 5, 4, 5, 1, 1, 1, 1, 1, 1, 1, 2, 2, 2, 2, 2, 3, 3, 3, 3, 3, 3, 3, 3, 3, 3, 3, 3, 2, 3, 5, 6, 4, 5, 1, 3, 4, 4, 4, 6, 6, 1, 4, 1, 4, 6, 3, 5, 3, 4, 3, 4, 4, 4, 6, 5, 2, 2, 6, 4, 6, 1, 1, 2, 3, 3, 1, 1, 4, 1, 4, 2, 4, 2, 6, 3, 4, 5, 5, 5, 2, 6, 6, 1, 6, 6, 1, 5, 5, 5, 1, 6, 6, 1, 5, 5, 2, 4, 4, 4, 6, 6, 4, 4, 5, 5, 5, 5, 5, 6, 6, 6, 1]);
----------
objective = 12319;
period_of = array1d(1..268, [2, 3, 4, 5, 4, 5, 1, 3, 3, 2, 3, 5, 3, 1, 3, 2, 4, 5, 4, 1, 4, 6, 4, 2, 1, 2, 4, 2, 4, 5, 1, 5, 3, 5, 1, 1, 2, 2, 2, 2, 2, 1, 1, 2, 3, 3, 3, 3, 1, 1, 1, 1, 1, 2, 2, 2, 3, 5, 2, 3, 1, 5, 2, 3, 2, 1, 6, 5, 4, 2, 1, 1, 1, 1, 1, 2, 2, 2, 5, 2, 2, 5, 3, 3, 3, 1, 2, 4, 2, 1, 2, 2, 3, 3, 5, 3, 1, 5, 6, 5, 5, 6, 4, 2, 3, 6, 1, 2, 1, 2, 5, 6, 3, 3, 4, 5, 1, 3, 3, 3, 1, 4, 4, 5, 3, 3, 2, 2, 1, 2, 2, 3, 3, 2, 1, 6, 3, 3, 4, 5, 4, 3, 2, 4, 3, 4, 2, 1, 2, 3, 2, 4, 4, 3, 1, 4, 5, 4, 5, 1, 1, 1, 1, 1, 1, 1, 2, 2, 2, 2, 2, 3, 3, 3, 3, 3, 3, 3, 3, 3, 3, 3, 3, 2, 3, 5, 6, 4, 5, 1, 3, 4, 4, 4, 6, 6, 1, 4, 1, 4, 6, 3, 5, 3, 4, 3, 4, 4, 4, 6, 5, 2, 2, 6, 4, 6, 1, 1, 2, 3, 3, 1, 1, 4, 1, 4, 2, 4, 2, 4, 3, 5, 5, 5, 6, 2, 6, 6, 1, 6, 6, 1, 5, 5, 5, 1, 6, 6, 1, 5, 5, 2, 4, 4, 4, 5, 6, 4, 4, 5, 5, 5, 5, 5, 6, 6, 6, 1]);
----------
objective = 12310;
period_of = array1d(1..268, [2, 3, 4, 5, 4, 5, 1, 3, 3, 2, 3, 5, 3, 1, 3, 2, 4, 5, 4, 1, 4, 6, 4, 2, 1, 2, 4, 2, 4, 5, 1, 5, 3, 5, 1, 1, 2, 2, 2, 2, 2, 1, 1, 2, 3, 3, 3, 3, 1, 1, 1, 1, 1, 2, 2, 2, 3, 5, 2, 3, 1, 5, 2, 3, 2, 1, 6, 5, 4, 2, 1, 1, 1, 1, 1, 2, 2, 2, 5, 2, 2, 5, 3, 3, 3, 1, 2, 4, 2, 1, 2, 2, 3, 3, 5, 3, 1, 5, 6, 5, 5, 6, 4, 2, 3, 6, 1, 2, 1, 2, 5, 6, 3, 3, 4, 5, 1, 3, 3, 3, 1, 4, 4, 5, 3, 3, 2, 2, 1, 2, 2, 3, 3, 2, 1, 6, 3, 3, 4, 5, 4, 3, 2, 4, 3, 4, 2, 1, 2, 3, 2, 4, 4, 3, 1, 4, 5, 4, 5, 1, 1, 1, 1, 1, 1, 1, 2, 2, 2, 2, 2, 3, 3, 3, 3, 3, 3, 3, 3, 3, 3, 3, 3, 2, 3, 5, 6, 4, 5, 1, 3, 4, 4, 4, 6, 6, 1, 4, 1, 4, 6, 3, 5, 3, 4, 3, 4, 4, 4, 6, 5, 2, 2, 6, 4, 6, 1, 1, 2, 3, 3, 1, 1, 4, 1, 4, 2, 4, 2, 4, 3, 5, 5, 5, 6, 2, 6, 6, 1, 6, 6, 1, 5, 5, 5, 1, 6, 6, 1, 5, 5, 2, 4, 4, 4, 6, 6, 4, 4, 5, 5, 5, 5, 5, 6, 6, 6, 1]);
----------
objective = 12309;
period_of = array1d(1..268, [2, 3, 4, 5, 4, 5, 1, 3, 3, 2, 3, 5, 3, 1, 3, 2, 4, 5, 4, 1, 4, 6, 4, 2, 1, 2, 4, 2, 4, 5, 1, 5, 3, 5, 1, 1, 2, 2, 2, 2, 2, 1, 1, 2, 3, 3, 3, 3, 1, 1, 1, 1, 1, 2, 2, 2, 3, 5, 2, 3, 1, 5, 2, 3, 2, 1, 6, 5, 4, 2, 1, 1, 1, 1, 1, 2, 2, 2, 5, 2, 2, 5, 3, 3, 3, 1, 2, 4, 2, 1, 2, 2, 3, 3, 5, 3, 1, 5, 6, 5, 5, 6, 4, 2, 3, 6, 1, 2, 1, 2, 5, 6, 3, 3, 4, 5, 1, 3, 3, 3, 1, 4, 4, 5, 3, 3, 2, 2, 1, 2, 2, 3, 3, 2, 1, 6, 3, 3, 4, 5, 4, 3, 2, 4, 3, 4, 2, 1, 2, 3, 2, 4, 4, 3, 1, 4, 5, 4, 5, 1, 1, 1, 1, 1, 1, 1, 2, 2, 2, 2, 2, 3, 3, 3, 3, 3, 3, 3, 3, 3, 3, 3, 3, 2, 3, 5, 6, 4, 5, 1, 3, 4, 4, 4, 6, 6, 1, 4, 1, 4, 6, 3, 5, 3, 4, 3, 4, 4, 4, 6, 5, 2, 2, 6, 4, 6, 1, 1, 2, 3, 3, 1, 1, 4, 1, 4, 2, 5, 2, 5, 3, 5, 5, 6, 6, 2, 6, 6, 1, 6, 6, 1, 5, 5, 5, 1, 6, 6, 1, 5, 5, 2, 4, 4, 4, 4, 4, 4, 4, 5, 5, 5, 5, 5, 6, 6, 6, 1]);
----------
objective = 12291;
period_of = array1d(1..268, [2, 3, 4, 5, 4, 5, 1, 3, 3, 2, 3, 5, 3, 1, 3, 2, 4, 5, 4, 1, 4, 6, 4, 2, 1, 2, 4, 2, 4, 5, 1, 5, 3, 5, 1, 1, 2, 2, 2, 2, 2, 1, 1, 2, 3, 3, 3, 3, 1, 1, 1, 1, 1, 2, 2, 2, 3, 5, 2, 3, 1, 5, 2, 3, 2, 1, 6, 5, 4, 2, 1, 1, 1, 1, 1, 2, 2, 2, 5, 2, 2, 5, 3, 3, 3, 1, 2, 4, 2, 1, 2, 2, 3, 3, 5, 3, 1, 5, 6, 5, 5, 6, 4, 2, 3, 6, 1, 2, 1, 2, 5, 6, 3, 3, 4, 5, 1, 3, 3, 3, 1, 4, 4, 5, 3, 3, 2, 2, 1, 2, 2, 3, 3, 2, 1, 6, 3, 3, 4, 5, 4, 3, 2, 4, 3, 4, 2, 1, 2, 3, 2, 4, 4, 3, 1, 4, 5, 4, 5, 1, 1, 1, 1, 1, 1, 1, 2, 2, 2, 2, 2, 3, 3, 3, 3, 3, 3, 3, 3, 3, 3, 3, 3, 2, 3, 5, 6, 4, 5, 1, 3, 4, 4, 4, 6, 6, 1, 4, 1, 4, 6, 3, 5, 3, 4, 3, 4, 4, 4, 6, 5, 2, 2, 6, 4, 6, 1, 1, 2, 3, 4, 1, 1, 4, 1, 4, 2, 4, 2, 6, 3, 5, 5, 5, 5, 2, 6, 6, 1, 6, 6, 1, 5, 5, 5, 1, 6, 6, 1, 5, 5, 2, 4, 4, 4, 6, 6, 4, 4, 5, 5, 5, 5, 5, 6, 6, 6, 1]);
----------
objective = 12283;
period_of = array1d(1..268, [2, 3, 4, 5, 4, 5, 1, 3, 3, 2, 3, 5, 3, 1, 3, 2, 4, 5, 4, 1, 4, 6, 4, 2, 1, 2, 4, 2, 4, 5, 1, 5, 3, 5, 1, 1, 2, 2, 2, 2, 2, 1, 1, 2, 3, 3, 3, 3, 1, 1, 1, 1, 1, 2, 2, 2, 3, 5, 2, 3, 1, 5, 2, 3, 2, 1, 6, 5, 4, 2, 1, 1, 1, 1, 1, 2, 2, 2, 5, 2, 2, 5, 3, 3, 3, 1, 2, 4, 2, 1, 2, 2, 3, 3, 5, 3, 1, 5, 6, 5, 5, 6, 4, 2, 3, 6, 1, 2, 1, 2, 5, 6, 3, 3, 4, 5, 1, 3, 3, 3, 1, 4, 4, 5, 3, 3, 2, 2, 1, 2, 2, 3, 3, 2, 1, 6, 3, 3, 4, 5, 4, 3, 2, 4, 3, 4, 2, 1, 2, 3, 2, 4, 4, 3, 1, 4, 5, 4, 5, 1, 1, 1, 1, 1, 1, 1, 2, 2, 2, 2, 2, 3, 3, 3, 3, 3, 3, 3, 3, 3, 3, 3, 3, 2, 3, 5, 6, 4, 5, 1, 3, 4, 4, 4, 6, 6, 1, 4, 1, 4, 6, 3, 5, 3, 4, 3, 4, 4, 4, 6, 5, 2, 2, 6, 4, 6, 1, 1, 2, 3, 4, 1, 1, 4, 1, 4, 2, 4, 2, 6, 3, 5, 5, 5, 6, 2, 6, 6, 1, 6, 6, 1, 5, 5, 5, 1, 6, 6, 1, 5, 5, 2, 4, 4, 4, 5, 6, 4, 4, 5, 5, 5, 5, 5, 6, 6, 6, 1]);
----------
objective = 12280;
period_of = array1d(1..268, [2, 3, 4, 5, 4, 5, 1, 3, 3, 2, 3, 5, 3, 1, 3, 2, 4, 5, 4, 1, 4, 6, 4, 2, 1, 2, 4, 2, 4, 5, 1, 5, 3, 5, 1, 1, 2, 2, 2, 2, 2, 1, 1, 2, 3, 3, 3, 3, 1, 1, 1, 1, 1, 2, 2, 2, 3, 5, 2, 3, 1, 5, 2, 3, 2, 1, 6, 5, 4, 2, 1, 1, 1, 1, 1, 2, 2, 2, 5, 2, 2, 5, 3, 3, 3, 1, 2, 4, 2, 1, 2, 2, 3, 3, 5, 3, 1, 5, 6, 5, 5, 6, 4, 2, 3, 6, 1, 2, 1, 2, 5, 6, 3, 3, 4, 5, 1, 3, 3, 3, 1, 4, 4, 5, 3, 3, 2, 2, 1, 2, 2, 3, 3, 2, 1, 6, 3, 3, 4, 5, 4, 3, 2, 4, 3, 4, 2, 1, 2, 3, 2, 4, 4, 3, 1, 4, 5, 4, 5, 1, 1, 1, 1, 1, 1, 1, 2, 2, 2, 2, 2, 3, 3, 3, 3, 3, 3, 3, 3, 3, 3, 3, 3, 2, 3, 5, 6, 4, 5, 1, 3, 4, 4, 4, 6, 6, 1, 4, 1, 4, 6, 3, 5, 3, 4, 3, 4, 4, 4, 6, 5, 2, 2, 6, 4, 6, 1, 1, 2, 3, 4, 1, 1, 4, 1, 4, 2, 4, 2, 5, 3, 5, 5, 5, 6, 2, 6, 6, 1, 6, 6, 1, 5, 5, 5, 1, 6, 6, 1, 5, 5, 2, 4, 4, 4, 6, 6, 4, 4, 5, 5, 5, 5, 5, 6, 6, 6, 1]);
----------
objective = 12279;
period_of = array1d(1..268, [2, 3, 4, 5, 4, 5, 1, 3, 3, 2, 3, 5, 3, 1, 3, 2, 4, 5, 4, 1, 4, 6, 4, 2, 1, 2, 4, 2, 4, 5, 1, 5, 3, 5, 1, 1, 2, 2, 2, 2, 2, 1, 1, 2, 3, 3, 3, 3, 1, 1, 1, 1, 1, 2, 2, 2, 3, 5, 2, 3, 1, 5, 2, 3, 2, 1, 6, 5, 4, 2, 1, 1, 1, 1, 1, 2, 2, 2, 5, 2, 2, 5, 3, 3, 3, 1, 2, 4, 2, 1, 2, 2, 3, 3, 5, 3, 1, 5, 6, 5, 5, 6, 4, 2, 3, 6, 1, 2, 1, 2, 5, 6, 3, 3, 4, 5, 1, 3, 3, 3, 1, 4, 4, 5, 3, 3, 2, 2, 1, 2, 2, 3, 3, 2, 1, 6, 3, 3, 4, 5, 4, 3, 2, 4, 3, 4, 2, 1, 2, 3, 2, 4, 4, 3, 1, 4, 5, 4, 5, 1, 1, 1, 1, 1, 1, 1, 2, 2, 2, 2, 2, 3, 3, 3, 3, 3, 3, 3, 3, 3, 3, 3, 3, 2, 3, 5, 6, 4, 5, 1, 3, 4, 4, 4, 6, 6, 1, 4, 1, 4, 6, 3, 5, 3, 4, 3, 4, 4, 4, 6, 5, 2, 2, 6, 4, 6, 1, 1, 2, 3, 4, 1, 1, 4, 1, 4, 2, 5, 2, 6, 3, 5, 5, 6, 6, 2, 6, 6, 1, 6, 6, 1, 5, 5, 5, 1, 6, 6, 1, 5, 5, 2, 4, 4, 4, 4, 5, 4, 4, 5, 5, 5, 5, 5, 6, 6, 6, 1]);
----------
objective = 12278;
period_of = array1d(1..268, [2, 3, 4, 5, 4, 5, 1, 3, 3, 2, 3, 5, 3, 1, 3, 2, 4, 5, 4, 1, 4, 6, 4, 2, 1, 2, 4, 2, 4, 5, 1, 5, 3, 5, 1, 1, 2, 2, 2, 2, 2, 1, 1, 2, 3, 3, 3, 3, 1, 1, 1, 1, 1, 2, 2, 2, 3, 5, 2, 3, 1, 5, 2, 3, 2, 1, 6, 5, 4, 2, 1, 1, 1, 1, 1, 2, 2, 2, 5, 2, 2, 5, 3, 3, 3, 1, 2, 4, 2, 1, 2, 2, 3, 3, 5, 3, 1, 5, 6, 5, 5, 6, 4, 2, 3, 6, 1, 2, 1, 2, 5, 6, 3, 3, 4, 5, 1, 3, 3, 3, 1, 4, 4, 5, 3, 3, 2, 2, 1, 2, 2, 3, 3, 2, 1, 6, 3, 3, 4, 5, 4, 3, 2, 4, 3, 4, 2, 1, 2, 3, 2, 4, 4, 3, 1, 4, 5, 4, 5, 1, 1, 1, 1, 1, 1, 1, 2, 2, 2, 2, 2, 3, 3, 3, 3, 3, 3, 3, 3, 3, 3, 3, 3, 2, 3, 5, 6, 4, 5, 1, 3, 4, 4, 4, 6, 6, 1, 4, 1, 4, 6, 3, 5, 3, 4, 3, 4, 4, 4, 6, 5, 2, 2, 6, 4, 6, 1, 1, 2, 3, 4, 1, 1, 4, 1, 4, 2, 5, 2, 5, 3, 5, 5, 6, 6, 2, 6, 6, 1, 6, 6, 1, 5, 5, 5, 1, 6, 6, 1, 5, 5, 2, 4, 4, 4, 4, 6, 4, 4, 5, 5, 5, 5, 5, 6, 6, 6, 1]);
----------
objective = 12260;
period_of = array1d(1..268, [2, 3, 4, 5, 4, 5, 1, 3, 3, 2, 3, 5, 3, 1, 3, 2, 4, 5, 4, 1, 4, 6, 4, 2, 1, 2, 4, 2, 4, 5, 1, 5, 3, 5, 1, 1, 2, 2, 2, 2, 2, 1, 1, 2, 3, 3, 3, 3, 1, 1, 1, 1, 1, 2, 2, 2, 3, 5, 2, 3, 1, 5, 2, 3, 2, 1, 6, 5, 4, 2, 1, 1, 1, 1, 1, 2, 2, 2, 5, 2, 2, 5, 3, 3, 3, 1, 2, 4, 2, 1, 2, 2, 3, 3, 5, 3, 1, 5, 6, 5, 5, 6, 4, 2, 3, 6, 1, 2, 1, 2, 5, 6, 3, 3, 4, 5, 1, 3, 3, 3, 1, 4, 4, 5, 3, 3, 2, 2, 1, 2, 2, 3, 3, 2, 1, 6, 3, 3, 4, 5, 4, 3, 2, 4, 3, 4, 2, 1, 2, 3, 2, 4, 4, 3, 1, 4, 5, 4, 5, 1, 1, 1, 1, 1, 1, 1, 2, 2, 2, 2, 2, 3, 3, 3, 3, 3, 3, 3, 3, 3, 3, 3, 3, 2, 3, 5, 6, 4, 5, 1, 3, 4, 4, 4, 6, 6, 1, 4, 1, 4, 6, 3, 5, 3, 4, 3, 4, 4, 4, 6, 5, 2, 2, 6, 4, 6, 1, 2, 3, 3, 4, 1, 1, 4, 1, 4, 2, 4, 2, 6, 3, 5, 5, 5, 5, 2, 6, 6, 1, 6, 6, 1, 5, 5, 5, 1, 6, 6, 1, 5, 5, 2, 4, 4, 4, 6, 6, 4, 4, 5, 5, 5, 5, 5, 6, 6, 6, 1]);
----------
objective = 12249;
period_of = array1d(1..268, [2, 3, 4, 5, 4, 5, 1, 3, 3, 2, 3, 5, 3, 1, 3, 2, 4, 5, 4, 1, 4, 6, 4, 2, 1, 2, 4, 2, 4, 5, 1, 5, 3, 5, 1, 1, 2, 2, 2, 2, 2, 1, 1, 2, 3, 3, 3, 3, 1, 1, 1, 1, 1, 2, 2, 2, 3, 5, 2, 3, 1, 5, 2, 3, 2, 1, 6, 5, 4, 2, 1, 1, 1, 1, 1, 2, 2, 2, 5, 2, 2, 5, 3, 3, 3, 1, 2, 4, 2, 1, 2, 2, 3, 3, 5, 3, 1, 5, 6, 5, 5, 6, 4, 2, 3, 6, 1, 2, 1, 2, 5, 6, 3, 3, 4, 5, 1, 3, 3, 3, 1, 4, 4, 5, 3, 3, 2, 2, 1, 2, 2, 3, 3, 2, 1, 6, 3, 3, 4, 5, 4, 3, 2, 4, 3, 4, 2, 1, 2, 3, 2, 4, 4, 3, 1, 4, 5, 4, 5, 1, 1, 1, 1, 1, 1, 1, 2, 2, 2, 2, 2, 3, 3, 3, 3, 3, 3, 3, 3, 3, 3, 3, 3, 2, 3, 5, 6, 4, 5, 1, 3, 4, 4, 4, 6, 6, 1, 4, 1, 4, 6, 3, 5, 3, 4, 3, 4, 4, 4, 6, 5, 2, 2, 6, 4, 6, 1, 2, 3, 3, 4, 1, 1, 4, 1, 4, 2, 4, 2, 5, 3, 5, 5, 5, 6, 2, 6, 6, 1, 6, 6, 1, 5, 5, 5, 1, 6, 6, 1, 5, 5, 2, 4, 4, 4, 6, 6, 4, 4, 5, 5, 5, 5, 5, 6, 6, 6, 1]);
----------
objective = 12247;
period_of = array1d(1..268, [2, 3, 4, 5, 4, 5, 1, 3, 3, 2, 3, 5, 3, 1, 3, 2, 4, 5, 4, 1, 4, 6, 4, 2, 1, 2, 4, 2, 4, 5, 1, 5, 3, 5, 1, 1, 2, 2, 2, 2, 2, 1, 1, 2, 3, 3, 3, 3, 1, 1, 1, 1, 1, 2, 2, 2, 3, 5, 2, 3, 1, 5, 2, 3, 2, 1, 6, 5, 4, 2, 1, 1, 1, 1, 1, 2, 2, 2, 5, 2, 2, 5, 3, 3, 3, 1, 2, 4, 2, 1, 2, 2, 3, 3, 5, 3, 1, 5, 6, 5, 5, 6, 4, 2, 3, 6, 1, 2, 1, 2, 5, 6, 3, 3, 4, 5, 1, 3, 3, 3, 1, 4, 4, 5, 3, 3, 2, 2, 1, 2, 2, 3, 3, 2, 1, 6, 3, 3, 4, 5, 4, 3, 2, 4, 3, 4, 2, 1, 2, 3, 2, 4, 4, 3, 1, 4, 5, 4, 5, 1, 1, 1, 1, 1, 1, 1, 2, 2, 2, 2, 2, 3, 3, 3, 3, 3, 3, 3, 3, 3, 3, 3, 3, 2, 3, 5, 6, 4, 5, 1, 3, 4, 4, 4, 6, 6, 1, 4, 1, 4, 6, 3, 5, 3, 4, 3, 4, 4, 4, 6, 5, 2, 2, 6, 4, 6, 1, 2, 3, 3, 4, 1, 1, 4, 1, 4, 2, 5, 2, 5, 3, 5, 5, 6, 6, 2, 6, 6, 1, 6, 6, 1, 5, 5, 5, 1, 6, 6, 1, 5, 5, 2, 4, 4, 4, 4, 6, 4, 4, 5, 5, 5, 5, 5, 6, 6, 6, 1]);
----------
objective = 12236;
period_of = array1d(1..268, [2, 3, 4, 5, 4, 5, 1, 3, 3, 2, 3, 5, 3, 1, 3, 2, 4, 5, 4, 1, 4, 6, 4, 2, 1, 2, 4, 2, 4, 5, 1, 5, 3, 5, 1, 1, 2, 2, 2, 2, 2, 1, 1, 2, 3, 3, 3, 3, 1, 1, 1, 1, 1, 2, 2, 2, 3, 5, 2, 3, 1, 5, 2, 3, 2, 1, 6, 5, 4, 2, 1, 1, 1, 1, 1, 2, 2, 2, 5, 2, 2, 5, 3, 3, 3, 1, 2, 4, 2, 1, 2, 2, 3, 3, 5, 3, 1, 5, 6, 5, 5, 6, 4, 2, 3, 6, 1, 2, 1, 2, 5, 6, 3, 3, 4, 5, 1, 3, 3, 3, 1, 4, 4, 5, 3, 3, 2, 2, 1, 2, 2, 3, 3, 2, 1, 6, 3, 3, 4, 5, 4, 3, 2, 4, 3, 4, 2, 1, 2, 3, 2, 4, 4, 3, 1, 4, 5, 4, 5, 1, 1, 1, 1, 1, 1, 1, 2, 2, 2, 2, 2, 3, 3, 3, 3, 3, 3, 3, 3, 3, 3, 3, 3, 2, 3, 5, 6, 4, 5, 1, 3, 4, 4, 4, 6, 6, 1, 4, 1, 4, 6, 3, 5, 3, 4, 3, 4, 4, 4, 6, 5, 2, 2, 6, 4, 6, 1, 2, 3, 4, 4, 1, 1, 4, 1, 4, 2, 5, 2, 3, 3, 5, 5, 5, 6, 2, 6, 6, 1, 6, 6, 1, 5, 5, 5, 1, 6, 6, 1, 5, 5, 2, 4, 4, 4, 6, 6, 4, 4, 5, 5, 5, 5, 5, 6, 6, 6, 1]);
----------
objective = 12234;
period_of = array1d(1..268, [2, 3, 4, 5, 4, 5, 1, 3, 3, 2, 3, 5, 3, 1, 3, 2, 4, 5, 4, 1, 4, 6, 4, 2, 1, 2, 4, 2, 4, 5, 1, 5, 3, 5, 1, 1, 2, 2, 2, 2, 2, 1, 1, 2, 3, 3, 3, 3, 1, 1, 1, 1, 1, 2, 2, 2, 3, 5, 2, 3, 1, 5, 2, 3, 2, 1, 6, 5, 4, 2, 1, 1, 1, 1, 1, 2, 2, 2, 5, 2, 2, 5, 3, 3, 3, 1, 2, 4, 2, 1, 2, 2, 3, 3, 5, 3, 1, 5, 6, 5, 5, 6, 4, 2, 3, 6, 1, 2, 1, 2, 5, 6, 3, 3, 4, 5, 1, 3, 3, 3, 1, 4, 4, 5, 3, 3, 2, 2, 1, 2, 2, 3, 3, 2, 1, 6, 3, 3, 4, 5, 4, 3, 2, 4, 3, 4, 2, 1, 2, 3, 2, 4, 4, 3, 1, 4, 5, 4, 5, 1, 1, 1, 1, 1, 1, 1, 2, 2, 2, 2, 2, 3, 3, 3, 3, 3, 3, 3, 3, 3, 3, 3, 3, 2, 3, 5, 6, 4, 5, 1, 3, 4, 4, 4, 6, 6, 1, 4, 1, 4, 6, 3, 5, 3, 4, 3, 4, 4, 4, 6, 5, 2, 2, 6, 4, 6, 1, 2, 3, 4, 4, 1, 1, 4, 1, 4, 2, 5, 2, 3, 3, 5, 5, 6, 6, 2, 6, 6, 1, 6, 6, 1, 5, 5, 5, 1, 6, 6, 1, 5, 5, 2, 4, 4, 4, 5, 6, 4, 4, 5, 5, 5, 5, 5, 6, 6, 6, 1]);
----------
objective = 12233;
period_of = array1d(1..268, [2, 3, 4, 5, 4, 5, 1, 3, 3, 2, 3, 5, 3, 1, 3, 2, 4, 5, 4, 1, 4, 6, 4, 2, 1, 2, 4, 2, 4, 5, 1, 5, 3, 5, 1, 1, 2, 2, 2, 2, 2, 1, 1, 2, 3, 3, 3, 3, 1, 1, 1, 1, 1, 2, 2, 2, 3, 5, 2, 3, 1, 5, 2, 3, 2, 1, 6, 5, 4, 2, 1, 1, 1, 1, 1, 2, 2, 2, 5, 2, 2, 5, 3, 3, 3, 1, 2, 4, 2, 1, 2, 2, 3, 3, 5, 3, 1, 5, 6, 5, 5, 6, 4, 2, 3, 6, 1, 2, 1, 2, 5, 6, 3, 3, 4, 5, 1, 3, 3, 3, 1, 4, 4, 5, 3, 3, 2, 2, 1, 2, 2, 3, 3, 2, 1, 6, 3, 3, 4, 5, 4, 3, 2, 4, 3, 4, 2, 1, 2, 3, 2, 4, 4, 3, 1, 4, 5, 4, 5, 1, 1, 1, 1, 1, 1, 1, 2, 2, 2, 2, 2, 3, 3, 3, 3, 3, 3, 3, 3, 3, 3, 3, 3, 2, 3, 5, 6, 4, 5, 1, 3, 4, 4, 4, 6, 6, 1, 4, 1, 4, 6, 3, 5, 3, 4, 5, 4, 4, 4, 6, 5, 2, 2, 6, 4, 6, 1, 1, 2, 3, 4, 1, 1, 4, 1, 4, 2, 4, 2, 5, 3, 5, 5, 5, 6, 2, 6, 6, 1, 6, 6, 1, 5, 5, 5, 1, 6, 6, 1, 5, 5, 2, 4, 4, 4, 6, 6, 4, 4, 5, 5, 5, 5, 5, 6, 6, 6, 1]);
----------
objective = 12232;
period_of = array1d(1..268, [2, 3, 4, 5, 4, 5, 1, 3, 3, 2, 3, 5, 3, 1, 3, 2, 4, 5, 4, 1, 4, 6, 4, 2, 1, 2, 4, 2, 4, 5, 1, 5, 3, 5, 1, 1, 2, 2, 2, 2, 2, 1, 1, 2, 3, 3, 3, 3, 1, 1, 1, 1, 1, 2, 2, 2, 3, 5, 2, 3, 1, 5, 2, 3, 2, 1, 6, 5, 4, 2, 1, 1, 1, 1, 1, 2, 2, 2, 5, 2, 2, 5, 3, 3, 3, 1, 2, 4, 2, 1, 2, 2, 3, 3, 5, 3, 1, 5, 6, 5, 5, 6, 4, 2, 3, 6, 1, 2, 1, 2, 5, 6, 3, 3, 4, 5, 1, 3, 3, 3, 1, 4, 4, 5, 3, 3, 2, 2, 1, 2, 2, 3, 3, 2, 1, 6, 3, 3, 4, 5, 4, 3, 2, 4, 3, 4, 2, 1, 2, 3, 2, 4, 4, 3, 1, 4, 5, 4, 5, 1, 1, 1, 1, 1, 1, 1, 2, 2, 2, 2, 2, 3, 3, 3, 3, 3, 3, 3, 3, 3, 3, 3, 3, 2, 3, 5, 6, 4, 5, 1, 3, 4, 4, 4, 6, 6, 1, 4, 1, 4, 6, 3, 5, 3, 4, 5, 4, 4, 4, 6, 5, 2, 2, 6, 4, 6, 1, 1, 2, 3, 4, 1, 1, 4, 1, 4, 2, 5, 2, 6, 3, 5, 5, 6, 6, 2, 6, 6, 1, 6, 6, 1, 5, 5, 5, 1, 6, 6, 1, 5, 5, 2, 4, 4, 4, 4, 5, 4, 4, 5, 5, 5, 5, 5, 6, 6, 6, 1]);
----------
objective = 12231;
period_of = array1d(1..268, [2, 3, 4, 5, 4, 5, 1, 3, 3, 2, 3, 5, 3, 1, 3, 2, 4, 5, 4, 1, 4, 6, 4, 2, 1, 2, 4, 2, 4, 5, 1, 5, 3, 5, 1, 1, 2, 2, 2, 2, 2, 1, 1, 2, 3, 3, 3, 3, 1, 1, 1, 1, 1, 2, 2, 2, 3, 5, 2, 3, 1, 5, 2, 3, 2, 1, 6, 5, 4, 2, 1, 1, 1, 1, 1, 2, 2, 2, 5, 2, 2, 5, 3, 3, 3, 1, 2, 4, 2, 1, 2, 2, 3, 3, 5, 3, 1, 5, 6, 5, 5, 6, 4, 2, 3, 6, 1, 2, 1, 2, 5, 6, 3, 3, 4, 5, 1, 3, 3, 3, 1, 4, 4, 5, 3, 3, 2, 2, 1, 2, 2, 3, 3, 2, 1, 6, 3, 3, 4, 5, 4, 3, 2, 4, 3, 4, 2, 1, 2, 3, 2, 4, 4, 3, 1, 4, 5, 4, 5, 1, 1, 1, 1, 1, 1, 1, 2, 2, 2, 2, 2, 3, 3, 3, 3, 3, 3, 3, 3, 3, 3, 3, 3, 2, 3, 5, 6, 4, 5, 1, 3, 4, 4, 4, 6, 6, 1, 4, 1, 4, 6, 3, 5, 3, 4, 5, 4, 4, 4, 6, 5, 2, 2, 6, 4, 6, 1, 1, 2, 3, 4, 1, 1, 4, 1, 4, 2, 5, 2, 5, 3, 5, 5, 6, 6, 2, 6, 6, 1, 6, 6, 1, 5, 5, 5, 1, 6, 6, 1, 5, 5, 2, 4, 4, 4, 4, 6, 4, 4, 5, 5, 5, 5, 5, 6, 6, 6, 1]);
----------
objective = 12213;
period_of = array1d(1..268, [2, 3, 4, 5, 4, 5, 1, 3, 3, 2, 3, 5, 3, 1, 3, 2, 4, 5, 4, 1, 4, 6, 4, 2, 1, 2, 4, 2, 4, 5, 1, 5, 3, 5, 1, 1, 2, 2, 2, 2, 2, 1, 1, 2, 3, 3, 3, 3, 1, 1, 1, 1, 1, 2, 2, 2, 3, 5, 2, 3, 1, 5, 2, 3, 2, 1, 6, 5, 4, 2, 1, 1, 1, 1, 1, 2, 2, 2, 5, 2, 2, 5, 3, 3, 3, 1, 2, 4, 2, 1, 2, 2, 3, 3, 5, 3, 1, 5, 6, 5, 5, 6, 4, 2, 3, 6, 1, 2, 1, 2, 5, 6, 3, 3, 4, 5, 1, 3, 3, 3, 1, 4, 4, 5, 3, 3, 2, 2, 1, 2, 2, 3, 3, 2, 1, 6, 3, 3, 4, 5, 4, 3, 2, 4, 3, 4, 2, 1, 2, 3, 2, 4, 4, 3, 1, 4, 5, 4, 5, 1, 1, 1, 1, 1, 1, 1, 2, 2, 2, 2, 2, 3, 3, 3, 3, 3, 3, 3, 3, 3, 3, 3, 3, 2, 3, 5, 6, 4, 5, 1, 3, 4, 4, 4, 6, 6, 1, 4, 1, 4, 6, 3, 5, 3, 4, 5, 4, 4, 4, 6, 5, 2, 2, 6, 4, 6, 1, 2, 3, 3, 4, 1, 1, 4, 1, 4, 2, 4, 2, 6, 3, 5, 5, 5, 5, 2, 6, 6, 1, 6, 6, 1, 5, 5, 5, 1, 6, 6, 1, 5, 5, 2, 4, 4, 4, 6, 6, 4, 4, 5, 5, 5, 5, 5, 6, 6, 6, 1]);
----------
objective = 12202;
period_of = array1d(1..268, [2, 3, 4, 5, 4, 5, 1, 3, 3, 2, 3, 5, 3, 1, 3, 2, 4, 5, 4, 1, 4, 6, 4, 2, 1, 2, 4, 2, 4, 5, 1, 5, 3, 5, 1, 1, 2, 2, 2, 2, 2, 1, 1, 2, 3, 3, 3, 3, 1, 1, 1, 1, 1, 2, 2, 2, 3, 5, 2, 3, 1, 5, 2, 3, 2, 1, 6, 5, 4, 2, 1, 1, 1, 1, 1, 2, 2, 2, 5, 2, 2, 5, 3, 3, 3, 1, 2, 4, 2, 1, 2, 2, 3, 3, 5, 3, 1, 5, 6, 5, 5, 6, 4, 2, 3, 6, 1, 2, 1, 2, 5, 6, 3, 3, 4, 5, 1, 3, 3, 3, 1, 4, 4, 5, 3, 3, 2, 2, 1, 2, 2, 3, 3, 2, 1, 6, 3, 3, 4, 5, 4, 3, 2, 4, 3, 4, 2, 1, 2, 3, 2, 4, 4, 3, 1, 4, 5, 4, 5, 1, 1, 1, 1, 1, 1, 1, 2, 2, 2, 2, 2, 3, 3, 3, 3, 3, 3, 3, 3, 3, 3, 3, 3, 2, 3, 5, 6, 4, 5, 1, 3, 4, 4, 4, 6, 6, 1, 4, 1, 4, 6, 3, 5, 3, 4, 5, 4, 4, 4, 6, 5, 2, 2, 6, 4, 6, 1, 2, 3, 3, 4, 1, 1, 4, 1, 4, 2, 4, 2, 5, 3, 5, 5, 5, 6, 2, 6, 6, 1, 6, 6, 1, 5, 5, 5, 1, 6, 6, 1, 5, 5, 2, 4, 4, 4, 6, 6, 4, 4, 5, 5, 5, 5, 5, 6, 6, 6, 1]);
----------
objective = 12200;
period_of = array1d(1..268, [2, 3, 4, 5, 4, 5, 1, 3, 3, 2, 3, 5, 3, 1, 3, 2, 4, 5, 4, 1, 4, 6, 4, 2, 1, 2, 4, 2, 4, 5, 1, 5, 3, 5, 1, 1, 2, 2, 2, 2, 2, 1, 1, 2, 3, 3, 3, 3, 1, 1, 1, 1, 1, 2, 2, 2, 3, 5, 2, 3, 1, 5, 2, 3, 2, 1, 6, 5, 4, 2, 1, 1, 1, 1, 1, 2, 2, 2, 5, 2, 2, 5, 3, 3, 3, 1, 2, 4, 2, 1, 2, 2, 3, 3, 5, 3, 1, 5, 6, 5, 5, 6, 4, 2, 3, 6, 1, 2, 1, 2, 5, 6, 3, 3, 4, 5, 1, 3, 3, 3, 1, 4, 4, 5, 3, 3, 2, 2, 1, 2, 2, 3, 3, 2, 1, 6, 3, 3, 4, 5, 4, 3, 2, 4, 3, 4, 2, 1, 2, 3, 2, 4, 4, 3, 1, 4, 5, 4, 5, 1, 1, 1, 1, 1, 1, 1, 2, 2, 2, 2, 2, 3, 3, 3, 3, 3, 3, 3, 3, 3, 3, 3, 3, 2, 3, 5, 6, 4, 5, 1, 3, 4, 4, 4, 6, 6, 1, 4, 1, 4, 6, 3, 5, 3, 4, 5, 4, 4, 4, 6, 5, 2, 2, 6, 4, 6, 1, 2, 3, 3, 4, 1, 1, 4, 1, 4, 2, 5, 2, 5, 3, 5, 5, 6, 6, 2, 6, 6, 1, 6, 6, 1, 5, 5, 5, 1, 6, 6, 1, 5, 5, 2, 4, 4, 4, 4, 6, 4, 4, 5, 5, 5, 5, 5, 6, 6, 6, 1]);
----------
objective = 12189;
period_of = array1d(1..268, [2, 3, 4, 5, 4, 5, 1, 3, 3, 2, 3, 5, 3, 1, 3, 2, 4, 5, 4, 1, 4, 6, 4, 2, 1, 2, 4, 2, 4, 5, 1, 5, 3, 5, 1, 1, 2, 2, 2, 2, 2, 1, 1, 2, 3, 3, 3, 3, 1, 1, 1, 1, 1, 2, 2, 2, 3, 5, 2, 3, 1, 5, 2, 3, 2, 1, 6, 5, 4, 2, 1, 1, 1, 1, 1, 2, 2, 2, 5, 2, 2, 5, 3, 3, 3, 1, 2, 4, 2, 1, 2, 2, 3, 3, 5, 3, 1, 5, 6, 5, 5, 6, 4, 2, 3, 6, 1, 2, 1, 2, 5, 6, 3, 3, 4, 5, 1, 3, 3, 3, 1, 4, 4, 5, 3, 3, 2, 2, 1, 2, 2, 3, 3, 2, 1, 6, 3, 3, 4, 5, 4, 3, 2, 4, 3, 4, 2, 1, 2, 3, 2, 4, 4, 3, 1, 4, 5, 4, 5, 1, 1, 1, 1, 1, 1, 1, 2, 2, 2, 2, 2, 3, 3, 3, 3, 3, 3, 3, 3, 3, 3, 3, 3, 2, 3, 5, 6, 4, 5, 1, 3, 4, 4, 4, 6, 6, 1, 4, 1, 4, 6, 3, 5, 3, 4, 5, 4, 4, 4, 6, 5, 2, 2, 6, 4, 6, 1, 2, 3, 4, 4, 1, 1, 4, 1, 4, 2, 5, 2, 3, 3, 5, 5, 5, 6, 2, 6, 6, 1, 6, 6, 1, 5, 5, 5, 1, 6, 6, 1, 5, 5, 2, 4, 4, 4, 6, 6, 4, 4, 5, 5, 5, 5, 5, 6, 6, 6, 1]);
----------
objective = 12187;
period_of = array1d(1..268, [2, 3, 4, 5, 4, 5, 1, 3, 3, 2, 3, 5, 3, 1, 3, 2, 4, 5, 4, 1, 4, 6, 4, 2, 1, 2, 4, 2, 4, 5, 1, 5, 3, 5, 1, 1, 2, 2, 2, 2, 2, 1, 1, 2, 3, 3, 3, 3, 1, 1, 1, 1, 1, 2, 2, 2, 3, 5, 2, 3, 1, 5, 2, 3, 2, 1, 6, 5, 4, 2, 1, 1, 1, 1, 1, 2, 2, 2, 5, 2, 2, 5, 3, 3, 3, 1, 2, 4, 2, 1, 2, 2, 3, 3, 5, 3, 1, 5, 6, 5, 5, 6, 4, 2, 3, 6, 1, 2, 1, 2, 5, 6, 3, 3, 4, 5, 1, 3, 3, 3, 1, 4, 4, 5, 3, 3, 2, 2, 1, 2, 2, 3, 3, 2, 1, 6, 3, 3, 4, 5, 4, 3, 2, 4, 3, 4, 2, 1, 2, 3, 2, 4, 4, 3, 1, 4, 5, 4, 5, 1, 1, 1, 1, 1, 1, 1, 2, 2, 2, 2, 2, 3, 3, 3, 3, 3, 3, 3, 3, 3, 3, 3, 3, 2, 3, 5, 6, 4, 5, 1, 3, 4, 4, 4, 6, 6, 1, 4, 1, 4, 6, 3, 5, 3, 4, 5, 4, 4, 4, 6, 5, 2, 2, 6, 4, 6, 1, 2, 3, 4, 4, 1, 1, 4, 1, 4, 2, 5, 2, 3, 3, 5, 5, 6, 6, 2, 6, 6, 1, 6, 6, 1, 5, 5, 5, 1, 6, 6, 1, 5, 5, 2, 4, 4, 4, 5, 6, 4, 4, 5, 5, 5, 5, 5, 6, 6, 6, 1]);
----------
objective = 12179;
period_of = array1d(1..268, [2, 3, 4, 5, 4, 5, 1, 3, 3, 2, 3, 5, 3, 1, 3, 2, 4, 5, 4, 1, 4, 6, 4, 2, 1, 2, 4, 2, 4, 5, 1, 5, 3, 5, 1, 1, 2, 2, 2, 2, 2, 1, 1, 2, 3, 3, 3, 3, 1, 1, 1, 1, 1, 2, 2, 2, 3, 5, 2, 3, 1, 5, 2, 3, 2, 1, 6, 5, 4, 2, 1, 1, 1, 1, 1, 2, 2, 2, 5, 2, 2, 5, 3, 3, 3, 1, 2, 4, 2, 1, 2, 2, 3, 3, 5, 3, 1, 5, 6, 5, 5, 6, 4, 2, 3, 6, 1, 2, 1, 2, 5, 6, 3, 3, 4, 5, 1, 3, 3, 3, 1, 4, 4, 5, 3, 3, 2, 2, 1, 2, 2, 3, 3, 2, 1, 6, 3, 3, 4, 5, 4, 3, 2, 4, 3, 4, 2, 1, 2, 3, 2, 4, 4, 3, 1, 4, 5, 4, 5, 1, 1, 1, 1, 1, 1, 1, 2, 2, 2, 2, 2, 3, 3, 3, 3, 3, 3, 3, 3, 3, 3, 3, 3, 2, 3, 5, 6, 4, 5, 1, 3, 4, 4, 4, 6, 6, 1, 4, 1, 4, 6, 3, 5, 3, 4, 6, 4, 4, 4, 6, 5, 2, 2, 6, 4, 6, 1, 3, 3, 3, 3, 1, 1, 4, 1, 4, 2, 4, 2, 5, 2, 4, 5, 5, 5, 2, 6, 6, 1, 6, 6, 1, 5, 5, 5, 1, 6, 6, 1, 5, 5, 2, 4, 4, 4, 6, 6, 4, 4, 5, 5, 5, 5, 5, 6, 6, 6, 1]);
----------
objective = 12167;
period_of = array1d(1..268, [2, 3, 4, 5, 4, 5, 1, 3, 3, 2, 3, 5, 3, 1, 3, 2, 4, 5, 4, 1, 4, 6, 4, 2, 1, 2, 4, 2, 4, 5, 1, 5, 3, 5, 1, 1, 2, 2, 2, 2, 2, 1, 1, 2, 3, 3, 3, 3, 1, 1, 1, 1, 1, 2, 2, 2, 3, 5, 2, 3, 1, 5, 2, 3, 2, 1, 6, 5, 4, 2, 1, 1, 1, 1, 1, 2, 2, 2, 5, 2, 2, 5, 3, 3, 3, 1, 2, 4, 2, 1, 2, 2, 3, 3, 5, 3, 1, 5, 6, 5, 5, 6, 4, 2, 3, 6, 1, 2, 1, 2, 5, 6, 3, 3, 4, 5, 1, 3, 3, 3, 1, 4, 4, 5, 3, 3, 2, 2, 1, 2, 2, 3, 3, 2, 1, 6, 3, 3, 4, 5, 4, 3, 2, 4, 3, 4, 2, 1, 2, 3, 2, 4, 4, 3, 1, 4, 5, 4, 5, 1, 1, 1, 1, 1, 1, 1, 2, 2, 2, 2, 2, 3, 3, 3, 3, 3, 3, 3, 3, 3, 3, 3, 3, 2, 3, 5, 6, 4, 5, 1, 3, 4, 4, 4, 6, 6, 1, 4, 1, 4, 6, 3, 5, 3, 4, 6, 4, 4, 4, 6, 5, 2, 2, 6, 4, 6, 1, 3, 3, 3, 3, 1, 1, 4, 1, 4, 2, 4, 2, 6, 2, 4, 5, 5, 5, 2, 6, 6, 1, 6, 6, 1, 5, 5, 5, 1, 6, 6, 1, 5, 5, 2, 4, 4, 4, 6, 6, 4, 4, 5, 5, 5, 5, 5, 6, 6, 6, 1]);
----------
objective = 12165;
period_of = array1d(1..268, [2, 3, 4, 5, 4, 5, 1, 3, 3, 2, 3, 5, 3, 1, 3, 2, 4, 5, 4, 1, 4, 6, 4, 2, 1, 2, 4, 2, 4, 5, 1, 5, 3, 5, 1, 1, 2, 2, 2, 2, 2, 1, 1, 2, 3, 3, 3, 3, 1, 1, 1, 1, 1, 2, 2, 2, 3, 5, 2, 3, 1, 5, 2, 3, 2, 1, 6, 5, 4, 2, 1, 1, 1, 1, 1, 2, 2, 2, 5, 2, 2, 5, 3, 3, 3, 1, 2, 4, 2, 1, 2, 2, 3, 3, 5, 3, 1, 5, 6, 5, 5, 6, 4, 2, 3, 6, 1, 2, 1, 2, 5, 6, 3, 3, 4, 5, 1, 3, 3, 3, 1, 4, 4, 5, 3, 3, 2, 2, 1, 2, 2, 3, 3, 2, 1, 6, 3, 3, 4, 5, 4, 3, 2, 4, 3, 4, 2, 1, 2, 3, 2, 4, 4, 3, 1, 4, 5, 4, 5, 1, 1, 1, 1, 1, 1, 1, 2, 2, 2, 2, 2, 3, 3, 3, 3, 3, 3, 3, 3, 3, 3, 3, 3, 2, 3, 5, 6, 4, 5, 1, 3, 4, 4, 4, 6, 6, 1, 4, 1, 4, 6, 3, 5, 3, 4, 6, 4, 4, 4, 6, 5, 2, 2, 6, 4, 6, 1, 3, 3, 3, 3, 1, 1, 4, 1, 4, 2, 4, 2, 4, 2, 5, 5, 5, 6, 2, 6, 6, 1, 6, 6, 1, 5, 5, 5, 1, 6, 6, 1, 5, 5, 2, 4, 4, 4, 5, 6, 4, 4, 5, 5, 5, 5, 5, 6, 6, 6, 1]);
----------
objective = 12156;
period_of = array1d(1..268, [2, 3, 4, 5, 4, 5, 1, 3, 3, 2, 3, 5, 3, 1, 3, 2, 4, 5, 4, 1, 4, 6, 4, 2, 1, 2, 4, 2, 4, 5, 1, 5, 3, 5, 1, 1, 2, 2, 2, 2, 2, 1, 1, 2, 3, 3, 3, 3, 1, 1, 1, 1, 1, 2, 2, 2, 3, 5, 2, 3, 1, 5, 2, 3, 2, 1, 6, 5, 4, 2, 1, 1, 1, 1, 1, 2, 2, 2, 5, 2, 2, 5, 3, 3, 3, 1, 2, 4, 2, 1, 2, 2, 3, 3, 5, 3, 1, 5, 6, 5, 5, 6, 4, 2, 3, 6, 1, 2, 1, 2, 5, 6, 3, 3, 4, 5, 1, 3, 3, 3, 1, 4, 4, 5, 3, 3, 2, 2, 1, 2, 2, 3, 3, 2, 1, 6, 3, 3, 4, 5, 4, 3, 2, 4, 3, 4, 2, 1, 2, 3, 2, 4, 4, 3, 1, 4, 5, 4, 5, 1, 1, 1, 1, 1, 1, 1, 2, 2, 2, 2, 2, 3, 3, 3, 3, 3, 3, 3, 3, 3, 3, 3, 3, 2, 3, 5, 6, 4, 5, 1, 3, 4, 4, 4, 6, 6, 1, 4, 1, 4, 6, 3, 5, 3, 4, 6, 4, 4, 4, 6, 5, 2, 2, 6, 4, 6, 1, 3, 3, 3, 3, 1, 1, 4, 1, 4, 2, 4, 2, 4, 2, 5, 5, 5, 6, 2, 6, 6, 1, 6, 6, 1, 5, 5, 5, 1, 6, 6, 1, 5, 5, 2, 4, 4, 4, 6, 6, 4, 4, 5, 5, 5, 5, 5, 6, 6, 6, 1]);
----------
objective = 12155;
period_of = array1d(1..268, [2, 3, 4, 5, 4, 5, 1, 3, 3, 2, 3, 5, 3, 1, 3, 2, 4, 5, 4, 1, 4, 6, 4, 2, 1, 2, 4, 2, 4, 5, 1, 5, 3, 5, 1, 1, 2, 2, 2, 2, 2, 1, 1, 2, 3, 3, 3, 3, 1, 1, 1, 1, 1, 2, 2, 2, 3, 5, 2, 3, 1, 5, 2, 3, 2, 1, 6, 5, 4, 2, 1, 1, 1, 1, 1, 2, 2, 2, 5, 2, 2, 5, 3, 3, 3, 1, 2, 4, 2, 1, 2, 2, 3, 3, 5, 3, 1, 5, 6, 5, 5, 6, 4, 2, 3, 6, 1, 2, 1, 2, 5, 6, 3, 3, 4, 5, 1, 3, 3, 3, 1, 4, 4, 5, 3, 3, 2, 2, 1, 2, 2, 3, 3, 2, 1, 6, 3, 3, 4, 5, 4, 3, 2, 4, 3, 4, 2, 1, 2, 3, 2, 4, 4, 3, 1, 4, 5, 4, 5, 1, 1, 1, 1, 1, 1, 1, 2, 2, 2, 2, 2, 3, 3, 3, 3, 3, 3, 3, 3, 3, 3, 3, 3, 2, 3, 5, 6, 4, 5, 1, 3, 4, 4, 4, 6, 6, 1, 4, 1, 4, 6, 3, 5, 3, 4, 6, 4, 4, 4, 6, 5, 2, 2, 6, 4, 6, 1, 3, 3, 3, 3, 1, 1, 4, 1, 4, 2, 5, 2, 5, 2, 5, 5, 6, 6, 2, 6, 6, 1, 6, 6, 1, 5, 5, 5, 1, 6, 6, 1, 5, 5, 2, 4, 4, 4, 4, 4, 4, 4, 5, 5, 5, 5, 5, 6, 6, 6, 1]);
----------
objective = 12154;
period_of = array1d(1..268, [2, 3, 4, 5, 4, 5, 1, 3, 3, 2, 3, 5, 3, 1, 3, 2, 4, 5, 4, 1, 4, 6, 4, 2, 1, 2, 4, 2, 4, 5, 1, 5, 3, 5, 1, 1, 2, 2, 2, 2, 2, 1, 1, 2, 3, 3, 3, 3, 1, 1, 1, 1, 1, 2, 2, 2, 3, 5, 2, 3, 1, 5, 2, 3, 2, 1, 6, 5, 4, 2, 1, 1, 1, 1, 1, 2, 2, 2, 5, 2, 2, 5, 3, 3, 3, 1, 2, 4, 2, 1, 2, 2, 3, 3, 5, 3, 1, 5, 6, 5, 5, 6, 4, 2, 3, 6, 1, 2, 1, 2, 5, 6, 3, 3, 4, 5, 1, 3, 3, 3, 1, 4, 4, 5, 3, 3, 2, 2, 1, 2, 2, 3, 3, 2, 1, 6, 3, 3, 4, 5, 4, 3, 2, 4, 3, 4, 2, 1, 2, 3, 2, 4, 4, 3, 1, 4, 5, 4, 5, 1, 1, 1, 1, 1, 1, 1, 2, 2, 2, 2, 2, 3, 3, 3, 3, 3, 3, 3, 3, 3, 3, 3, 3, 2, 3, 5, 6, 4, 5, 1, 3, 4, 4, 4, 6, 6, 1, 4, 1, 4, 6, 3, 5, 3, 4, 6, 4, 4, 4, 6, 5, 2, 2, 6, 4, 6, 1, 3, 3, 3, 4, 1, 1, 4, 1, 4, 2, 5, 2, 3, 2, 5, 5, 6, 6, 2, 6, 6, 1, 6, 6, 1, 5, 5, 5, 1, 6, 6, 1, 5, 5, 2, 4, 4, 4, 4, 6, 4, 4, 5, 5, 5, 5, 5, 6, 6, 6, 1]);
----------
objective = 12151;
period_of = array1d(1..268, [2, 3, 4, 5, 4, 5, 1, 3, 3, 2, 3, 5, 3, 1, 3, 2, 4, 5, 4, 1, 4, 6, 4, 2, 1, 2, 4, 2, 4, 5, 1, 5, 3, 5, 1, 1, 2, 2, 2, 2, 2, 1, 1, 2, 3, 3, 3, 3, 1, 1, 1, 1, 1, 2, 2, 2, 3, 5, 2, 3, 1, 5, 2, 3, 2, 1, 6, 5, 4, 2, 1, 1, 1, 1, 1, 2, 2, 2, 5, 2, 2, 5, 3, 3, 3, 1, 2, 4, 2, 1, 2, 2, 3, 3, 5, 3, 1, 5, 6, 5, 5, 6, 4, 2, 3, 6, 1, 2, 1, 2, 5, 6, 3, 3, 4, 5, 1, 3, 3, 3, 1, 4, 4, 5, 3, 3, 2, 2, 1, 2, 2, 3, 3, 2, 1, 6, 3, 3, 4, 5, 4, 3, 2, 4, 3, 4, 2, 1, 2, 3, 2, 4, 4, 3, 1, 4, 5, 4, 5, 1, 1, 1, 1, 1, 1, 1, 2, 2, 2, 2, 2, 3, 3, 3, 3, 3, 3, 3, 3, 3, 3, 3, 3, 2, 3, 5, 6, 4, 5, 1, 3, 4, 4, 4, 6, 6, 1, 4, 1, 4, 6, 3, 5, 3, 4, 6, 4, 4, 4, 6, 5, 2, 2, 6, 4, 6, 1, 1, 2, 2, 3, 1, 1, 4, 1, 4, 2, 4, 2, 4, 3, 5, 5, 5, 6, 2, 6, 6, 1, 6, 6, 1, 5, 5, 5, 1, 6, 6, 1, 5, 5, 2, 4, 4, 4, 6, 6, 4, 4, 5, 5, 5, 5, 5, 6, 6, 6, 1]);
----------
objective = 12150;
period_of = array1d(1..268, [2, 3, 4, 5, 4, 5, 1, 3, 3, 2, 3, 5, 3, 1, 3, 2, 4, 5, 4, 1, 4, 6, 4, 2, 1, 2, 4, 2, 4, 5, 1, 5, 3, 5, 1, 1, 2, 2, 2, 2, 2, 1, 1, 2, 3, 3, 3, 3, 1, 1, 1, 1, 1, 2, 2, 2, 3, 5, 2, 3, 1, 5, 2, 3, 2, 1, 6, 5, 4, 2, 1, 1, 1, 1, 1, 2, 2, 2, 5, 2, 2, 5, 3, 3, 3, 1, 2, 4, 2, 1, 2, 2, 3, 3, 5, 3, 1, 5, 6, 5, 5, 6, 4, 2, 3, 6, 1, 2, 1, 2, 5, 6, 3, 3, 4, 5, 1, 3, 3, 3, 1, 4, 4, 5, 3, 3, 2, 2, 1, 2, 2, 3, 3, 2, 1, 6, 3, 3, 4, 5, 4, 3, 2, 4, 3, 4, 2, 1, 2, 3, 2, 4, 4, 3, 1, 4, 5, 4, 5, 1, 1, 1, 1, 1, 1, 1, 2, 2, 2, 2, 2, 3, 3, 3, 3, 3, 3, 3, 3, 3, 3, 3, 3, 2, 3, 5, 6, 4, 5, 1, 3, 4, 4, 4, 6, 6, 1, 4, 1, 4, 6, 3, 5, 3, 4, 6, 4, 4, 4, 6, 5, 2, 2, 6, 4, 6, 1, 1, 2, 2, 3, 1, 1, 4, 1, 4, 2, 5, 2, 5, 3, 5, 5, 6, 6, 2, 6, 6, 1, 6, 6, 1, 5, 5, 5, 1, 6, 6, 1, 5, 5, 2, 4, 4, 4, 4, 4, 4, 4, 5, 5, 5, 5, 5, 6, 6, 6, 1]);
----------
objective = 12143;
period_of = array1d(1..268, [2, 3, 4, 5, 4, 5, 1, 3, 3, 2, 3, 5, 3, 1, 3, 2, 4, 5, 4, 1, 4, 6, 4, 2, 1, 2, 4, 2, 4, 5, 1, 5, 3, 5, 1, 1, 2, 2, 2, 2, 2, 1, 1, 2, 3, 3, 3, 3, 1, 1, 1, 1, 1, 2, 2, 2, 3, 5, 2, 3, 1, 5, 2, 3, 2, 1, 6, 5, 4, 2, 1, 1, 1, 1, 1, 2, 2, 2, 5, 2, 2, 5, 3, 3, 3, 1, 2, 4, 2, 1, 2, 2, 3, 3, 5, 3, 1, 5, 6, 5, 5, 6, 4, 2, 3, 6, 1, 2, 1, 2, 5, 6, 3, 3, 4, 5, 1, 3, 3, 3, 1, 4, 4, 5, 3, 3, 2, 2, 1, 2, 2, 3, 3, 2, 1, 6, 3, 3, 4, 5, 4, 3, 2, 4, 3, 4, 2, 1, 2, 3, 2, 4, 4, 3, 1, 4, 5, 4, 5, 1, 1, 1, 1, 1, 1, 1, 2, 2, 2, 2, 2, 3, 3, 3, 3, 3, 3, 3, 3, 3, 3, 3, 3, 2, 3, 5, 6, 4, 5, 1, 3, 4, 4, 4, 6, 6, 1, 4, 1, 4, 6, 3, 5, 3, 4, 6, 4, 4, 4, 6, 5, 2, 2, 6, 4, 6, 1, 1, 2, 3, 3, 1, 1, 4, 1, 4, 2, 4, 2, 5, 3, 4, 5, 5, 5, 2, 6, 6, 1, 6, 6, 1, 5, 5, 5, 1, 6, 6, 1, 5, 5, 2, 4, 4, 4, 6, 6, 4, 4, 5, 5, 5, 5, 5, 6, 6, 6, 1]);
----------
objective = 12131;
period_of = array1d(1..268, [2, 3, 4, 5, 4, 5, 1, 3, 3, 2, 3, 5, 3, 1, 3, 2, 4, 5, 4, 1, 4, 6, 4, 2, 1, 2, 4, 2, 4, 5, 1, 5, 3, 5, 1, 1, 2, 2, 2, 2, 2, 1, 1, 2, 3, 3, 3, 3, 1, 1, 1, 1, 1, 2, 2, 2, 3, 5, 2, 3, 1, 5, 2, 3, 2, 1, 6, 5, 4, 2, 1, 1, 1, 1, 1, 2, 2, 2, 5, 2, 2, 5, 3, 3, 3, 1, 2, 4, 2, 1, 2, 2, 3, 3, 5, 3, 1, 5, 6, 5, 5, 6, 4, 2, 3, 6, 1, 2, 1, 2, 5, 6, 3, 3, 4, 5, 1, 3, 3, 3, 1, 4, 4, 5, 3, 3, 2, 2, 1, 2, 2, 3, 3, 2, 1, 6, 3, 3, 4, 5, 4, 3, 2, 4, 3, 4, 2, 1, 2, 3, 2, 4, 4, 3, 1, 4, 5, 4, 5, 1, 1, 1, 1, 1, 1, 1, 2, 2, 2, 2, 2, 3, 3, 3, 3, 3, 3, 3, 3, 3, 3, 3, 3, 2, 3, 5, 6, 4, 5, 1, 3, 4, 4, 4, 6, 6, 1, 4, 1, 4, 6, 3, 5, 3, 4, 6, 4, 4, 4, 6, 5, 2, 2, 6, 4, 6, 1, 1, 2, 3, 3, 1, 1, 4, 1, 4, 2, 4, 2, 6, 3, 4, 5, 5, 5, 2, 6, 6, 1, 6, 6, 1, 5, 5, 5, 1, 6, 6, 1, 5, 5, 2, 4, 4, 4, 6, 6, 4, 4, 5, 5, 5, 5, 5, 6, 6, 6, 1]);
----------
objective = 12129;
period_of = array1d(1..268, [2, 3, 4, 5, 4, 5, 1, 3, 3, 2, 3, 5, 3, 1, 3, 2, 4, 5, 4, 1, 4, 6, 4, 2, 1, 2, 4, 2, 4, 5, 1, 5, 3, 5, 1, 1, 2, 2, 2, 2, 2, 1, 1, 2, 3, 3, 3, 3, 1, 1, 1, 1, 1, 2, 2, 2, 3, 5, 2, 3, 1, 5, 2, 3, 2, 1, 6, 5, 4, 2, 1, 1, 1, 1, 1, 2, 2, 2, 5, 2, 2, 5, 3, 3, 3, 1, 2, 4, 2, 1, 2, 2, 3, 3, 5, 3, 1, 5, 6, 5, 5, 6, 4, 2, 3, 6, 1, 2, 1, 2, 5, 6, 3, 3, 4, 5, 1, 3, 3, 3, 1, 4, 4, 5, 3, 3, 2, 2, 1, 2, 2, 3, 3, 2, 1, 6, 3, 3, 4, 5, 4, 3, 2, 4, 3, 4, 2, 1, 2, 3, 2, 4, 4, 3, 1, 4, 5, 4, 5, 1, 1, 1, 1, 1, 1, 1, 2, 2, 2, 2, 2, 3, 3, 3, 3, 3, 3, 3, 3, 3, 3, 3, 3, 2, 3, 5, 6, 4, 5, 1, 3, 4, 4, 4, 6, 6, 1, 4, 1, 4, 6, 3, 5, 3, 4, 6, 4, 4, 4, 6, 5, 2, 2, 6, 4, 6, 1, 1, 2, 3, 3, 1, 1, 4, 1, 4, 2, 4, 2, 4, 3, 5, 5, 5, 6, 2, 6, 6, 1, 6, 6, 1, 5, 5, 5, 1, 6, 6, 1, 5, 5, 2, 4, 4, 4, 5, 6, 4, 4, 5, 5, 5, 5, 5, 6, 6, 6, 1]);
----------
objective = 12120;
period_of = array1d(1..268, [2, 3, 4, 5, 4, 5, 1, 3, 3, 2, 3, 5, 3, 1, 3, 2, 4, 5, 4, 1, 4, 6, 4, 2, 1, 2, 4, 2, 4, 5, 1, 5, 3, 5, 1, 1, 2, 2, 2, 2, 2, 1, 1, 2, 3, 3, 3, 3, 1, 1, 1, 1, 1, 2, 2, 2, 3, 5, 2, 3, 1, 5, 2, 3, 2, 1, 6, 5, 4, 2, 1, 1, 1, 1, 1, 2, 2, 2, 5, 2, 2, 5, 3, 3, 3, 1, 2, 4, 2, 1, 2, 2, 3, 3, 5, 3, 1, 5, 6, 5, 5, 6, 4, 2, 3, 6, 1, 2, 1, 2, 5, 6, 3, 3, 4, 5, 1, 3, 3, 3, 1, 4, 4, 5, 3, 3, 2, 2, 1, 2, 2, 3, 3, 2, 1, 6, 3, 3, 4, 5, 4, 3, 2, 4, 3, 4, 2, 1, 2, 3, 2, 4, 4, 3, 1, 4, 5, 4, 5, 1, 1, 1, 1, 1, 1, 1, 2, 2, 2, 2, 2, 3, 3, 3, 3, 3, 3, 3, 3, 3, 3, 3, 3, 2, 3, 5, 6, 4, 5, 1, 3, 4, 4, 4, 6, 6, 1, 4, 1, 4, 6, 3, 5, 3, 4, 6, 4, 4, 4, 6, 5, 2, 2, 6, 4, 6, 1, 1, 2, 3, 3, 1, 1, 4, 1, 4, 2, 4, 2, 4, 3, 5, 5, 5, 6, 2, 6, 6, 1, 6, 6, 1, 5, 5, 5, 1, 6, 6, 1, 5, 5, 2, 4, 4, 4, 6, 6, 4, 4, 5, 5, 5, 5, 5, 6, 6, 6, 1]);
----------
objective = 12119;
period_of = array1d(1..268, [2, 3, 4, 5, 4, 5, 1, 3, 3, 2, 3, 5, 3, 1, 3, 2, 4, 5, 4, 1, 4, 6, 4, 2, 1, 2, 4, 2, 4, 5, 1, 5, 3, 5, 1, 1, 2, 2, 2, 2, 2, 1, 1, 2, 3, 3, 3, 3, 1, 1, 1, 1, 1, 2, 2, 2, 3, 5, 2, 3, 1, 5, 2, 3, 2, 1, 6, 5, 4, 2, 1, 1, 1, 1, 1, 2, 2, 2, 5, 2, 2, 5, 3, 3, 3, 1, 2, 4, 2, 1, 2, 2, 3, 3, 5, 3, 1, 5, 6, 5, 5, 6, 4, 2, 3, 6, 1, 2, 1, 2, 5, 6, 3, 3, 4, 5, 1, 3, 3, 3, 1, 4, 4, 5, 3, 3, 2, 2, 1, 2, 2, 3, 3, 2, 1, 6, 3, 3, 4, 5, 4, 3, 2, 4, 3, 4, 2, 1, 2, 3, 2, 4, 4, 3, 1, 4, 5, 4, 5, 1, 1, 1, 1, 1, 1, 1, 2, 2, 2, 2, 2, 3, 3, 3, 3, 3, 3, 3, 3, 3, 3, 3, 3, 2, 3, 5, 6, 4, 5, 1, 3, 4, 4, 4, 6, 6, 1, 4, 1, 4, 6, 3, 5, 3, 4, 6, 4, 4, 4, 6, 5, 2, 2, 6, 4, 6, 1, 1, 2, 3, 3, 1, 1, 4, 1, 4, 2, 5, 2, 5, 3, 5, 5, 6, 6, 2, 6, 6, 1, 6, 6, 1, 5, 5, 5, 1, 6, 6, 1, 5, 5, 2, 4, 4, 4, 4, 4, 4, 4, 5, 5, 5, 5, 5, 6, 6, 6, 1]);
----------
objective = 12101;
period_of = array1d(1..268, [2, 3, 4, 5, 4, 5, 1, 3, 3, 2, 3, 5, 3, 1, 3, 2, 4, 5, 4, 1, 4, 6, 4, 2, 1, 2, 4, 2, 4, 5, 1, 5, 3, 5, 1, 1, 2, 2, 2, 2, 2, 1, 1, 2, 3, 3, 3, 3, 1, 1, 1, 1, 1, 2, 2, 2, 3, 5, 2, 3, 1, 5, 2, 3, 2, 1, 6, 5, 4, 2, 1, 1, 1, 1, 1, 2, 2, 2, 5, 2, 2, 5, 3, 3, 3, 1, 2, 4, 2, 1, 2, 2, 3, 3, 5, 3, 1, 5, 6, 5, 5, 6, 4, 2, 3, 6, 1, 2, 1, 2, 5, 6, 3, 3, 4, 5, 1, 3, 3, 3, 1, 4, 4, 5, 3, 3, 2, 2, 1, 2, 2, 3, 3, 2, 1, 6, 3, 3, 4, 5, 4, 3, 2, 4, 3, 4, 2, 1, 2, 3, 2, 4, 4, 3, 1, 4, 5, 4, 5, 1, 1, 1, 1, 1, 1, 1, 2, 2, 2, 2, 2, 3, 3, 3, 3, 3, 3, 3, 3, 3, 3, 3, 3, 2, 3, 5, 6, 4, 5, 1, 3, 4, 4, 4, 6, 6, 1, 4, 1, 4, 6, 3, 5, 3, 4, 6, 4, 4, 4, 6, 5, 2, 2, 6, 4, 6, 1, 1, 2, 3, 4, 1, 1, 4, 1, 4, 2, 4, 2, 6, 3, 5, 5, 5, 5, 2, 6, 6, 1, 6, 6, 1, 5, 5, 5, 1, 6, 6, 1, 5, 5, 2, 4, 4, 4, 6, 6, 4, 4, 5, 5, 5, 5, 5, 6, 6, 6, 1]);
----------
objective = 12093;
period_of = array1d(1..268, [2, 3, 4, 5, 4, 5, 1, 3, 3, 2, 3, 5, 3, 1, 3, 2, 4, 5, 4, 1, 4, 6, 4, 2, 1, 2, 4, 2, 4, 5, 1, 5, 3, 5, 1, 1, 2, 2, 2, 2, 2, 1, 1, 2, 3, 3, 3, 3, 1, 1, 1, 1, 1, 2, 2, 2, 3, 5, 2, 3, 1, 5, 2, 3, 2, 1, 6, 5, 4, 2, 1, 1, 1, 1, 1, 2, 2, 2, 5, 2, 2, 5, 3, 3, 3, 1, 2, 4, 2, 1, 2, 2, 3, 3, 5, 3, 1, 5, 6, 5, 5, 6, 4, 2, 3, 6, 1, 2, 1, 2, 5, 6, 3, 3, 4, 5, 1, 3, 3, 3, 1, 4, 4, 5, 3, 3, 2, 2, 1, 2, 2, 3, 3, 2, 1, 6, 3, 3, 4, 5, 4, 3, 2, 4, 3, 4, 2, 1, 2, 3, 2, 4, 4, 3, 1, 4, 5, 4, 5, 1, 1, 1, 1, 1, 1, 1, 2, 2, 2, 2, 2, 3, 3, 3, 3, 3, 3, 3, 3, 3, 3, 3, 3, 2, 3, 5, 6, 4, 5, 1, 3, 4, 4, 4, 6, 6, 1, 4, 1, 4, 6, 3, 5, 3, 4, 6, 4, 4, 4, 6, 5, 2, 2, 6, 4, 6, 1, 1, 2, 3, 4, 1, 1, 4, 1, 4, 2, 4, 2, 6, 3, 5, 5, 5, 6, 2, 6, 6, 1, 6, 6, 1, 5, 5, 5, 1, 6, 6, 1, 5, 5, 2, 4, 4, 4, 5, 6, 4, 4, 5, 5, 5, 5, 5, 6, 6, 6, 1]);
----------
objective = 12090;
period_of = array1d(1..268, [2, 3, 4, 5, 4, 5, 1, 3, 3, 2, 3, 5, 3, 1, 3, 2, 4, 5, 4, 1, 4, 6, 4, 2, 1, 2, 4, 2, 4, 5, 1, 5, 3, 5, 1, 1, 2, 2, 2, 2, 2, 1, 1, 2, 3, 3, 3, 3, 1, 1, 1, 1, 1, 2, 2, 2, 3, 5, 2, 3, 1, 5, 2, 3, 2, 1, 6, 5, 4, 2, 1, 1, 1, 1, 1, 2, 2, 2, 5, 2, 2, 5, 3, 3, 3, 1, 2, 4, 2, 1, 2, 2, 3, 3, 5, 3, 1, 5, 6, 5, 5, 6, 4, 2, 3, 6, 1, 2, 1, 2, 5, 6, 3, 3, 4, 5, 1, 3, 3, 3, 1, 4, 4, 5, 3, 3, 2, 2, 1, 2, 2, 3, 3, 2, 1, 6, 3, 3, 4, 5, 4, 3, 2, 4, 3, 4, 2, 1, 2, 3, 2, 4, 4, 3, 1, 4, 5, 4, 5, 1, 1, 1, 1, 1, 1, 1, 2, 2, 2, 2, 2, 3, 3, 3, 3, 3, 3, 3, 3, 3, 3, 3, 3, 2, 3, 5, 6, 4, 5, 1, 3, 4, 4, 4, 6, 6, 1, 4, 1, 4, 6, 3, 5, 3, 4, 6, 4, 4, 4, 6, 5, 2, 2, 6, 4, 6, 1, 1, 2, 3, 4, 1, 1, 4, 1, 4, 2, 4, 2, 5, 3, 5, 5, 5, 6, 2, 6, 6, 1, 6, 6, 1, 5, 5, 5, 1, 6, 6, 1, 5, 5, 2, 4, 4, 4, 6, 6, 4, 4, 5, 5, 5, 5, 5, 6, 6, 6, 1]);
----------
objective = 12089;
period_of = array1d(1..268, [2, 3, 4, 5, 4, 5, 1, 3, 3, 2, 3, 5, 3, 1, 3, 2, 4, 5, 4, 1, 4, 6, 4, 2, 1, 2, 4, 2, 4, 5, 1, 5, 3, 5, 1, 1, 2, 2, 2, 2, 2, 1, 1, 2, 3, 3, 3, 3, 1, 1, 1, 1, 1, 2, 2, 2, 3, 5, 2, 3, 1, 5, 2, 3, 2, 1, 6, 5, 4, 2, 1, 1, 1, 1, 1, 2, 2, 2, 5, 2, 2, 5, 3, 3, 3, 1, 2, 4, 2, 1, 2, 2, 3, 3, 5, 3, 1, 5, 6, 5, 5, 6, 4, 2, 3, 6, 1, 2, 1, 2, 5, 6, 3, 3, 4, 5, 1, 3, 3, 3, 1, 4, 4, 5, 3, 3, 2, 2, 1, 2, 2, 3, 3, 2, 1, 6, 3, 3, 4, 5, 4, 3, 2, 4, 3, 4, 2, 1, 2, 3, 2, 4, 4, 3, 1, 4, 5, 4, 5, 1, 1, 1, 1, 1, 1, 1, 2, 2, 2, 2, 2, 3, 3, 3, 3, 3, 3, 3, 3, 3, 3, 3, 3, 2, 3, 5, 6, 4, 5, 1, 3, 4, 4, 4, 6, 6, 1, 4, 1, 4, 6, 3, 5, 3, 4, 6, 4, 4, 4, 6, 5, 2, 2, 6, 4, 6, 1, 1, 2, 3, 4, 1, 1, 4, 1, 4, 2, 5, 2, 6, 3, 5, 5, 6, 6, 2, 6, 6, 1, 6, 6, 1, 5, 5, 5, 1, 6, 6, 1, 5, 5, 2, 4, 4, 4, 4, 5, 4, 4, 5, 5, 5, 5, 5, 6, 6, 6, 1]);
----------
objective = 12088;
period_of = array1d(1..268, [2, 3, 4, 5, 4, 5, 1, 3, 3, 2, 3, 5, 3, 1, 3, 2, 4, 5, 4, 1, 4, 6, 4, 2, 1, 2, 4, 2, 4, 5, 1, 5, 3, 5, 1, 1, 2, 2, 2, 2, 2, 1, 1, 2, 3, 3, 3, 3, 1, 1, 1, 1, 1, 2, 2, 2, 3, 5, 2, 3, 1, 5, 2, 3, 2, 1, 6, 5, 4, 2, 1, 1, 1, 1, 1, 2, 2, 2, 5, 2, 2, 5, 3, 3, 3, 1, 2, 4, 2, 1, 2, 2, 3, 3, 5, 3, 1, 5, 6, 5, 5, 6, 4, 2, 3, 6, 1, 2, 1, 2, 5, 6, 3, 3, 4, 5, 1, 3, 3, 3, 1, 4, 4, 5, 3, 3, 2, 2, 1, 2, 2, 3, 3, 2, 1, 6, 3, 3, 4, 5, 4, 3, 2, 4, 3, 4, 2, 1, 2, 3, 2, 4, 4, 3, 1, 4, 5, 4, 5, 1, 1, 1, 1, 1, 1, 1, 2, 2, 2, 2, 2, 3, 3, 3, 3, 3, 3, 3, 3, 3, 3, 3, 3, 2, 3, 5, 6, 4, 5, 1, 3, 4, 4, 4, 6, 6, 1, 4, 1, 4, 6, 3, 5, 3, 4, 6, 4, 4, 4, 6, 5, 2, 2, 6, 4, 6, 1, 1, 2, 3, 4, 1, 1, 4, 1, 4, 2, 5, 2, 5, 3, 5, 5, 6, 6, 2, 6, 6, 1, 6, 6, 1, 5, 5, 5, 1, 6, 6, 1, 5, 5, 2, 4, 4, 4, 4, 6, 4, 4, 5, 5, 5, 5, 5, 6, 6, 6, 1]);
----------
objective = 12070;
period_of = array1d(1..268, [2, 3, 4, 5, 4, 5, 1, 3, 3, 2, 3, 5, 3, 1, 3, 2, 4, 5, 4, 1, 4, 6, 4, 2, 1, 2, 4, 2, 4, 5, 1, 5, 3, 5, 1, 1, 2, 2, 2, 2, 2, 1, 1, 2, 3, 3, 3, 3, 1, 1, 1, 1, 1, 2, 2, 2, 3, 5, 2, 3, 1, 5, 2, 3, 2, 1, 6, 5, 4, 2, 1, 1, 1, 1, 1, 2, 2, 2, 5, 2, 2, 5, 3, 3, 3, 1, 2, 4, 2, 1, 2, 2, 3, 3, 5, 3, 1, 5, 6, 5, 5, 6, 4, 2, 3, 6, 1, 2, 1, 2, 5, 6, 3, 3, 4, 5, 1, 3, 3, 3, 1, 4, 4, 5, 3, 3, 2, 2, 1, 2, 2, 3, 3, 2, 1, 6, 3, 3, 4, 5, 4, 3, 2, 4, 3, 4, 2, 1, 2, 3, 2, 4, 4, 3, 1, 4, 5, 4, 5, 1, 1, 1, 1, 1, 1, 1, 2, 2, 2, 2, 2, 3, 3, 3, 3, 3, 3, 3, 3, 3, 3, 3, 3, 2, 3, 5, 6, 4, 5, 1, 3, 4, 4, 4, 6, 6, 1, 4, 1, 4, 6, 3, 5, 3, 4, 6, 4, 4, 4, 6, 5, 2, 2, 6, 4, 6, 1, 2, 3, 3, 4, 1, 1, 4, 1, 4, 2, 4, 2, 6, 3, 5, 5, 5, 5, 2, 6, 6, 1, 6, 6, 1, 5, 5, 5, 1, 6, 6, 1, 5, 5, 2, 4, 4, 4, 6, 6, 4, 4, 5, 5, 5, 5, 5, 6, 6, 6, 1]);
----------
objective = 12062;
period_of = array1d(1..268, [2, 3, 4, 5, 4, 5, 1, 3, 3, 2, 3, 5, 3, 1, 3, 2, 4, 5, 4, 1, 4, 6, 4, 2, 1, 2, 4, 2, 4, 5, 1, 5, 3, 5, 1, 1, 2, 2, 2, 2, 2, 1, 1, 2, 3, 3, 3, 3, 1, 1, 1, 1, 1, 2, 2, 2, 3, 5, 2, 3, 1, 5, 2, 3, 2, 1, 6, 5, 4, 2, 1, 1, 1, 1, 1, 2, 2, 2, 5, 2, 2, 5, 3, 3, 3, 1, 2, 4, 2, 1, 2, 2, 3, 3, 5, 3, 1, 5, 6, 5, 5, 6, 4, 2, 3, 6, 1, 2, 1, 2, 5, 6, 3, 3, 4, 5, 1, 3, 3, 3, 1, 4, 4, 5, 3, 3, 2, 2, 1, 2, 2, 3, 3, 2, 1, 6, 3, 3, 4, 5, 4, 3, 2, 4, 3, 4, 2, 1, 2, 3, 2, 4, 4, 3, 1, 4, 5, 4, 5, 1, 1, 1, 1, 1, 1, 1, 2, 2, 2, 2, 2, 3, 3, 3, 3, 3, 3, 3, 3, 3, 3, 3, 3, 2, 3, 5, 6, 4, 5, 1, 3, 4, 4, 4, 6, 6, 1, 4, 1, 4, 6, 3, 5, 3, 4, 6, 4, 4, 4, 6, 5, 2, 2, 6, 4, 6, 1, 2, 3, 3, 4, 1, 1, 4, 1, 4, 2, 4, 2, 6, 3, 5, 5, 5, 6, 2, 6, 6, 1, 6, 6, 1, 5, 5, 5, 1, 6, 6, 1, 5, 5, 2, 4, 4, 4, 5, 6, 4, 4, 5, 5, 5, 5, 5, 6, 6, 6, 1]);
----------
objective = 12059;
period_of = array1d(1..268, [2, 3, 4, 5, 4, 5, 1, 3, 3, 2, 3, 5, 3, 1, 3, 2, 4, 5, 4, 1, 4, 6, 4, 2, 1, 2, 4, 2, 4, 5, 1, 5, 3, 5, 1, 1, 2, 2, 2, 2, 2, 1, 1, 2, 3, 3, 3, 3, 1, 1, 1, 1, 1, 2, 2, 2, 3, 5, 2, 3, 1, 5, 2, 3, 2, 1, 6, 5, 4, 2, 1, 1, 1, 1, 1, 2, 2, 2, 5, 2, 2, 5, 3, 3, 3, 1, 2, 4, 2, 1, 2, 2, 3, 3, 5, 3, 1, 5, 6, 5, 5, 6, 4, 2, 3, 6, 1, 2, 1, 2, 5, 6, 3, 3, 4, 5, 1, 3, 3, 3, 1, 4, 4, 5, 3, 3, 2, 2, 1, 2, 2, 3, 3, 2, 1, 6, 3, 3, 4, 5, 4, 3, 2, 4, 3, 4, 2, 1, 2, 3, 2, 4, 4, 3, 1, 4, 5, 4, 5, 1, 1, 1, 1, 1, 1, 1, 2, 2, 2, 2, 2, 3, 3, 3, 3, 3, 3, 3, 3, 3, 3, 3, 3, 2, 3, 5, 6, 4, 5, 1, 3, 4, 4, 4, 6, 6, 1, 4, 1, 4, 6, 3, 5, 3, 4, 6, 4, 4, 4, 6, 5, 2, 2, 6, 4, 6, 1, 2, 3, 3, 4, 1, 1, 4, 1, 4, 2, 4, 2, 5, 3, 5, 5, 5, 6, 2, 6, 6, 1, 6, 6, 1, 5, 5, 5, 1, 6, 6, 1, 5, 5, 2, 4, 4, 4, 6, 6, 4, 4, 5, 5, 5, 5, 5, 6, 6, 6, 1]);
----------
objective = 12057;
period_of = array1d(1..268, [2, 3, 4, 5, 4, 5, 1, 3, 3, 2, 3, 5, 3, 1, 3, 2, 4, 5, 4, 1, 4, 6, 4, 2, 1, 2, 4, 2, 4, 5, 1, 5, 3, 5, 1, 1, 2, 2, 2, 2, 2, 1, 1, 2, 3, 3, 3, 3, 1, 1, 1, 1, 1, 2, 2, 2, 3, 5, 2, 3, 1, 5, 2, 3, 2, 1, 6, 5, 4, 2, 1, 1, 1, 1, 1, 2, 2, 2, 5, 2, 2, 5, 3, 3, 3, 1, 2, 4, 2, 1, 2, 2, 3, 3, 5, 3, 1, 5, 6, 5, 5, 6, 4, 2, 3, 6, 1, 2, 1, 2, 5, 6, 3, 3, 4, 5, 1, 3, 3, 3, 1, 4, 4, 5, 3, 3, 2, 2, 1, 2, 2, 3, 3, 2, 1, 6, 3, 3, 4, 5, 4, 3, 2, 4, 3, 4, 2, 1, 2, 3, 2, 4, 4, 3, 1, 4, 5, 4, 5, 1, 1, 1, 1, 1, 1, 1, 2, 2, 2, 2, 2, 3, 3, 3, 3, 3, 3, 3, 3, 3, 3, 3, 3, 2, 3, 5, 6, 4, 5, 1, 3, 4, 4, 4, 6, 6, 1, 4, 1, 4, 6, 3, 5, 3, 4, 6, 4, 4, 4, 6, 5, 2, 2, 6, 4, 6, 1, 2, 3, 3, 4, 1, 1, 4, 1, 4, 2, 5, 2, 5, 3, 5, 5, 6, 6, 2, 6, 6, 1, 6, 6, 1, 5, 5, 5, 1, 6, 6, 1, 5, 5, 2, 4, 4, 4, 4, 6, 4, 4, 5, 5, 5, 5, 5, 6, 6, 6, 1]);
----------
objective = 12046;
period_of = array1d(1..268, [2, 3, 4, 5, 4, 5, 1, 3, 3, 2, 3, 5, 3, 1, 3, 2, 4, 5, 4, 1, 4, 6, 4, 2, 1, 2, 4, 2, 4, 5, 1, 5, 3, 5, 1, 1, 2, 2, 2, 2, 2, 1, 1, 2, 3, 3, 3, 3, 1, 1, 1, 1, 1, 2, 2, 2, 3, 5, 2, 3, 1, 5, 2, 3, 2, 1, 6, 5, 4, 2, 1, 1, 1, 1, 1, 2, 2, 2, 5, 2, 2, 5, 3, 3, 3, 1, 2, 4, 2, 1, 2, 2, 3, 3, 5, 3, 1, 5, 6, 5, 5, 6, 4, 2, 3, 6, 1, 2, 1, 2, 5, 6, 3, 3, 4, 5, 1, 3, 3, 3, 1, 4, 4, 5, 3, 3, 2, 2, 1, 2, 2, 3, 3, 2, 1, 6, 3, 3, 4, 5, 4, 3, 2, 4, 3, 4, 2, 1, 2, 3, 2, 4, 4, 3, 1, 4, 5, 4, 5, 1, 1, 1, 1, 1, 1, 1, 2, 2, 2, 2, 2, 3, 3, 3, 3, 3, 3, 3, 3, 3, 3, 3, 3, 2, 3, 5, 6, 4, 5, 1, 3, 4, 4, 4, 6, 6, 1, 4, 1, 4, 6, 3, 5, 3, 4, 6, 4, 4, 4, 6, 5, 2, 2, 6, 4, 6, 1, 2, 3, 4, 4, 1, 1, 4, 1, 4, 2, 5, 2, 3, 3, 5, 5, 5, 6, 2, 6, 6, 1, 6, 6, 1, 5, 5, 5, 1, 6, 6, 1, 5, 5, 2, 4, 4, 4, 6, 6, 4, 4, 5, 5, 5, 5, 5, 6, 6, 6, 1]);
----------
objective = 12044;
period_of = array1d(1..268, [2, 3, 4, 5, 4, 5, 1, 3, 3, 2, 3, 5, 3, 1, 3, 2, 4, 5, 4, 1, 4, 6, 4, 2, 1, 2, 4, 2, 4, 5, 1, 5, 3, 5, 1, 1, 2, 2, 2, 2, 2, 1, 1, 2, 3, 3, 3, 3, 1, 1, 1, 1, 1, 2, 2, 2, 3, 5, 2, 3, 1, 5, 2, 3, 2, 1, 6, 5, 4, 2, 1, 1, 1, 1, 1, 2, 2, 2, 5, 2, 2, 5, 3, 3, 3, 1, 2, 4, 2, 1, 2, 2, 3, 3, 5, 3, 1, 5, 6, 5, 5, 6, 4, 2, 3, 6, 1, 2, 1, 2, 5, 6, 3, 3, 4, 5, 1, 3, 3, 3, 1, 4, 4, 5, 3, 3, 2, 2, 1, 2, 2, 3, 3, 2, 1, 6, 3, 3, 4, 5, 4, 3, 2, 4, 3, 4, 2, 1, 2, 3, 2, 4, 4, 3, 1, 4, 5, 4, 5, 1, 1, 1, 1, 1, 1, 1, 2, 2, 2, 2, 2, 3, 3, 3, 3, 3, 3, 3, 3, 3, 3, 3, 3, 2, 3, 5, 6, 4, 5, 1, 3, 4, 4, 4, 6, 6, 1, 4, 1, 4, 6, 3, 5, 3, 4, 6, 4, 4, 4, 6, 5, 2, 2, 6, 4, 6, 1, 2, 3, 4, 4, 1, 1, 4, 1, 4, 2, 5, 2, 3, 3, 5, 5, 6, 6, 2, 6, 6, 1, 6, 6, 1, 5, 5, 5, 1, 6, 6, 1, 5, 5, 2, 4, 4, 4, 5, 6, 4, 4, 5, 5, 5, 5, 5, 6, 6, 6, 1]);
----------
objective = 12036;
period_of = array1d(1..268, [2, 3, 4, 5, 4, 5, 1, 3, 3, 2, 3, 5, 3, 1, 3, 2, 4, 5, 4, 1, 4, 6, 4, 2, 1, 2, 4, 2, 4, 5, 1, 5, 3, 5, 1, 1, 2, 2, 2, 2, 2, 1, 1, 2, 3, 3, 3, 3, 1, 1, 1, 1, 1, 2, 2, 2, 3, 5, 2, 3, 1, 5, 2, 3, 2, 1, 6, 5, 4, 2, 1, 1, 1, 1, 1, 2, 2, 2, 5, 2, 2, 5, 3, 3, 3, 1, 2, 4, 2, 1, 2, 2, 3, 3, 5, 3, 1, 5, 6, 5, 5, 6, 4, 2, 3, 6, 1, 2, 1, 2, 5, 6, 3, 3, 4, 5, 1, 3, 3, 3, 1, 4, 4, 5, 3, 3, 2, 2, 1, 2, 2, 3, 3, 2, 1, 6, 3, 3, 4, 5, 4, 3, 2, 4, 3, 4, 2, 1, 2, 3, 2, 4, 4, 3, 1, 4, 5, 4, 5, 1, 1, 1, 1, 1, 1, 1, 2, 2, 2, 2, 2, 3, 3, 3, 3, 3, 3, 3, 3, 3, 3, 3, 3, 2, 3, 5, 6, 4, 5, 1, 3, 4, 4, 4, 6, 6, 1, 4, 1, 4, 6, 3, 5, 3, 4, 6, 4, 6, 4, 6, 5, 2, 2, 6, 4, 6, 1, 3, 3, 3, 3, 1, 1, 4, 1, 4, 2, 4, 2, 5, 2, 4, 5, 5, 5, 2, 6, 6, 1, 6, 6, 1, 5, 5, 5, 1, 6, 6, 1, 5, 5, 2, 4, 4, 4, 6, 6, 4, 4, 5, 5, 5, 5, 5, 6, 6, 6, 1]);
----------
objective = 12024;
period_of = array1d(1..268, [2, 3, 4, 5, 4, 5, 1, 3, 3, 2, 3, 5, 3, 1, 3, 2, 4, 5, 4, 1, 4, 6, 4, 2, 1, 2, 4, 2, 4, 5, 1, 5, 3, 5, 1, 1, 2, 2, 2, 2, 2, 1, 1, 2, 3, 3, 3, 3, 1, 1, 1, 1, 1, 2, 2, 2, 3, 5, 2, 3, 1, 5, 2, 3, 2, 1, 6, 5, 4, 2, 1, 1, 1, 1, 1, 2, 2, 2, 5, 2, 2, 5, 3, 3, 3, 1, 2, 4, 2, 1, 2, 2, 3, 3, 5, 3, 1, 5, 6, 5, 5, 6, 4, 2, 3, 6, 1, 2, 1, 2, 5, 6, 3, 3, 4, 5, 1, 3, 3, 3, 1, 4, 4, 5, 3, 3, 2, 2, 1, 2, 2, 3, 3, 2, 1, 6, 3, 3, 4, 5, 4, 3, 2, 4, 3, 4, 2, 1, 2, 3, 2, 4, 4, 3, 1, 4, 5, 4, 5, 1, 1, 1, 1, 1, 1, 1, 2, 2, 2, 2, 2, 3, 3, 3, 3, 3, 3, 3, 3, 3, 3, 3, 3, 2, 3, 5, 6, 4, 5, 1, 3, 4, 4, 4, 6, 6, 1, 4, 1, 4, 6, 3, 5, 3, 4, 6, 4, 6, 4, 6, 5, 2, 2, 6, 4, 6, 1, 3, 3, 3, 3, 1, 1, 4, 1, 4, 2, 4, 2, 6, 2, 4, 5, 5, 5, 2, 6, 6, 1, 6, 6, 1, 5, 5, 5, 1, 6, 6, 1, 5, 5, 2, 4, 4, 4, 6, 6, 4, 4, 5, 5, 5, 5, 5, 6, 6, 6, 1]);
----------
objective = 12022;
period_of = array1d(1..268, [2, 3, 4, 5, 4, 5, 1, 3, 3, 2, 3, 5, 3, 1, 3, 2, 4, 5, 4, 1, 4, 6, 4, 2, 1, 2, 4, 2, 4, 5, 1, 5, 3, 5, 1, 1, 2, 2, 2, 2, 2, 1, 1, 2, 3, 3, 3, 3, 1, 1, 1, 1, 1, 2, 2, 2, 3, 5, 2, 3, 1, 5, 2, 3, 2, 1, 6, 5, 4, 2, 1, 1, 1, 1, 1, 2, 2, 2, 5, 2, 2, 5, 3, 3, 3, 1, 2, 4, 2, 1, 2, 2, 3, 3, 5, 3, 1, 5, 6, 5, 5, 6, 4, 2, 3, 6, 1, 2, 1, 2, 5, 6, 3, 3, 4, 5, 1, 3, 3, 3, 1, 4, 4, 5, 3, 3, 2, 2, 1, 2, 2, 3, 3, 2, 1, 6, 3, 3, 4, 5, 4, 3, 2, 4, 3, 4, 2, 1, 2, 3, 2, 4, 4, 3, 1, 4, 5, 4, 5, 1, 1, 1, 1, 1, 1, 1, 2, 2, 2, 2, 2, 3, 3, 3, 3, 3, 3, 3, 3, 3, 3, 3, 3, 2, 3, 5, 6, 4, 5, 1, 3, 4, 4, 4, 6, 6, 1, 4, 1, 4, 6, 3, 5, 3, 4, 6, 4, 6, 4, 6, 5, 2, 2, 6, 4, 6, 1, 3, 3, 3, 3, 1, 1, 4, 1, 4, 2, 4, 2, 4, 2, 5, 5, 5, 6, 2, 6, 6, 1, 6, 6, 1, 5, 5, 5, 1, 6, 6, 1, 5, 5, 2, 4, 4, 4, 5, 6, 4, 4, 5, 5, 5, 5, 5, 6, 6, 6, 1]);
----------
objective = 12013;
period_of = array1d(1..268, [2, 3, 4, 5, 4, 5, 1, 3, 3, 2, 3, 5, 3, 1, 3, 2, 4, 5, 4, 1, 4, 6, 4, 2, 1, 2, 4, 2, 4, 5, 1, 5, 3, 5, 1, 1, 2, 2, 2, 2, 2, 1, 1, 2, 3, 3, 3, 3, 1, 1, 1, 1, 1, 2, 2, 2, 3, 5, 2, 3, 1, 5, 2, 3, 2, 1, 6, 5, 4, 2, 1, 1, 1, 1, 1, 2, 2, 2, 5, 2, 2, 5, 3, 3, 3, 1, 2, 4, 2, 1, 2, 2, 3, 3, 5, 3, 1, 5, 6, 5, 5, 6, 4, 2, 3, 6, 1, 2, 1, 2, 5, 6, 3, 3, 4, 5, 1, 3, 3, 3, 1, 4, 4, 5, 3, 3, 2, 2, 1, 2, 2, 3, 3, 2, 1, 6, 3, 3, 4, 5, 4, 3, 2, 4, 3, 4, 2, 1, 2, 3, 2, 4, 4, 3, 1, 4, 5, 4, 5, 1, 1, 1, 1, 1, 1, 1, 2, 2, 2, 2, 2, 3, 3, 3, 3, 3, 3, 3, 3, 3, 3, 3, 3, 2, 3, 5, 6, 4, 5, 1, 3, 4, 4, 4, 6, 6, 1, 4, 1, 4, 6, 3, 5, 3, 4, 6, 4, 6, 4, 6, 5, 2, 2, 6, 4, 6, 1, 3, 3, 3, 3, 1, 1, 4, 1, 4, 2, 4, 2, 4, 2, 5, 5, 5, 6, 2, 6, 6, 1, 6, 6, 1, 5, 5, 5, 1, 6, 6, 1, 5, 5, 2, 4, 4, 4, 6, 6, 4, 4, 5, 5, 5, 5, 5, 6, 6, 6, 1]);
----------
objective = 12012;
period_of = array1d(1..268, [2, 3, 4, 5, 4, 5, 1, 3, 3, 2, 3, 5, 3, 1, 3, 2, 4, 5, 4, 1, 4, 6, 4, 2, 1, 2, 4, 2, 4, 5, 1, 5, 3, 5, 1, 1, 2, 2, 2, 2, 2, 1, 1, 2, 3, 3, 3, 3, 1, 1, 1, 1, 1, 2, 2, 2, 3, 5, 2, 3, 1, 5, 2, 3, 2, 1, 6, 5, 4, 2, 1, 1, 1, 1, 1, 2, 2, 2, 5, 2, 2, 5, 3, 3, 3, 1, 2, 4, 2, 1, 2, 2, 3, 3, 5, 3, 1, 5, 6, 5, 5, 6, 4, 2, 3, 6, 1, 2, 1, 2, 5, 6, 3, 3, 4, 5, 1, 3, 3, 3, 1, 4, 4, 5, 3, 3, 2, 2, 1, 2, 2, 3, 3, 2, 1, 6, 3, 3, 4, 5, 4, 3, 2, 4, 3, 4, 2, 1, 2, 3, 2, 4, 4, 3, 1, 4, 5, 4, 5, 1, 1, 1, 1, 1, 1, 1, 2, 2, 2, 2, 2, 3, 3, 3, 3, 3, 3, 3, 3, 3, 3, 3, 3, 2, 3, 5, 6, 4, 5, 1, 3, 4, 4, 4, 6, 6, 1, 4, 1, 4, 6, 3, 5, 3, 4, 6, 4, 6, 4, 6, 5, 2, 2, 6, 4, 6, 1, 3, 3, 3, 3, 1, 1, 4, 1, 4, 2, 5, 2, 5, 2, 5, 5, 6, 6, 2, 6, 6, 1, 6, 6, 1, 5, 5, 5, 1, 6, 6, 1, 5, 5, 2, 4, 4, 4, 4, 4, 4, 4, 5, 5, 5, 5, 5, 6, 6, 6, 1]);
----------
objective = 12011;
period_of = array1d(1..268, [2, 3, 4, 5, 4, 5, 1, 3, 3, 2, 3, 5, 3, 1, 3, 2, 4, 5, 4, 1, 4, 6, 4, 2, 1, 2, 4, 2, 4, 5, 1, 5, 3, 5, 1, 1, 2, 2, 2, 2, 2, 1, 1, 2, 3, 3, 3, 3, 1, 1, 1, 1, 1, 2, 2, 2, 3, 5, 2, 3, 1, 5, 2, 3, 2, 1, 6, 5, 4, 2, 1, 1, 1, 1, 1, 2, 2, 2, 5, 2, 2, 5, 3, 3, 3, 1, 2, 4, 2, 1, 2, 2, 3, 3, 5, 3, 1, 5, 6, 5, 5, 6, 4, 2, 3, 6, 1, 2, 1, 2, 5, 6, 3, 3, 4, 5, 1, 3, 3, 3, 1, 4, 4, 5, 3, 3, 2, 2, 1, 2, 2, 3, 3, 2, 1, 6, 3, 3, 4, 5, 4, 3, 2, 4, 3, 4, 2, 1, 2, 3, 2, 4, 4, 3, 1, 4, 5, 4, 5, 1, 1, 1, 1, 1, 1, 1, 2, 2, 2, 2, 2, 3, 3, 3, 3, 3, 3, 3, 3, 3, 3, 3, 3, 2, 3, 5, 6, 4, 5, 1, 3, 4, 4, 4, 6, 6, 1, 4, 1, 4, 6, 3, 5, 3, 4, 6, 4, 6, 4, 6, 5, 2, 2, 6, 4, 6, 1, 3, 3, 3, 4, 1, 1, 4, 1, 4, 2, 5, 2, 3, 2, 5, 5, 6, 6, 2, 6, 6, 1, 6, 6, 1, 5, 5, 5, 1, 6, 6, 1, 5, 5, 2, 4, 4, 4, 4, 6, 4, 4, 5, 5, 5, 5, 5, 6, 6, 6, 1]);
----------
