mznc2019_probs/stochastic-vrp/vrp-s2-v2-c9_vrp-v2-c9_det.mzn
arrivalTime = array2d(1..2, 1..13, [5, 14, 21, 29, 33, 41, 48, 64, 53, 0, 0, 71, 0, 5, 14, 21, 29, 36, 66, 52, 45, 57, 0, 0, 75, 0]);
objective = 363;
predecessor = array2d(1..2, 1..13, [10, 1, 2, 3, 4, 5, 6, 9, 7, 13, 12, 8, 11, 10, 1, 2, 3, 4, 9, 8, 5, 7, 13, 12, 6, 11]);
successor = array2d(1..2, 1..13, [2, 3, 4, 5, 6, 7, 9, 12, 8, 1, 13, 11, 10, 2, 3, 4, 5, 8, 12, 9, 7, 6, 1, 13, 11, 10]);
vehicle = array1d(1..13, [1, 1, 1, 1, 1, 1, 1, 1, 1, 1, 2, 1, 2]);
----------
arrivalTime = array2d(1..2, 1..13, [5, 14, 21, 29, 33, 41, 48, 64, 53, 0, 0, 71, 0, 5, 14, 21, 29, 36, 65, 59, 45, 52, 0, 0, 74, 0]);
objective = 361;
predecessor = array2d(1..2, 1..13, [10, 1, 2, 3, 4, 5, 6, 9, 7, 13, 12, 8, 11, 10, 1, 2, 3, 4, 7, 9, 5, 8, 13, 12, 6, 11]);
successor = array2d(1..2, 1..13, [2, 3, 4, 5, 6, 7, 9, 12, 8, 1, 13, 11, 10, 2, 3, 4, 5, 8, 12, 6, 9, 7, 1, 13, 11, 10]);
vehicle = array1d(1..13, [1, 1, 1, 1, 1, 1, 1, 1, 1, 1, 2, 1, 2]);
----------
arrivalTime = array2d(1..2, 1..13, [5, 14, 21, 29, 33, 41, 48, 64, 53, 0, 0, 71, 0, 45, 54, 61, 69, 35, 4, 11, 27, 16, 0, 0, 73, 0]);
objective = 359;
predecessor = array2d(1..2, 1..13, [10, 1, 2, 3, 4, 5, 6, 9, 7, 13, 12, 8, 11, 5, 1, 2, 3, 8, 10, 6, 9, 7, 13, 12, 4, 11]);
successor = array2d(1..2, 1..13, [2, 3, 4, 5, 6, 7, 9, 12, 8, 1, 13, 11, 10, 2, 3, 4, 12, 1, 7, 9, 5, 8, 6, 13, 11, 10]);
vehicle = array1d(1..13, [1, 1, 1, 1, 1, 1, 1, 1, 1, 1, 2, 1, 2]);
----------
arrivalTime = array2d(1..2, 1..13, [5, 14, 21, 29, 33, 41, 48, 64, 53, 0, 0, 71, 0, 8, 17, 24, 3, 32, 47, 54, 41, 59, 0, 0, 72, 0]);
objective = 357;
predecessor = array2d(1..2, 1..13, [10, 1, 2, 3, 4, 5, 6, 9, 7, 13, 12, 8, 11, 4, 1, 2, 10, 3, 8, 6, 5, 7, 13, 12, 9, 11]);
successor = array2d(1..2, 1..13, [2, 3, 4, 5, 6, 7, 9, 12, 8, 1, 13, 11, 10, 2, 3, 5, 1, 8, 7, 9, 6, 12, 4, 13, 11, 10]);
vehicle = array1d(1..13, [1, 1, 1, 1, 1, 1, 1, 1, 1, 1, 2, 1, 2]);
----------
arrivalTime = array2d(1..2, 1..13, [5, 14, 21, 29, 33, 41, 48, 64, 53, 0, 0, 71, 0, 8, 17, 24, 3, 32, 62, 48, 41, 53, 0, 0, 71, 0]);
objective = 355;
predecessor = array2d(1..2, 1..13, [10, 1, 2, 3, 4, 5, 6, 9, 7, 13, 12, 8, 11, 4, 1, 2, 10, 3, 9, 8, 5, 7, 13, 12, 6, 11]);
successor = array2d(1..2, 1..13, [2, 3, 4, 5, 6, 7, 9, 12, 8, 1, 13, 11, 10, 2, 3, 5, 1, 8, 12, 9, 7, 6, 4, 13, 11, 10]);
vehicle = array1d(1..13, [1, 1, 1, 1, 1, 1, 1, 1, 1, 1, 2, 1, 2]);
----------
arrivalTime = array2d(1..2, 1..13, [5, 14, 21, 29, 33, 41, 48, 64, 53, 0, 0, 71, 0, 8, 17, 24, 3, 32, 61, 55, 41, 48, 0, 0, 70, 0]);
objective = 353;
predecessor = array2d(1..2, 1..13, [10, 1, 2, 3, 4, 5, 6, 9, 7, 13, 12, 8, 11, 4, 1, 2, 10, 3, 7, 9, 5, 8, 13, 12, 6, 11]);
successor = array2d(1..2, 1..13, [2, 3, 4, 5, 6, 7, 9, 12, 8, 1, 13, 11, 10, 2, 3, 5, 1, 8, 12, 6, 9, 7, 4, 13, 11, 10]);
vehicle = array1d(1..13, [1, 1, 1, 1, 1, 1, 1, 1, 1, 1, 2, 1, 2]);
----------
arrivalTime = array2d(1..2, 1..13, [5, 14, 21, 29, 33, 45, 52, 39, 57, 0, 0, 70, 0, 8, 17, 24, 3, 32, 62, 48, 41, 53, 0, 0, 71, 0]);
objective = 352;
predecessor = array2d(1..2, 1..13, [10, 1, 2, 3, 4, 8, 6, 5, 7, 13, 12, 9, 11, 4, 1, 2, 10, 3, 9, 8, 5, 7, 13, 12, 6, 11]);
successor = array2d(1..2, 1..13, [2, 3, 4, 5, 8, 7, 9, 6, 12, 1, 13, 11, 10, 2, 3, 5, 1, 8, 12, 9, 7, 6, 4, 13, 11, 10]);
vehicle = array1d(1..13, [1, 1, 1, 1, 1, 1, 1, 1, 1, 1, 2, 1, 2]);
----------
arrivalTime = array2d(1..2, 1..13, [5, 14, 21, 29, 33, 45, 52, 39, 57, 0, 0, 70, 0, 8, 17, 24, 3, 32, 61, 55, 41, 48, 0, 0, 70, 0]);
objective = 350;
predecessor = array2d(1..2, 1..13, [10, 1, 2, 3, 4, 8, 6, 5, 7, 13, 12, 9, 11, 4, 1, 2, 10, 3, 7, 9, 5, 8, 13, 12, 6, 11]);
successor = array2d(1..2, 1..13, [2, 3, 4, 5, 8, 7, 9, 6, 12, 1, 13, 11, 10, 2, 3, 5, 1, 8, 12, 6, 9, 7, 4, 13, 11, 10]);
vehicle = array1d(1..13, [1, 1, 1, 1, 1, 1, 1, 1, 1, 1, 2, 1, 2]);
----------
arrivalTime = array2d(1..2, 1..13, [5, 14, 21, 29, 33, 60, 46, 39, 51, 0, 0, 69, 0, 8, 17, 24, 3, 32, 62, 48, 41, 53, 0, 0, 71, 0]);
objective = 349;
predecessor = array2d(1..2, 1..13, [10, 1, 2, 3, 4, 9, 8, 5, 7, 13, 12, 6, 11, 4, 1, 2, 10, 3, 9, 8, 5, 7, 13, 12, 6, 11]);
successor = array2d(1..2, 1..13, [2, 3, 4, 5, 8, 12, 9, 7, 6, 1, 13, 11, 10, 2, 3, 5, 1, 8, 12, 9, 7, 6, 4, 13, 11, 10]);
vehicle = array1d(1..13, [1, 1, 1, 1, 1, 1, 1, 1, 1, 1, 2, 1, 2]);
----------
arrivalTime = array2d(1..2, 1..13, [5, 14, 21, 29, 33, 60, 46, 39, 51, 0, 0, 69, 0, 8, 17, 24, 3, 32, 61, 55, 41, 48, 0, 0, 70, 0]);
objective = 347;
predecessor = array2d(1..2, 1..13, [10, 1, 2, 3, 4, 9, 8, 5, 7, 13, 12, 6, 11, 4, 1, 2, 10, 3, 7, 9, 5, 8, 13, 12, 6, 11]);
successor = array2d(1..2, 1..13, [2, 3, 4, 5, 8, 12, 9, 7, 6, 1, 13, 11, 10, 2, 3, 5, 1, 8, 12, 6, 9, 7, 4, 13, 11, 10]);
vehicle = array1d(1..13, [1, 1, 1, 1, 1, 1, 1, 1, 1, 1, 2, 1, 2]);
----------
arrivalTime = array2d(1..2, 1..13, [5, 14, 21, 29, 33, 59, 53, 39, 46, 0, 0, 68, 0, 8, 17, 24, 3, 32, 62, 48, 41, 53, 0, 0, 71, 0]);
objective = 346;
predecessor = array2d(1..2, 1..13, [10, 1, 2, 3, 4, 7, 9, 5, 8, 13, 12, 6, 11, 4, 1, 2, 10, 3, 9, 8, 5, 7, 13, 12, 6, 11]);
successor = array2d(1..2, 1..13, [2, 3, 4, 5, 8, 12, 6, 9, 7, 1, 13, 11, 10, 2, 3, 5, 1, 8, 12, 9, 7, 6, 4, 13, 11, 10]);
vehicle = array1d(1..13, [1, 1, 1, 1, 1, 1, 1, 1, 1, 1, 2, 1, 2]);
----------
arrivalTime = array2d(1..2, 1..13, [5, 14, 21, 29, 33, 59, 53, 39, 46, 0, 0, 68, 0, 8, 17, 24, 3, 32, 61, 55, 41, 48, 0, 0, 70, 0]);
objective = 344;
predecessor = array2d(1..2, 1..13, [10, 1, 2, 3, 4, 7, 9, 5, 8, 13, 12, 6, 11, 4, 1, 2, 10, 3, 7, 9, 5, 8, 13, 12, 6, 11]);
successor = array2d(1..2, 1..13, [2, 3, 4, 5, 8, 12, 6, 9, 7, 1, 13, 11, 10, 2, 3, 5, 1, 8, 12, 6, 9, 7, 4, 13, 11, 10]);
vehicle = array1d(1..13, [1, 1, 1, 1, 1, 1, 1, 1, 1, 1, 2, 1, 2]);
----------
arrivalTime = array2d(1..2, 1..13, [8, 17, 24, 3, 32, 58, 52, 38, 45, 0, 0, 67, 0, 8, 17, 24, 3, 32, 62, 48, 41, 53, 0, 0, 71, 0]);
objective = 343;
predecessor = array2d(1..2, 1..13, [4, 1, 2, 10, 3, 7, 9, 5, 8, 13, 12, 6, 11, 4, 1, 2, 10, 3, 9, 8, 5, 7, 13, 12, 6, 11]);
successor = array2d(1..2, 1..13, [2, 3, 5, 1, 8, 12, 6, 9, 7, 4, 13, 11, 10, 2, 3, 5, 1, 8, 12, 9, 7, 6, 4, 13, 11, 10]);
vehicle = array1d(1..13, [1, 1, 1, 1, 1, 1, 1, 1, 1, 1, 2, 1, 2]);
----------
arrivalTime = array2d(1..2, 1..13, [8, 17, 24, 3, 32, 58, 52, 38, 45, 0, 0, 67, 0, 8, 17, 24, 3, 32, 61, 55, 41, 48, 0, 0, 70, 0]);
objective = 341;
predecessor = array2d(1..2, 1..13, [4, 1, 2, 10, 3, 7, 9, 5, 8, 13, 12, 6, 11, 4, 1, 2, 10, 3, 7, 9, 5, 8, 13, 12, 6, 11]);
successor = array2d(1..2, 1..13, [2, 3, 5, 1, 8, 12, 6, 9, 7, 4, 13, 11, 10, 2, 3, 5, 1, 8, 12, 6, 9, 7, 4, 13, 11, 10]);
vehicle = array1d(1..13, [1, 1, 1, 1, 1, 1, 1, 1, 1, 1, 2, 1, 2]);
----------
arrivalTime = array2d(1..2, 1..13, [5, 14, 21, 61, 55, 27, 34, 50, 39, 0, 0, 65, 0, 8, 17, 24, 3, 32, 47, 54, 41, 59, 0, 0, 72, 0]);
objective = 339;
predecessor = array2d(1..2, 1..13, [10, 1, 2, 5, 8, 3, 6, 9, 7, 13, 12, 4, 11, 4, 1, 2, 10, 3, 8, 6, 5, 7, 13, 12, 9, 11]);
successor = array2d(1..2, 1..13, [2, 3, 6, 12, 4, 7, 9, 5, 8, 1, 13, 11, 10, 2, 3, 5, 1, 8, 7, 9, 6, 12, 4, 13, 11, 10]);
vehicle = array1d(1..13, [1, 1, 1, 1, 1, 1, 1, 1, 1, 1, 2, 1, 2]);
----------
arrivalTime = array2d(1..2, 1..13, [5, 14, 21, 61, 55, 27, 34, 50, 39, 0, 0, 65, 0, 8, 17, 24, 3, 32, 62, 48, 41, 53, 0, 0, 71, 0]);
objective = 337;
predecessor = array2d(1..2, 1..13, [10, 1, 2, 5, 8, 3, 6, 9, 7, 13, 12, 4, 11, 4, 1, 2, 10, 3, 9, 8, 5, 7, 13, 12, 6, 11]);
successor = array2d(1..2, 1..13, [2, 3, 6, 12, 4, 7, 9, 5, 8, 1, 13, 11, 10, 2, 3, 5, 1, 8, 12, 9, 7, 6, 4, 13, 11, 10]);
vehicle = array1d(1..13, [1, 1, 1, 1, 1, 1, 1, 1, 1, 1, 2, 1, 2]);
----------
arrivalTime = array2d(1..2, 1..13, [5, 14, 21, 61, 55, 27, 34, 50, 39, 0, 0, 65, 0, 8, 17, 24, 3, 32, 61, 55, 41, 48, 0, 0, 70, 0]);
objective = 335;
predecessor = array2d(1..2, 1..13, [10, 1, 2, 5, 8, 3, 6, 9, 7, 13, 12, 4, 11, 4, 1, 2, 10, 3, 7, 9, 5, 8, 13, 12, 6, 11]);
successor = array2d(1..2, 1..13, [2, 3, 6, 12, 4, 7, 9, 5, 8, 1, 13, 11, 10, 2, 3, 5, 1, 8, 12, 6, 9, 7, 4, 13, 11, 10]);
vehicle = array1d(1..13, [1, 1, 1, 1, 1, 1, 1, 1, 1, 1, 2, 1, 2]);
----------
arrivalTime = array2d(1..2, 1..13, [43, 52, 59, 38, 32, 4, 11, 27, 16, 0, 0, 64, 0, 8, 17, 24, 3, 32, 62, 48, 41, 53, 0, 0, 71, 0]);
objective = 334;
predecessor = array2d(1..2, 1..13, [4, 1, 2, 5, 8, 10, 6, 9, 7, 13, 12, 3, 11, 4, 1, 2, 10, 3, 9, 8, 5, 7, 13, 12, 6, 11]);
successor = array2d(1..2, 1..13, [2, 3, 12, 1, 4, 7, 9, 5, 8, 6, 13, 11, 10, 2, 3, 5, 1, 8, 12, 9, 7, 6, 4, 13, 11, 10]);
vehicle = array1d(1..13, [1, 1, 1, 1, 1, 1, 1, 1, 1, 1, 2, 1, 2]);
----------
arrivalTime = array2d(1..2, 1..13, [43, 52, 59, 38, 32, 4, 11, 27, 16, 0, 0, 64, 0, 8, 17, 24, 3, 32, 61, 55, 41, 48, 0, 0, 70, 0]);
objective = 332;
predecessor = array2d(1..2, 1..13, [4, 1, 2, 5, 8, 10, 6, 9, 7, 13, 12, 3, 11, 4, 1, 2, 10, 3, 7, 9, 5, 8, 13, 12, 6, 11]);
successor = array2d(1..2, 1..13, [2, 3, 12, 1, 4, 7, 9, 5, 8, 6, 13, 11, 10, 2, 3, 5, 1, 8, 12, 6, 9, 7, 4, 13, 11, 10]);
vehicle = array1d(1..13, [1, 1, 1, 1, 1, 1, 1, 1, 1, 1, 2, 1, 2]);
----------
arrivalTime = array2d(1..2, 1..13, [5, 14, 21, 29, 33, 41, 48, 57, 7, 0, 0, 64, 20, 5, 14, 21, 29, 36, 51, 58, 45, 7, 0, 0, 68, 20]);
objective = 328;
predecessor = array2d(1..2, 1..13, [10, 1, 2, 3, 4, 5, 6, 7, 11, 13, 12, 8, 9, 10, 1, 2, 3, 4, 8, 6, 5, 11, 13, 12, 7, 9]);
successor = array2d(1..2, 1..13, [2, 3, 4, 5, 6, 7, 8, 12, 13, 1, 9, 11, 10, 2, 3, 4, 5, 8, 7, 12, 6, 13, 1, 9, 11, 10]);
vehicle = array1d(1..13, [1, 1, 1, 1, 1, 1, 1, 1, 2, 1, 2, 1, 2]);
----------
arrivalTime = array2d(1..2, 1..13, [5, 14, 21, 29, 33, 41, 48, 57, 7, 0, 0, 64, 20, 5, 14, 21, 29, 36, 58, 52, 45, 7, 0, 0, 67, 20]);
objective = 326;
predecessor = array2d(1..2, 1..13, [10, 1, 2, 3, 4, 5, 6, 7, 11, 13, 12, 8, 9, 10, 1, 2, 3, 4, 7, 8, 5, 11, 13, 12, 6, 9]);
successor = array2d(1..2, 1..13, [2, 3, 4, 5, 6, 7, 8, 12, 13, 1, 9, 11, 10, 2, 3, 4, 5, 8, 12, 6, 7, 13, 1, 9, 11, 10]);
vehicle = array1d(1..13, [1, 1, 1, 1, 1, 1, 1, 1, 2, 1, 2, 1, 2]);
----------
arrivalTime = array2d(1..2, 1..13, [5, 14, 21, 29, 33, 41, 48, 57, 7, 0, 0, 64, 20, 38, 47, 54, 62, 28, 4, 11, 20, 7, 0, 0, 66, 20]);
objective = 324;
predecessor = array2d(1..2, 1..13, [10, 1, 2, 3, 4, 5, 6, 7, 11, 13, 12, 8, 9, 5, 1, 2, 3, 8, 10, 6, 7, 11, 13, 12, 4, 9]);
successor = array2d(1..2, 1..13, [2, 3, 4, 5, 6, 7, 8, 12, 13, 1, 9, 11, 10, 2, 3, 4, 12, 1, 7, 8, 5, 13, 6, 9, 11, 10]);
vehicle = array1d(1..13, [1, 1, 1, 1, 1, 1, 1, 1, 2, 1, 2, 1, 2]);
----------
arrivalTime = array2d(1..2, 1..13, [5, 14, 21, 29, 33, 41, 48, 57, 7, 0, 0, 64, 20, 8, 17, 24, 3, 32, 47, 54, 41, 7, 0, 0, 64, 20]);
objective = 320;
predecessor = array2d(1..2, 1..13, [10, 1, 2, 3, 4, 5, 6, 7, 11, 13, 12, 8, 9, 4, 1, 2, 10, 3, 8, 6, 5, 11, 13, 12, 7, 9]);
successor = array2d(1..2, 1..13, [2, 3, 4, 5, 6, 7, 8, 12, 13, 1, 9, 11, 10, 2, 3, 5, 1, 8, 7, 12, 6, 13, 4, 9, 11, 10]);
vehicle = array1d(1..13, [1, 1, 1, 1, 1, 1, 1, 1, 2, 1, 2, 1, 2]);
----------
arrivalTime = array2d(1..2, 1..13, [5, 14, 21, 29, 33, 41, 48, 57, 7, 0, 0, 64, 20, 8, 17, 24, 3, 32, 54, 48, 41, 7, 0, 0, 63, 20]);
objective = 318;
predecessor = array2d(1..2, 1..13, [10, 1, 2, 3, 4, 5, 6, 7, 11, 13, 12, 8, 9, 4, 1, 2, 10, 3, 7, 8, 5, 11, 13, 12, 6, 9]);
successor = array2d(1..2, 1..13, [2, 3, 4, 5, 6, 7, 8, 12, 13, 1, 9, 11, 10, 2, 3, 5, 1, 8, 12, 6, 7, 13, 4, 9, 11, 10]);
vehicle = array1d(1..13, [1, 1, 1, 1, 1, 1, 1, 1, 2, 1, 2, 1, 2]);
----------
arrivalTime = array2d(1..2, 1..13, [5, 14, 21, 29, 33, 45, 52, 39, 7, 0, 0, 62, 20, 8, 17, 24, 3, 32, 47, 54, 41, 7, 0, 0, 64, 20]);
objective = 314;
predecessor = array2d(1..2, 1..13, [10, 1, 2, 3, 4, 8, 6, 5, 11, 13, 12, 7, 9, 4, 1, 2, 10, 3, 8, 6, 5, 11, 13, 12, 7, 9]);
successor = array2d(1..2, 1..13, [2, 3, 4, 5, 8, 7, 12, 6, 13, 1, 9, 11, 10, 2, 3, 5, 1, 8, 7, 12, 6, 13, 4, 9, 11, 10]);
vehicle = array1d(1..13, [1, 1, 1, 1, 1, 1, 1, 1, 2, 1, 2, 1, 2]);
----------
arrivalTime = array2d(1..2, 1..13, [5, 14, 21, 29, 33, 45, 52, 39, 7, 0, 0, 62, 20, 8, 17, 24, 3, 32, 54, 48, 41, 7, 0, 0, 63, 20]);
objective = 312;
predecessor = array2d(1..2, 1..13, [10, 1, 2, 3, 4, 8, 6, 5, 11, 13, 12, 7, 9, 4, 1, 2, 10, 3, 7, 8, 5, 11, 13, 12, 6, 9]);
successor = array2d(1..2, 1..13, [2, 3, 4, 5, 8, 7, 12, 6, 13, 1, 9, 11, 10, 2, 3, 5, 1, 8, 12, 6, 7, 13, 4, 9, 11, 10]);
vehicle = array1d(1..13, [1, 1, 1, 1, 1, 1, 1, 1, 2, 1, 2, 1, 2]);
----------
arrivalTime = array2d(1..2, 1..13, [5, 14, 21, 29, 33, 52, 46, 39, 7, 0, 0, 61, 20, 8, 17, 24, 3, 32, 47, 54, 41, 7, 0, 0, 64, 20]);
objective = 311;
predecessor = array2d(1..2, 1..13, [10, 1, 2, 3, 4, 7, 8, 5, 11, 13, 12, 6, 9, 4, 1, 2, 10, 3, 8, 6, 5, 11, 13, 12, 7, 9]);
successor = array2d(1..2, 1..13, [2, 3, 4, 5, 8, 12, 6, 7, 13, 1, 9, 11, 10, 2, 3, 5, 1, 8, 7, 12, 6, 13, 4, 9, 11, 10]);
vehicle = array1d(1..13, [1, 1, 1, 1, 1, 1, 1, 1, 2, 1, 2, 1, 2]);
----------
arrivalTime = array2d(1..2, 1..13, [5, 14, 21, 29, 33, 52, 46, 39, 7, 0, 0, 61, 20, 8, 17, 24, 3, 32, 54, 48, 41, 7, 0, 0, 63, 20]);
objective = 309;
predecessor = array2d(1..2, 1..13, [10, 1, 2, 3, 4, 7, 8, 5, 11, 13, 12, 6, 9, 4, 1, 2, 10, 3, 7, 8, 5, 11, 13, 12, 6, 9]);
successor = array2d(1..2, 1..13, [2, 3, 4, 5, 8, 12, 6, 7, 13, 1, 9, 11, 10, 2, 3, 5, 1, 8, 12, 6, 7, 13, 4, 9, 11, 10]);
vehicle = array1d(1..13, [1, 1, 1, 1, 1, 1, 1, 1, 2, 1, 2, 1, 2]);
----------
arrivalTime = array2d(1..2, 1..13, [8, 17, 24, 3, 32, 51, 45, 38, 7, 0, 0, 60, 20, 8, 17, 24, 3, 32, 47, 54, 41, 7, 0, 0, 64, 20]);
objective = 308;
predecessor = array2d(1..2, 1..13, [4, 1, 2, 10, 3, 7, 8, 5, 11, 13, 12, 6, 9, 4, 1, 2, 10, 3, 8, 6, 5, 11, 13, 12, 7, 9]);
successor = array2d(1..2, 1..13, [2, 3, 5, 1, 8, 12, 6, 7, 13, 4, 9, 11, 10, 2, 3, 5, 1, 8, 7, 12, 6, 13, 4, 9, 11, 10]);
vehicle = array1d(1..13, [1, 1, 1, 1, 1, 1, 1, 1, 2, 1, 2, 1, 2]);
----------
arrivalTime = array2d(1..2, 1..13, [8, 17, 24, 3, 32, 51, 45, 38, 7, 0, 0, 60, 20, 8, 17, 24, 3, 32, 54, 48, 41, 7, 0, 0, 63, 20]);
objective = 306;
predecessor = array2d(1..2, 1..13, [4, 1, 2, 10, 3, 7, 8, 5, 11, 13, 12, 6, 9, 4, 1, 2, 10, 3, 7, 8, 5, 11, 13, 12, 6, 9]);
successor = array2d(1..2, 1..13, [2, 3, 5, 1, 8, 12, 6, 7, 13, 4, 9, 11, 10, 2, 3, 5, 1, 8, 12, 6, 7, 13, 4, 9, 11, 10]);
vehicle = array1d(1..13, [1, 1, 1, 1, 1, 1, 1, 1, 2, 1, 2, 1, 2]);
----------
arrivalTime = array2d(1..2, 1..13, [5, 14, 21, 54, 48, 27, 34, 43, 7, 0, 0, 58, 20, 8, 17, 24, 3, 32, 47, 54, 41, 7, 0, 0, 64, 20]);
objective = 302;
predecessor = array2d(1..2, 1..13, [10, 1, 2, 5, 8, 3, 6, 7, 11, 13, 12, 4, 9, 4, 1, 2, 10, 3, 8, 6, 5, 11, 13, 12, 7, 9]);
successor = array2d(1..2, 1..13, [2, 3, 6, 12, 4, 7, 8, 5, 13, 1, 9, 11, 10, 2, 3, 5, 1, 8, 7, 12, 6, 13, 4, 9, 11, 10]);
vehicle = array1d(1..13, [1, 1, 1, 1, 1, 1, 1, 1, 2, 1, 2, 1, 2]);
----------
arrivalTime = array2d(1..2, 1..13, [5, 14, 21, 54, 48, 27, 34, 43, 7, 0, 0, 58, 20, 8, 17, 24, 3, 32, 54, 48, 41, 7, 0, 0, 63, 20]);
objective = 300;
predecessor = array2d(1..2, 1..13, [10, 1, 2, 5, 8, 3, 6, 7, 11, 13, 12, 4, 9, 4, 1, 2, 10, 3, 7, 8, 5, 11, 13, 12, 6, 9]);
successor = array2d(1..2, 1..13, [2, 3, 6, 12, 4, 7, 8, 5, 13, 1, 9, 11, 10, 2, 3, 5, 1, 8, 12, 6, 7, 13, 4, 9, 11, 10]);
vehicle = array1d(1..13, [1, 1, 1, 1, 1, 1, 1, 1, 2, 1, 2, 1, 2]);
----------
arrivalTime = array2d(1..2, 1..13, [36, 45, 52, 31, 25, 4, 11, 20, 7, 0, 0, 57, 20, 8, 17, 24, 3, 32, 47, 54, 41, 7, 0, 0, 64, 20]);
objective = 299;
predecessor = array2d(1..2, 1..13, [4, 1, 2, 5, 8, 10, 6, 7, 11, 13, 12, 3, 9, 4, 1, 2, 10, 3, 8, 6, 5, 11, 13, 12, 7, 9]);
successor = array2d(1..2, 1..13, [2, 3, 12, 1, 4, 7, 8, 5, 13, 6, 9, 11, 10, 2, 3, 5, 1, 8, 7, 12, 6, 13, 4, 9, 11, 10]);
vehicle = array1d(1..13, [1, 1, 1, 1, 1, 1, 1, 1, 2, 1, 2, 1, 2]);
----------
arrivalTime = array2d(1..2, 1..13, [36, 45, 52, 31, 25, 4, 11, 20, 7, 0, 0, 57, 20, 8, 17, 24, 3, 32, 54, 48, 41, 7, 0, 0, 63, 20]);
objective = 297;
predecessor = array2d(1..2, 1..13, [4, 1, 2, 5, 8, 10, 6, 7, 11, 13, 12, 3, 9, 4, 1, 2, 10, 3, 7, 8, 5, 11, 13, 12, 6, 9]);
successor = array2d(1..2, 1..13, [2, 3, 12, 1, 4, 7, 8, 5, 13, 6, 9, 11, 10, 2, 3, 5, 1, 8, 12, 6, 7, 13, 4, 9, 11, 10]);
vehicle = array1d(1..13, [1, 1, 1, 1, 1, 1, 1, 1, 2, 1, 2, 1, 2]);
----------
arrivalTime = array2d(1..2, 1..13, [5, 14, 21, 29, 33, 41, 48, 5, 12, 0, 0, 58, 25, 5, 14, 21, 29, 36, 44, 51, 9, 16, 0, 0, 61, 29]);
objective = 296;
predecessor = array2d(1..2, 1..13, [10, 1, 2, 3, 4, 5, 6, 11, 8, 13, 12, 7, 9, 10, 1, 2, 3, 4, 5, 6, 11, 8, 13, 12, 7, 9]);
successor = array2d(1..2, 1..13, [2, 3, 4, 5, 6, 7, 12, 9, 13, 1, 8, 11, 10, 2, 3, 4, 5, 6, 7, 12, 9, 13, 1, 8, 11, 10]);
vehicle = array1d(1..13, [1, 1, 1, 1, 1, 1, 1, 2, 2, 1, 2, 1, 2]);
----------
arrivalTime = array2d(1..2, 1..13, [5, 14, 21, 29, 33, 41, 48, 5, 12, 0, 0, 58, 25, 5, 14, 21, 54, 45, 27, 34, 9, 16, 0, 0, 58, 29]);
objective = 290;
predecessor = array2d(1..2, 1..13, [10, 1, 2, 3, 4, 5, 6, 11, 8, 13, 12, 7, 9, 10, 1, 2, 5, 7, 3, 6, 11, 8, 13, 12, 4, 9]);
successor = array2d(1..2, 1..13, [2, 3, 4, 5, 6, 7, 12, 9, 13, 1, 8, 11, 10, 2, 3, 6, 12, 4, 7, 5, 9, 13, 1, 8, 11, 10]);
vehicle = array1d(1..13, [1, 1, 1, 1, 1, 1, 1, 2, 2, 1, 2, 1, 2]);
----------
arrivalTime = array2d(1..2, 1..13, [5, 14, 21, 29, 33, 41, 48, 5, 12, 0, 0, 58, 25, 41, 50, 3, 36, 27, 9, 16, 9, 16, 0, 0, 57, 29]);
objective = 288;
predecessor = array2d(1..2, 1..13, [10, 1, 2, 3, 4, 5, 6, 11, 8, 13, 12, 7, 9, 4, 1, 10, 5, 7, 3, 6, 11, 8, 13, 12, 2, 9]);
successor = array2d(1..2, 1..13, [2, 3, 4, 5, 6, 7, 12, 9, 13, 1, 8, 11, 10, 2, 12, 6, 1, 4, 7, 5, 9, 13, 3, 8, 11, 10]);
vehicle = array1d(1..13, [1, 1, 1, 1, 1, 1, 1, 2, 2, 1, 2, 1, 2]);
----------
arrivalTime = array2d(1..2, 1..13, [5, 14, 21, 51, 45, 27, 34, 5, 12, 0, 0, 55, 25, 5, 14, 21, 29, 36, 44, 51, 9, 16, 0, 0, 61, 29]);
objective = 287;
predecessor = array2d(1..2, 1..13, [10, 1, 2, 5, 7, 3, 6, 11, 8, 13, 12, 4, 9, 10, 1, 2, 3, 4, 5, 6, 11, 8, 13, 12, 7, 9]);
successor = array2d(1..2, 1..13, [2, 3, 6, 12, 4, 7, 5, 9, 13, 1, 8, 11, 10, 2, 3, 4, 5, 6, 7, 12, 9, 13, 1, 8, 11, 10]);
vehicle = array1d(1..13, [1, 1, 1, 1, 1, 1, 1, 2, 2, 1, 2, 1, 2]);
----------
arrivalTime = array2d(1..2, 1..13, [5, 14, 21, 51, 45, 27, 34, 5, 12, 0, 0, 55, 25, 5, 14, 21, 54, 45, 27, 34, 9, 16, 0, 0, 58, 29]);
objective = 281;
predecessor = array2d(1..2, 1..13, [10, 1, 2, 5, 7, 3, 6, 11, 8, 13, 12, 4, 9, 10, 1, 2, 5, 7, 3, 6, 11, 8, 13, 12, 4, 9]);
successor = array2d(1..2, 1..13, [2, 3, 6, 12, 4, 7, 5, 9, 13, 1, 8, 11, 10, 2, 3, 6, 12, 4, 7, 5, 9, 13, 1, 8, 11, 10]);
vehicle = array1d(1..13, [1, 1, 1, 1, 1, 1, 1, 2, 2, 1, 2, 1, 2]);
----------
arrivalTime = array2d(1..2, 1..13, [5, 14, 21, 51, 45, 27, 34, 5, 12, 0, 0, 55, 25, 41, 50, 3, 36, 27, 9, 16, 9, 16, 0, 0, 57, 29]);
objective = 279;
predecessor = array2d(1..2, 1..13, [10, 1, 2, 5, 7, 3, 6, 11, 8, 13, 12, 4, 9, 4, 1, 10, 5, 7, 3, 6, 11, 8, 13, 12, 2, 9]);
successor = array2d(1..2, 1..13, [2, 3, 6, 12, 4, 7, 5, 9, 13, 1, 8, 11, 10, 2, 12, 6, 1, 4, 7, 5, 9, 13, 3, 8, 11, 10]);
vehicle = array1d(1..13, [1, 1, 1, 1, 1, 1, 1, 2, 2, 1, 2, 1, 2]);
----------
arrivalTime = array2d(1..2, 1..13, [38, 47, 3, 33, 27, 9, 16, 5, 12, 0, 0, 54, 25, 5, 14, 21, 54, 45, 27, 34, 9, 16, 0, 0, 58, 29]);
objective = 278;
predecessor = array2d(1..2, 1..13, [4, 1, 10, 5, 7, 3, 6, 11, 8, 13, 12, 2, 9, 10, 1, 2, 5, 7, 3, 6, 11, 8, 13, 12, 4, 9]);
successor = array2d(1..2, 1..13, [2, 12, 6, 1, 4, 7, 5, 9, 13, 3, 8, 11, 10, 2, 3, 6, 12, 4, 7, 5, 9, 13, 1, 8, 11, 10]);
vehicle = array1d(1..13, [1, 1, 1, 1, 1, 1, 1, 2, 2, 1, 2, 1, 2]);
----------
arrivalTime = array2d(1..2, 1..13, [38, 47, 3, 33, 27, 9, 16, 5, 12, 0, 0, 54, 25, 41, 50, 3, 36, 27, 9, 16, 9, 16, 0, 0, 57, 29]);
objective = 276;
predecessor = array2d(1..2, 1..13, [4, 1, 10, 5, 7, 3, 6, 11, 8, 13, 12, 2, 9, 4, 1, 10, 5, 7, 3, 6, 11, 8, 13, 12, 2, 9]);
successor = array2d(1..2, 1..13, [2, 12, 6, 1, 4, 7, 5, 9, 13, 3, 8, 11, 10, 2, 12, 6, 1, 4, 7, 5, 9, 13, 3, 8, 11, 10]);
vehicle = array1d(1..13, [1, 1, 1, 1, 1, 1, 1, 2, 2, 1, 2, 1, 2]);
----------
arrivalTime = array2d(1..2, 1..13, [5, 14, 21, 29, 33, 45, 6, 39, 11, 0, 0, 54, 24, 40, 49, 3, 35, 26, 9, 6, 18, 11, 0, 0, 56, 24]);
objective = 274;
predecessor = array2d(1..2, 1..13, [10, 1, 2, 3, 4, 8, 11, 5, 7, 13, 12, 6, 9, 4, 1, 10, 5, 8, 3, 11, 6, 7, 13, 12, 2, 9]);
successor = array2d(1..2, 1..13, [2, 3, 4, 5, 8, 12, 9, 6, 13, 1, 7, 11, 10, 2, 12, 6, 1, 4, 8, 9, 5, 13, 3, 7, 11, 10]);
vehicle = array1d(1..13, [1, 1, 1, 1, 1, 1, 2, 1, 2, 1, 2, 1, 2]);
----------
arrivalTime = array2d(1..2, 1..13, [5, 14, 21, 47, 41, 27, 6, 36, 11, 0, 0, 51, 24, 5, 14, 21, 29, 36, 51, 6, 45, 11, 0, 0, 60, 24]);
objective = 273;
predecessor = array2d(1..2, 1..13, [10, 1, 2, 5, 8, 3, 11, 6, 7, 13, 12, 4, 9, 10, 1, 2, 3, 4, 8, 11, 5, 7, 13, 12, 6, 9]);
successor = array2d(1..2, 1..13, [2, 3, 6, 12, 4, 8, 9, 5, 13, 1, 7, 11, 10, 2, 3, 4, 5, 8, 12, 9, 6, 13, 1, 7, 11, 10]);
vehicle = array1d(1..13, [1, 1, 1, 1, 1, 1, 2, 1, 2, 1, 2, 1, 2]);
----------
arrivalTime = array2d(1..2, 1..13, [5, 14, 21, 47, 41, 27, 6, 36, 11, 0, 0, 51, 24, 5, 14, 21, 55, 29, 37, 6, 46, 11, 0, 0, 59, 24]);
objective = 271;
predecessor = array2d(1..2, 1..13, [10, 1, 2, 5, 8, 3, 11, 6, 7, 13, 12, 4, 9, 10, 1, 2, 8, 3, 5, 11, 6, 7, 13, 12, 4, 9]);
successor = array2d(1..2, 1..13, [2, 3, 6, 12, 4, 8, 9, 5, 13, 1, 7, 11, 10, 2, 3, 5, 12, 6, 8, 9, 4, 13, 1, 7, 11, 10]);
vehicle = array1d(1..13, [1, 1, 1, 1, 1, 1, 2, 1, 2, 1, 2, 1, 2]);
----------
arrivalTime = array2d(1..2, 1..13, [5, 14, 21, 47, 41, 27, 6, 36, 11, 0, 0, 51, 24, 5, 14, 21, 53, 44, 27, 6, 36, 11, 0, 0, 57, 24]);
objective = 267;
predecessor = array2d(1..2, 1..13, [10, 1, 2, 5, 8, 3, 11, 6, 7, 13, 12, 4, 9, 10, 1, 2, 5, 8, 3, 11, 6, 7, 13, 12, 4, 9]);
successor = array2d(1..2, 1..13, [2, 3, 6, 12, 4, 8, 9, 5, 13, 1, 7, 11, 10, 2, 3, 6, 12, 4, 8, 9, 5, 13, 1, 7, 11, 10]);
vehicle = array1d(1..13, [1, 1, 1, 1, 1, 1, 2, 1, 2, 1, 2, 1, 2]);
----------
arrivalTime = array2d(1..2, 1..13, [5, 14, 21, 47, 41, 27, 6, 36, 11, 0, 0, 51, 24, 40, 49, 3, 35, 26, 9, 6, 18, 11, 0, 0, 56, 24]);
objective = 265;
predecessor = array2d(1..2, 1..13, [10, 1, 2, 5, 8, 3, 11, 6, 7, 13, 12, 4, 9, 4, 1, 10, 5, 8, 3, 11, 6, 7, 13, 12, 2, 9]);
successor = array2d(1..2, 1..13, [2, 3, 6, 12, 4, 8, 9, 5, 13, 1, 7, 11, 10, 2, 12, 6, 1, 4, 8, 9, 5, 13, 3, 7, 11, 10]);
vehicle = array1d(1..13, [1, 1, 1, 1, 1, 1, 2, 1, 2, 1, 2, 1, 2]);
----------
arrivalTime = array2d(1..2, 1..13, [34, 43, 3, 29, 23, 9, 6, 18, 11, 0, 0, 50, 24, 5, 14, 21, 53, 44, 27, 6, 36, 11, 0, 0, 57, 24]);
objective = 264;
predecessor = array2d(1..2, 1..13, [4, 1, 10, 5, 8, 3, 11, 6, 7, 13, 12, 2, 9, 10, 1, 2, 5, 8, 3, 11, 6, 7, 13, 12, 4, 9]);
successor = array2d(1..2, 1..13, [2, 12, 6, 1, 4, 8, 9, 5, 13, 3, 7, 11, 10, 2, 3, 6, 12, 4, 8, 9, 5, 13, 1, 7, 11, 10]);
vehicle = array1d(1..13, [1, 1, 1, 1, 1, 1, 2, 1, 2, 1, 2, 1, 2]);
----------
arrivalTime = array2d(1..2, 1..13, [34, 43, 3, 29, 23, 9, 6, 18, 11, 0, 0, 50, 24, 40, 49, 3, 35, 26, 9, 6, 18, 11, 0, 0, 56, 24]);
objective = 262;
predecessor = array2d(1..2, 1..13, [4, 1, 10, 5, 8, 3, 11, 6, 7, 13, 12, 2, 9, 4, 1, 10, 5, 8, 3, 11, 6, 7, 13, 12, 2, 9]);
successor = array2d(1..2, 1..13, [2, 12, 6, 1, 4, 8, 9, 5, 13, 3, 7, 11, 10, 2, 12, 6, 1, 4, 8, 9, 5, 13, 3, 7, 11, 10]);
vehicle = array1d(1..13, [1, 1, 1, 1, 1, 1, 2, 1, 2, 1, 2, 1, 2]);
----------
arrivalTime = array2d(1..2, 1..13, [5, 14, 21, 29, 33, 41, 6, 15, 22, 0, 0, 50, 35, 5, 14, 21, 29, 36, 44, 6, 15, 22, 0, 0, 53, 35]);
objective = 256;
predecessor = array2d(1..2, 1..13, [10, 1, 2, 3, 4, 5, 11, 7, 8, 13, 12, 6, 9, 10, 1, 2, 3, 4, 5, 11, 7, 8, 13, 12, 6, 9]);
successor = array2d(1..2, 1..13, [2, 3, 4, 5, 6, 12, 8, 9, 13, 1, 7, 11, 10, 2, 3, 4, 5, 6, 12, 8, 9, 13, 1, 7, 11, 10]);
vehicle = array1d(1..13, [1, 1, 1, 1, 1, 1, 2, 2, 2, 1, 2, 1, 2]);
----------
arrivalTime = array2d(1..2, 1..13, [5, 14, 21, 29, 33, 41, 6, 15, 22, 0, 0, 50, 35, 5, 14, 21, 46, 37, 27, 6, 15, 22, 0, 0, 50, 35]);
objective = 250;
predecessor = array2d(1..2, 1..13, [10, 1, 2, 3, 4, 5, 11, 7, 8, 13, 12, 6, 9, 10, 1, 2, 5, 6, 3, 11, 7, 8, 13, 12, 4, 9]);
successor = array2d(1..2, 1..13, [2, 3, 4, 5, 6, 12, 8, 9, 13, 1, 7, 11, 10, 2, 3, 6, 12, 4, 5, 8, 9, 13, 1, 7, 11, 10]);
vehicle = array1d(1..13, [1, 1, 1, 1, 1, 1, 2, 2, 2, 1, 2, 1, 2]);
----------
arrivalTime = array2d(1..2, 1..13, [5, 14, 21, 29, 33, 41, 6, 15, 22, 0, 0, 50, 35, 33, 42, 3, 28, 19, 9, 6, 15, 22, 0, 0, 49, 35]);
objective = 248;
predecessor = array2d(1..2, 1..13, [10, 1, 2, 3, 4, 5, 11, 7, 8, 13, 12, 6, 9, 4, 1, 10, 5, 6, 3, 11, 7, 8, 13, 12, 2, 9]);
successor = array2d(1..2, 1..13, [2, 3, 4, 5, 6, 12, 8, 9, 13, 1, 7, 11, 10, 2, 12, 6, 1, 4, 5, 8, 9, 13, 3, 7, 11, 10]);
vehicle = array1d(1..13, [1, 1, 1, 1, 1, 1, 2, 2, 2, 1, 2, 1, 2]);
----------
arrivalTime = array2d(1..2, 1..13, [5, 14, 21, 43, 37, 27, 6, 15, 22, 0, 0, 47, 35, 5, 14, 21, 29, 36, 44, 6, 15, 22, 0, 0, 53, 35]);
objective = 247;
predecessor = array2d(1..2, 1..13, [10, 1, 2, 5, 6, 3, 11, 7, 8, 13, 12, 4, 9, 10, 1, 2, 3, 4, 5, 11, 7, 8, 13, 12, 6, 9]);
successor = array2d(1..2, 1..13, [2, 3, 6, 12, 4, 5, 8, 9, 13, 1, 7, 11, 10, 2, 3, 4, 5, 6, 12, 8, 9, 13, 1, 7, 11, 10]);
vehicle = array1d(1..13, [1, 1, 1, 1, 1, 1, 2, 2, 2, 1, 2, 1, 2]);
----------
arrivalTime = array2d(1..2, 1..13, [5, 14, 21, 43, 37, 27, 6, 15, 22, 0, 0, 47, 35, 5, 14, 21, 46, 37, 27, 6, 15, 22, 0, 0, 50, 35]);
objective = 241;
predecessor = array2d(1..2, 1..13, [10, 1, 2, 5, 6, 3, 11, 7, 8, 13, 12, 4, 9, 10, 1, 2, 5, 6, 3, 11, 7, 8, 13, 12, 4, 9]);
successor = array2d(1..2, 1..13, [2, 3, 6, 12, 4, 5, 8, 9, 13, 1, 7, 11, 10, 2, 3, 6, 12, 4, 5, 8, 9, 13, 1, 7, 11, 10]);
vehicle = array1d(1..13, [1, 1, 1, 1, 1, 1, 2, 2, 2, 1, 2, 1, 2]);
----------
arrivalTime = array2d(1..2, 1..13, [5, 14, 21, 43, 37, 27, 6, 15, 22, 0, 0, 47, 35, 33, 42, 3, 28, 19, 9, 6, 15, 22, 0, 0, 49, 35]);
objective = 239;
predecessor = array2d(1..2, 1..13, [10, 1, 2, 5, 6, 3, 11, 7, 8, 13, 12, 4, 9, 4, 1, 10, 5, 6, 3, 11, 7, 8, 13, 12, 2, 9]);
successor = array2d(1..2, 1..13, [2, 3, 6, 12, 4, 5, 8, 9, 13, 1, 7, 11, 10, 2, 12, 6, 1, 4, 5, 8, 9, 13, 3, 7, 11, 10]);
vehicle = array1d(1..13, [1, 1, 1, 1, 1, 1, 2, 2, 2, 1, 2, 1, 2]);
----------
arrivalTime = array2d(1..2, 1..13, [30, 39, 3, 25, 19, 9, 6, 15, 22, 0, 0, 46, 35, 5, 14, 21, 46, 37, 27, 6, 15, 22, 0, 0, 50, 35]);
objective = 238;
predecessor = array2d(1..2, 1..13, [4, 1, 10, 5, 6, 3, 11, 7, 8, 13, 12, 2, 9, 10, 1, 2, 5, 6, 3, 11, 7, 8, 13, 12, 4, 9]);
successor = array2d(1..2, 1..13, [2, 12, 6, 1, 4, 5, 8, 9, 13, 3, 7, 11, 10, 2, 3, 6, 12, 4, 5, 8, 9, 13, 1, 7, 11, 10]);
vehicle = array1d(1..13, [1, 1, 1, 1, 1, 1, 2, 2, 2, 1, 2, 1, 2]);
----------
arrivalTime = array2d(1..2, 1..13, [30, 39, 3, 25, 19, 9, 6, 15, 22, 0, 0, 46, 35, 33, 42, 3, 28, 19, 9, 6, 15, 22, 0, 0, 49, 35]);
objective = 236;
predecessor = array2d(1..2, 1..13, [4, 1, 10, 5, 6, 3, 11, 7, 8, 13, 12, 2, 9, 4, 1, 10, 5, 6, 3, 11, 7, 8, 13, 12, 2, 9]);
successor = array2d(1..2, 1..13, [2, 12, 6, 1, 4, 5, 8, 9, 13, 3, 7, 11, 10, 2, 12, 6, 1, 4, 5, 8, 9, 13, 3, 7, 11, 10]);
vehicle = array1d(1..13, [1, 1, 1, 1, 1, 1, 2, 2, 2, 1, 2, 1, 2]);
----------
arrivalTime = array2d(1..2, 1..13, [29, 38, 3, 24, 18, 4, 11, 13, 16, 0, 0, 45, 29, 34, 43, 3, 29, 11, 4, 11, 20, 16, 0, 0, 50, 29]);
objective = 235;
predecessor = array2d(1..2, 1..13, [4, 1, 10, 5, 8, 11, 6, 3, 7, 13, 12, 2, 9, 4, 1, 10, 8, 3, 11, 6, 5, 7, 13, 12, 2, 9]);
successor = array2d(1..2, 1..13, [2, 12, 8, 1, 4, 7, 9, 5, 13, 3, 6, 11, 10, 2, 12, 5, 1, 8, 7, 9, 4, 13, 3, 6, 11, 10]);
vehicle = array1d(1..13, [1, 1, 1, 1, 1, 2, 2, 1, 2, 1, 2, 1, 2]);
----------
arrivalTime = array2d(1..2, 1..13, [21, 30, 37, 16, 10, 4, 11, 5, 16, 0, 0, 42, 29, 5, 14, 21, 47, 29, 4, 11, 38, 16, 0, 0, 51, 29]);
objective = 228;
predecessor = array2d(1..2, 1..13, [4, 1, 2, 5, 8, 11, 6, 10, 7, 13, 12, 3, 9, 10, 1, 2, 8, 3, 11, 6, 5, 7, 13, 12, 4, 9]);
successor = array2d(1..2, 1..13, [2, 3, 12, 1, 4, 7, 9, 5, 13, 8, 6, 11, 10, 2, 3, 5, 12, 8, 7, 9, 4, 13, 1, 6, 11, 10]);
vehicle = array1d(1..13, [1, 1, 1, 1, 1, 2, 2, 1, 2, 1, 2, 1, 2]);
----------
arrivalTime = array2d(1..2, 1..13, [21, 30, 37, 16, 10, 4, 11, 5, 16, 0, 0, 42, 29, 34, 43, 3, 29, 11, 4, 11, 20, 16, 0, 0, 50, 29]);
objective = 226;
predecessor = array2d(1..2, 1..13, [4, 1, 2, 5, 8, 11, 6, 10, 7, 13, 12, 3, 9, 4, 1, 10, 8, 3, 11, 6, 5, 7, 13, 12, 2, 9]);
successor = array2d(1..2, 1..13, [2, 3, 12, 1, 4, 7, 9, 5, 13, 8, 6, 11, 10, 2, 12, 5, 1, 8, 7, 9, 4, 13, 3, 6, 11, 10]);
vehicle = array1d(1..13, [1, 1, 1, 1, 1, 2, 2, 1, 2, 1, 2, 1, 2]);
----------
arrivalTime = array2d(1..2, 1..13, [5, 14, 21, 29, 33, 4, 11, 20, 27, 0, 0, 40, 40, 5, 14, 21, 29, 36, 4, 11, 20, 27, 0, 0, 46, 40]);
objective = 212;
predecessor = array2d(1..2, 1..13, [10, 1, 2, 3, 4, 11, 6, 7, 8, 13, 12, 5, 9, 10, 1, 2, 3, 4, 11, 6, 7, 8, 13, 12, 5, 9]);
successor = array2d(1..2, 1..13, [2, 3, 4, 5, 12, 7, 8, 9, 13, 1, 6, 11, 10, 2, 3, 4, 5, 12, 7, 8, 9, 13, 1, 6, 11, 10]);
vehicle = array1d(1..13, [1, 1, 1, 1, 1, 2, 2, 2, 2, 1, 2, 1, 2]);
----------
arrivalTime = array2d(1..2, 1..13, [5, 14, 21, 29, 33, 4, 11, 20, 27, 0, 0, 40, 40, 5, 14, 21, 38, 29, 4, 11, 20, 27, 0, 0, 42, 40]);
objective = 204;
predecessor = array2d(1..2, 1..13, [10, 1, 2, 3, 4, 11, 6, 7, 8, 13, 12, 5, 9, 10, 1, 2, 5, 3, 11, 6, 7, 8, 13, 12, 4, 9]);
successor = array2d(1..2, 1..13, [2, 3, 4, 5, 12, 7, 8, 9, 13, 1, 6, 11, 10, 2, 3, 5, 12, 4, 7, 8, 9, 13, 1, 6, 11, 10]);
vehicle = array1d(1..13, [1, 1, 1, 1, 1, 2, 2, 2, 2, 1, 2, 1, 2]);
----------
arrivalTime = array2d(1..2, 1..13, [5, 14, 21, 29, 33, 4, 11, 20, 27, 0, 0, 40, 40, 25, 34, 3, 20, 11, 4, 11, 20, 27, 0, 0, 41, 40]);
objective = 202;
predecessor = array2d(1..2, 1..13, [10, 1, 2, 3, 4, 11, 6, 7, 8, 13, 12, 5, 9, 4, 1, 10, 5, 3, 11, 6, 7, 8, 13, 12, 2, 9]);
successor = array2d(1..2, 1..13, [2, 3, 4, 5, 12, 7, 8, 9, 13, 1, 6, 11, 10, 2, 12, 5, 1, 4, 7, 8, 9, 13, 3, 6, 11, 10]);
vehicle = array1d(1..13, [1, 1, 1, 1, 1, 2, 2, 2, 2, 1, 2, 1, 2]);
----------
arrivalTime = array2d(1..2, 1..13, [5, 14, 21, 35, 29, 16, 23, 32, 7, 0, 0, 39, 39, 5, 14, 21, 38, 29, 4, 11, 20, 27, 0, 0, 42, 40]);
objective = 201;
predecessor = array2d(1..2, 1..13, [10, 1, 2, 5, 3, 9, 6, 7, 11, 13, 12, 4, 8, 10, 1, 2, 5, 3, 11, 6, 7, 8, 13, 12, 4, 9]);
successor = array2d(1..2, 1..13, [2, 3, 5, 12, 4, 7, 8, 13, 6, 1, 9, 11, 10, 2, 3, 5, 12, 4, 7, 8, 9, 13, 1, 6, 11, 10]);
vehicle = array1d(1..13, [1, 1, 1, 1, 1, 2, 2, 2, 2, 1, 2, 1, 2]);
----------
arrivalTime = array2d(1..2, 1..13, [5, 14, 21, 35, 29, 16, 23, 32, 7, 0, 0, 39, 39, 25, 34, 3, 20, 11, 4, 11, 20, 27, 0, 0, 41, 40]);
objective = 199;
predecessor = array2d(1..2, 1..13, [10, 1, 2, 5, 3, 9, 6, 7, 11, 13, 12, 4, 8, 4, 1, 10, 5, 3, 11, 6, 7, 8, 13, 12, 2, 9]);
successor = array2d(1..2, 1..13, [2, 3, 5, 12, 4, 7, 8, 13, 6, 1, 9, 11, 10, 2, 12, 5, 1, 4, 7, 8, 9, 13, 3, 6, 11, 10]);
vehicle = array1d(1..13, [1, 1, 1, 1, 1, 2, 2, 2, 2, 1, 2, 1, 2]);
----------
arrivalTime = array2d(1..2, 1..13, [22, 31, 3, 17, 11, 11, 18, 5, 23, 0, 0, 38, 36, 5, 14, 21, 38, 29, 4, 11, 20, 27, 0, 0, 42, 40]);
objective = 198;
predecessor = array2d(1..2, 1..13, [4, 1, 10, 5, 3, 8, 6, 11, 7, 13, 12, 2, 9, 10, 1, 2, 5, 3, 11, 6, 7, 8, 13, 12, 4, 9]);
successor = array2d(1..2, 1..13, [2, 12, 5, 1, 4, 7, 9, 6, 13, 3, 8, 11, 10, 2, 3, 5, 12, 4, 7, 8, 9, 13, 1, 6, 11, 10]);
vehicle = array1d(1..13, [1, 1, 1, 1, 1, 2, 2, 2, 2, 1, 2, 1, 2]);
----------
arrivalTime = array2d(1..2, 1..13, [22, 31, 3, 17, 11, 11, 18, 5, 23, 0, 0, 38, 36, 25, 34, 3, 20, 11, 4, 11, 20, 27, 0, 0, 41, 40]);
objective = 196;
predecessor = array2d(1..2, 1..13, [4, 1, 10, 5, 3, 8, 6, 11, 7, 13, 12, 2, 9, 4, 1, 10, 5, 3, 11, 6, 7, 8, 13, 12, 2, 9]);
successor = array2d(1..2, 1..13, [2, 12, 5, 1, 4, 7, 9, 6, 13, 3, 8, 11, 10, 2, 12, 5, 1, 4, 7, 8, 9, 13, 3, 6, 11, 10]);
vehicle = array1d(1..13, [1, 1, 1, 1, 1, 2, 2, 2, 2, 1, 2, 1, 2]);
----------
arrivalTime = array2d(1..2, 1..13, [15, 24, 31, 10, 4, 11, 18, 5, 23, 0, 0, 36, 36, 5, 14, 21, 38, 29, 4, 11, 20, 27, 0, 0, 42, 40]);
objective = 192;
predecessor = array2d(1..2, 1..13, [4, 1, 2, 5, 10, 8, 6, 11, 7, 13, 12, 3, 9, 10, 1, 2, 5, 3, 11, 6, 7, 8, 13, 12, 4, 9]);
successor = array2d(1..2, 1..13, [2, 3, 12, 1, 4, 7, 9, 6, 13, 5, 8, 11, 10, 2, 3, 5, 12, 4, 7, 8, 9, 13, 1, 6, 11, 10]);
vehicle = array1d(1..13, [1, 1, 1, 1, 1, 2, 2, 2, 2, 1, 2, 1, 2]);
----------
arrivalTime = array2d(1..2, 1..13, [15, 24, 31, 10, 4, 11, 18, 5, 23, 0, 0, 36, 36, 25, 34, 3, 20, 11, 4, 11, 20, 27, 0, 0, 41, 40]);
objective = 190;
predecessor = array2d(1..2, 1..13, [4, 1, 2, 5, 10, 8, 6, 11, 7, 13, 12, 3, 9, 4, 1, 10, 5, 3, 11, 6, 7, 8, 13, 12, 2, 9]);
successor = array2d(1..2, 1..13, [2, 3, 12, 1, 4, 7, 9, 6, 13, 5, 8, 11, 10, 2, 12, 5, 1, 4, 7, 8, 9, 13, 3, 6, 11, 10]);
vehicle = array1d(1..13, [1, 1, 1, 1, 1, 2, 2, 2, 2, 1, 2, 1, 2]);
----------
==========
