mznc2017_probs/cargo/challenge02_0s_1139.dzn
dT__ = array1d(1..21, [11, 10, 10, 11, 10, 11, 11, 12, 10, 11, 11, 4, 7, 6, 5, 6, 5, 8, 8, 10, 5]);
h__ = array1d(1..21, [0, 279, 411, 555, 689, 773, 956, 1128, 1393, 1469, 1655, 75, 0, 368, 600, 860, 1081, 1299, 1389, 1731, 0]);
objective = 10063;
tR = array1d(1..21, [15219, 20327, 20824, 21366, 22115, 22431, 23118, 23764, 23450, 24226, 25333, 25920, 27022, 30240, 30405, 31680, 31113, 36000, 36000, 32608, 33841]);
tS__ = array1d(1..21, [1, 5, 5, 5, 6, 6, 6, 6, 7, 7, 7, 15, 12, 16, 17, 17, 18, 18, 18, 13, 19]);
----------
dT__ = array1d(1..21, [11, 10, 10, 11, 10, 11, 11, 12, 10, 11, 12, 4, 6, 6, 5, 6, 4, 8, 8, 10, 6]);
h__ = array1d(1..21, [0, 279, 411, 555, 689, 773, 956, 1128, 1393, 1469, 1655, 307, 232, 0, 600, 860, 0, 1081, 1171, 1731, 1480]);
objective = 6502;
tR = array1d(1..21, [15219, 20327, 20824, 21366, 22115, 22431, 23118, 23764, 23450, 24226, 26811, 27398, 28800, 24901, 30405, 31680, 30240, 36000, 37440, 32608, 33841]);
tS__ = array1d(1..21, [1, 5, 5, 5, 6, 6, 6, 6, 7, 7, 7, 16, 15, 12, 17, 17, 18, 18, 19, 13, 18]);
----------
dT__ = array1d(1..21, [11, 10, 10, 11, 10, 11, 11, 12, 10, 11, 13, 4, 6, 6, 4, 7, 4, 8, 8, 10, 6]);
h__ = array1d(1..21, [0, 279, 411, 555, 689, 773, 956, 1128, 1393, 1469, 1655, 528, 232, 0, 821, 307, 0, 1081, 1171, 1731, 1480]);
objective = 5699;
tR = array1d(1..21, [15219, 20327, 20824, 21366, 22115, 22431, 23118, 23764, 23450, 24226, 28213, 28800, 29902, 24901, 28800, 29775, 30240, 36000, 38880, 32608, 33841]);
tS__ = array1d(1..21, [1, 5, 5, 5, 6, 6, 6, 6, 7, 7, 7, 17, 15, 12, 17, 15, 18, 18, 20, 13, 18]);
----------
