mznc2017_probs/crosswords/grid-puzzle06_dict-55.dzn
objective = 38;
ww = array1d(1..14, [108, 11, 1997, 1219, 232, 3220, 38, 326, 325, 160, 4, 1, 5, 1]);
xx = array2d(1..5, 1..5, [1, 13, 2, 5, 18, 2, 1, 1, 1, 1, 9, 3, 9, 5, 18, 4, 1, 12, 25, 5, 5, 1, 19, 5, 4]);
----------
objective = 39;
ww = array1d(1..14, [119, 11, 1997, 1219, 2829, 979, 38, 326, 325, 160, 4, 1, 5, 1]);
xx = array2d(1..5, 1..5, [1, 13, 16, 5, 4, 2, 1, 1, 1, 1, 9, 3, 9, 5, 18, 4, 1, 12, 25, 5, 5, 1, 19, 5, 4]);
----------
objective = 40;
ww = array1d(1..14, [119, 11, 1997, 1272, 2831, 1034, 38, 326, 356, 135, 4, 14, 5, 5]);
xx = array2d(1..5, 1..5, [1, 13, 16, 5, 4, 2, 1, 1, 1, 5, 9, 3, 9, 5, 18, 4, 1, 14, 1, 2, 5, 14, 20, 18, 25]);
----------
objective = 46;
ww = array1d(1..14, [109, 11, 1997, 1292, 235, 4100, 38, 326, 633, 152, 4, 22, 9, 1]);
xx = array2d(1..5, 1..5, [1, 13, 2, 9, 20, 2, 1, 1, 1, 1, 9, 3, 9, 5, 18, 4, 1, 26, 15, 15, 5, 22, 5, 14, 19]);
----------
objective = 49;
ww = array1d(1..14, [109, 11, 1997, 1292, 235, 4375, 38, 326, 633, 152, 4, 22, 9, 25]);
xx = array2d(1..5, 1..5, [1, 13, 2, 9, 20, 2, 1, 1, 1, 25, 9, 3, 9, 5, 18, 4, 1, 26, 15, 15, 5, 22, 5, 14, 19]);
----------
objective = 52;
ww = array1d(1..14, [43, 11, 2003, 1304, 2410, 4138, 38, 105, 629, 382, 4, 24, 9, 5]);
xx = array2d(1..5, 1..5, [1, 4, 13, 9, 20, 2, 1, 1, 1, 5, 9, 4, 9, 15, 13, 4, 1, 26, 1, 16, 5, 24, 5, 18, 20]);
----------
objective = 53;
ww = array1d(1..14, [109, 11, 2003, 1304, 235, 4138, 38, 327, 629, 382, 4, 24, 9, 5]);
xx = array2d(1..5, 1..5, [1, 13, 2, 9, 20, 2, 1, 1, 1, 5, 9, 4, 9, 15, 13, 4, 1, 26, 1, 16, 5, 24, 5, 18, 20]);
----------
objective = 55;
ww = array1d(1..14, [174, 14, 2815, 1313, 1810, 4039, 38, 489, 292, 112, 4, 24, 5, 23]);
xx = array2d(1..5, 1..5, [1, 19, 8, 5, 19, 2, 1, 1, 1, 23, 15, 24, 9, 4, 5, 4, 1, 11, 9, 4, 5, 24, 21, 4, 5]);
----------
objective = 57;
ww = array1d(1..14, [174, 17, 2815, 1313, 1810, 4039, 38, 489, 292, 112, 22, 24, 5, 23]);
xx = array2d(1..5, 1..5, [1, 19, 8, 5, 19, 2, 1, 1, 1, 23, 15, 24, 9, 4, 5, 22, 1, 11, 9, 4, 5, 24, 21, 4, 5]);
----------
objective = 58;
ww = array1d(1..14, [22, 4, 20, 1842, 1849, 991, 38, 78, 313, 631, 19, 1, 5, 1]);
xx = array2d(1..5, 1..5, [1, 3, 8, 5, 4, 2, 1, 1, 1, 1, 1, 2, 21, 26, 26, 19, 1, 12, 9, 5, 8, 1, 19, 16, 19]);
----------
objective = 67;
ww = array1d(1..14, [36, 4, 20, 1844, 986, 1087, 38, 104, 56, 632, 19, 1, 5, 9]);
xx = array2d(1..5, 1..5, [1, 4, 4, 5, 4, 2, 1, 1, 1, 9, 1, 2, 21, 26, 26, 19, 1, 2, 9, 26, 8, 1, 19, 20, 25]);
----------
objective = 69;
ww = array1d(1..14, [107, 62, 1772, 2802, 20, 1310, 195, 331, 633, 349, 18, 21, 26, 24]);
xx = array2d(1..5, 1..5, [1, 13, 1, 26, 5, 7, 1, 2, 1, 24, 7, 18, 21, 13, 16, 18, 1, 26, 15, 15, 15, 21, 26, 15, 19]);
----------
objective = 70;
ww = array1d(1..14, [3150, 2994, 1274, 3677, 11, 4753, 296, 629, 125, 94, 2, 11, 26, 5]);
xx = array2d(1..5, 1..5, [16, 26, 1, 26, 26, 12, 1, 2, 1, 5, 5, 16, 9, 3, 19, 2, 1, 4, 15, 20, 19, 11, 5, 23, 19]);
----------
objective = 71;
ww = array1d(1..14, [3150, 3052, 3878, 1303, 53, 4753, 380, 629, 458, 573, 19, 24, 26, 5]);
xx = array2d(1..5, 1..5, [16, 26, 1, 26, 26, 15, 1, 6, 1, 5, 19, 16, 9, 22, 19, 19, 1, 18, 1, 20, 5, 24, 5, 3, 19]);
----------
objective = 72;
ww = array1d(1..14, [393, 353, 107, 2021, 60, 1239, 223, 299, 573, 629, 10, 14, 26, 10]);
xx = array2d(1..5, 1..5, [2, 12, 1, 26, 5, 8, 1, 7, 1, 10, 1, 13, 1, 26, 5, 10, 1, 22, 1, 3, 9, 14, 5, 16, 20]);
----------
objective = 73;
ww = array1d(1..14, [3150, 2989, 150, 67, 66, 4761, 298, 629, 158, 403, 26, 8, 26, 15]);
xx = array2d(1..5, 1..5, [16, 26, 1, 26, 26, 12, 1, 7, 1, 15, 1, 16, 18, 15, 14, 26, 1, 5, 22, 5, 1, 8, 5, 1, 4]);
----------
objective = 74;
ww = array1d(1..14, [3150, 3001, 2779, 3583, 107, 4753, 299, 629, 632, 312, 25, 8, 26, 5]);
xx = array2d(1..5, 1..5, [16, 26, 1, 26, 26, 12, 1, 13, 1, 5, 15, 16, 1, 12, 19, 25, 1, 26, 9, 20, 19, 8, 5, 4, 19]);
----------
