mznc2019_probs/hrc/exp1-1-5425.dzn
coup_pos = array1d(1..9, [1, 5, 7, 1, 7, 3, 1, 1, 9]);
objective = 10;
single_pos = array1d(19..90, [1, 3, 1, 2, 2, 1, 1, 1, 3, 1, 1, 2, 1, 1, 1, 1, 1, 2, 1, 1, 2, 2, 1, 2, 2, 2, 2, 4, 1, 1, 1, 2, 2, 1, 1, 1, 1, 2, 1, 3, 4, 1, 2, 1, 2, 1, 3, 2, 2, 1, 1, 1, 1, 1, 1, 3, 1, 1, 1, 1, 2, 2, 2, 1, 1, 1, 1, 2, 1, 2, 1, 1]);
----------
coup_pos = array1d(1..9, [1, 6, 7, 1, 7, 3, 1, 1, 9]);
objective = 9;
single_pos = array1d(19..90, [2, 3, 1, 2, 2, 1, 1, 1, 3, 1, 1, 2, 1, 1, 1, 1, 1, 2, 1, 1, 2, 2, 1, 2, 2, 2, 2, 4, 1, 1, 1, 2, 2, 1, 1, 1, 1, 2, 1, 3, 1, 1, 2, 1, 2, 1, 1, 2, 2, 1, 1, 1, 1, 1, 1, 3, 1, 1, 1, 1, 2, 2, 2, 1, 1, 1, 1, 2, 1, 2, 1, 1]);
----------
==========
