mznc2017_probs/cargo/challenge16_10720f_4243.dzn
dT__ = array1d(1..70, [11, 12, 10, 11, 10, 11, 10, 11, 11, 11, 6, 6, 6, 10, 8, 8, 7, 8, 8, 6, 8, 8, 6, 8, 9, 6, 6, 6, 4, 7, 5, 6, 8, 9, 7, 6, 7, 8, 8, 4, 6, 7, 7, 6, 6, 4, 7, 8, 8, 4, 8, 4, 6, 4, 5, 8, 7, 8, 12, 8, 9, 6, 6, 6, 8, 8, 8, 8, 9, 7]);
h__ = array1d(1..70, [0, 324, 562, 656, 839, 919, 1148, 1300, 1456, 1514, 0, 141, 343, 1736, 517, 663, 907, 1048, 1237, 0, 1550, 1595, 299, 475, 701, 894, 1060, 1221, 1349, 1679, 0, 287, 894, 1752, 1349, 448, 0, 1662, 1174, 1323, 244, 565, 824, 961, 1121, 1389, 0, 68, 1641, 141, 187, 223, 341, 440, 882, 621, 1195, 0, 1746, 1511, 138, 882, 318, 600, 1190, 1513, 725, 318, 0, 54]);
objective = 186012;
tR = array1d(1..70, [15688, 16906, 16577, 16932, 17620, 18329, 18962, 19756, 20342, 21045, 24480, 25920, 26065, 28484, 28635, 29185, 29509, 30038, 32453, 34560, 33557, 33954, 34560, 40320, 41168, 38880, 38880, 41760, 39484, 38019, 41895, 43200, 50400, 41255, 48925, 50400, 51634, 52549, 53280, 54720, 59040, 60244, 61217, 59040, 63360, 60480, 62803, 63360, 63634, 64028, 64201, 64800, 67680, 66240, 70525, 72000, 72979, 74880, 75400, 74880, 78223, 79200, 76320, 80640, 86400, 86400, 83520, 87377, 88245, 87613]);
tS__ = array1d(1..70, [1, 1, 2, 2, 3, 3, 4, 4, 4, 5, 12, 13, 13, 10, 13, 13, 14, 14, 16, 19, 16, 16, 19, 21, 21, 22, 22, 24, 24, 20, 25, 25, 28, 20, 28, 30, 30, 29, 30, 35, 36, 36, 36, 36, 39, 39, 37, 37, 37, 41, 37, 42, 42, 43, 45, 43, 45, 45, 41, 45, 46, 50, 48, 51, 53, 53, 51, 54, 53, 55]);
----------
dT__ = array1d(1..70, [11, 12, 10, 11, 10, 11, 10, 11, 11, 11, 6, 6, 6, 10, 8, 8, 7, 8, 8, 6, 8, 8, 6, 8, 9, 6, 6, 6, 4, 7, 5, 6, 8, 9, 7, 6, 7, 8, 8, 4, 6, 7, 7, 6, 6, 4, 7, 8, 8, 4, 8, 4, 6, 4, 5, 8, 7, 8, 12, 8, 9, 6, 6, 6, 8, 8, 8, 7, 9, 6]);
h__ = array1d(1..70, [0, 324, 562, 656, 839, 919, 1148, 1300, 1456, 1514, 0, 141, 343, 1736, 517, 663, 907, 1048, 1237, 0, 1550, 1595, 299, 475, 701, 894, 1060, 1221, 1349, 1679, 0, 287, 894, 1752, 1349, 448, 0, 1662, 1174, 1323, 244, 565, 824, 961, 1121, 1389, 0, 68, 1641, 141, 187, 223, 341, 440, 882, 621, 1195, 0, 1746, 1511, 138, 882, 565, 440, 1190, 1513, 318, 0, 436, 847]);
objective = 185146;
tR = array1d(1..70, [15688, 16906, 16577, 16932, 17620, 18329, 18962, 19756, 20342, 21045, 24480, 25920, 26065, 28484, 28635, 29185, 29509, 30038, 32453, 34560, 33557, 33954, 34560, 40320, 41168, 38880, 38880, 41760, 39484, 38019, 41895, 43200, 50400, 41255, 48925, 50400, 51634, 52549, 53280, 54720, 59040, 60244, 61217, 59040, 63360, 60480, 62803, 63360, 63634, 64028, 64201, 64800, 67680, 66240, 70525, 72000, 72979, 74880, 75400, 74880, 78223, 79200, 80640, 75454, 86400, 86400, 79200, 87377, 88245, 87840]);
tS__ = array1d(1..70, [1, 1, 2, 2, 3, 3, 4, 4, 4, 5, 12, 13, 13, 10, 13, 13, 14, 14, 16, 19, 16, 16, 19, 21, 21, 22, 22, 24, 24, 20, 25, 25, 28, 20, 28, 30, 30, 29, 30, 35, 36, 36, 36, 36, 39, 39, 37, 37, 37, 41, 37, 42, 42, 43, 45, 43, 45, 45, 41, 45, 46, 50, 51, 47, 53, 53, 48, 55, 53, 56]);
----------
dT__ = array1d(1..70, [11, 12, 10, 11, 10, 11, 10, 11, 11, 11, 6, 6, 6, 10, 8, 8, 7, 8, 8, 6, 8, 8, 6, 8, 9, 6, 6, 6, 4, 7, 5, 6, 8, 9, 7, 6, 7, 8, 8, 4, 6, 7, 7, 6, 6, 4, 7, 8, 8, 4, 8, 4, 6, 4, 5, 8, 7, 8, 12, 8, 8, 6, 6, 6, 8, 8, 8, 8, 9, 6]);
h__ = array1d(1..70, [0, 324, 562, 656, 839, 919, 1148, 1300, 1456, 1514, 0, 141, 343, 1736, 517, 663, 907, 1048, 1237, 0, 1550, 1595, 299, 475, 701, 894, 1060, 1221, 1349, 1679, 0, 287, 894, 1752, 1349, 448, 0, 1662, 1174, 1323, 244, 565, 824, 961, 1121, 1389, 0, 68, 1641, 141, 187, 223, 341, 440, 882, 621, 1195, 0, 1746, 1511, 440, 882, 138, 138, 1190, 620, 0, 1513, 1744, 880]);
objective = 184572;
tR = array1d(1..70, [15688, 16906, 16577, 16932, 17620, 18329, 18962, 19756, 20342, 21045, 24480, 25920, 26065, 28484, 28635, 29185, 29509, 30038, 32453, 34560, 33557, 33954, 34560, 40320, 41168, 38880, 38880, 41760, 39484, 38019, 41895, 43200, 50400, 41255, 48925, 50400, 51634, 52549, 53280, 54720, 59040, 60244, 61217, 59040, 63360, 60480, 62803, 63360, 63634, 64028, 64201, 64800, 67680, 66240, 70525, 72000, 72979, 74880, 75400, 74880, 78223, 79200, 82080, 73440, 86400, 83520, 86400, 86844, 87712, 87840]);
tS__ = array1d(1..70, [1, 1, 2, 2, 3, 3, 4, 4, 4, 5, 12, 13, 13, 10, 13, 13, 14, 14, 16, 19, 16, 16, 19, 21, 21, 22, 22, 24, 24, 20, 25, 25, 28, 20, 28, 30, 30, 29, 30, 35, 36, 36, 36, 36, 39, 39, 37, 37, 37, 41, 37, 42, 42, 43, 45, 43, 45, 45, 41, 45, 47, 50, 52, 46, 53, 51, 53, 53, 53, 56]);
----------
dT__ = array1d(1..70, [11, 12, 10, 11, 10, 11, 10, 11, 11, 11, 6, 6, 6, 10, 8, 8, 7, 8, 8, 6, 8, 8, 6, 8, 9, 6, 6, 6, 4, 7, 5, 6, 8, 9, 7, 6, 7, 8, 8, 4, 6, 7, 7, 6, 6, 4, 7, 8, 8, 4, 8, 4, 6, 4, 5, 8, 7, 8, 12, 8, 7, 6, 6, 6, 8, 8, 8, 9, 9, 6]);
h__ = array1d(1..70, [0, 324, 562, 656, 839, 919, 1148, 1300, 1456, 1514, 0, 141, 343, 1736, 517, 663, 907, 1048, 1237, 0, 1550, 1595, 299, 475, 701, 894, 1060, 1221, 1349, 1679, 0, 287, 894, 1752, 1349, 448, 0, 1662, 1174, 1323, 244, 565, 824, 961, 1121, 1389, 0, 68, 1641, 141, 187, 223, 341, 440, 882, 621, 1195, 0, 1746, 1511, 263, 882, 443, 138, 1190, 0, 725, 1513, 1744, 843]);
objective = 183132;
tR = array1d(1..70, [15688, 16906, 16577, 16932, 17620, 18329, 18962, 19756, 20342, 21045, 24480, 25920, 26065, 28484, 28635, 29185, 29509, 30038, 32453, 34560, 33557, 33954, 34560, 40320, 41168, 38880, 38880, 41760, 39484, 38019, 41895, 43200, 50400, 41255, 48925, 50400, 51634, 52549, 53280, 54720, 59040, 60244, 61217, 59040, 63360, 60480, 62803, 63360, 63634, 64028, 64201, 64800, 67680, 66240, 70525, 72000, 72979, 74880, 75400, 74880, 78223, 79200, 80640, 73440, 86400, 86400, 83520, 87377, 88245, 87840]);
tS__ = array1d(1..70, [1, 1, 2, 2, 3, 3, 4, 4, 4, 5, 12, 13, 13, 10, 13, 13, 14, 14, 16, 19, 16, 16, 19, 21, 21, 22, 22, 24, 24, 20, 25, 25, 28, 20, 28, 30, 30, 29, 30, 35, 36, 36, 36, 36, 39, 39, 37, 37, 37, 41, 37, 42, 42, 43, 45, 43, 45, 45, 41, 45, 48, 50, 51, 46, 53, 53, 51, 53, 53, 56]);
----------
dT__ = array1d(1..70, [11, 12, 10, 11, 10, 11, 10, 11, 11, 11, 6, 6, 6, 10, 8, 8, 7, 8, 8, 6, 8, 8, 6, 8, 9, 6, 6, 6, 4, 7, 5, 6, 8, 9, 7, 6, 7, 8, 8, 4, 6, 7, 7, 6, 6, 4, 7, 8, 8, 4, 8, 4, 6, 4, 5, 8, 7, 8, 12, 8, 6, 6, 6, 6, 8, 8, 8, 7, 8, 7]);
h__ = array1d(1..70, [0, 324, 562, 656, 839, 919, 1148, 1300, 1456, 1514, 0, 141, 343, 1736, 517, 663, 907, 1048, 1237, 0, 1550, 1595, 299, 475, 701, 894, 1060, 1221, 1349, 1679, 0, 287, 894, 1752, 1349, 448, 0, 1662, 1174, 1323, 244, 565, 824, 961, 1121, 1389, 0, 68, 1641, 141, 187, 223, 341, 440, 882, 621, 1195, 0, 1746, 1511, 882, 545, 263, 138, 1062, 0, 1385, 1503, 1734, 260]);
objective = 180252;
tR = array1d(1..70, [15688, 16906, 16577, 16932, 17620, 18329, 18962, 19756, 20342, 21045, 24480, 25920, 26065, 28484, 28635, 29185, 29509, 30038, 32453, 34560, 33557, 33954, 34560, 40320, 41168, 38880, 38880, 41760, 39484, 38019, 41895, 43200, 50400, 41255, 48925, 50400, 51634, 52549, 53280, 54720, 59040, 60244, 61217, 59040, 63360, 60480, 62803, 63360, 63634, 64028, 64201, 64800, 67680, 66240, 70525, 72000, 72979, 74880, 75400, 74880, 79663, 80640, 76320, 73440, 84960, 86400, 84960, 85404, 86400, 86605]);
tS__ = array1d(1..70, [1, 1, 2, 2, 3, 3, 4, 4, 4, 5, 12, 13, 13, 10, 13, 13, 14, 14, 16, 19, 16, 16, 19, 21, 21, 22, 22, 24, 24, 20, 25, 25, 28, 20, 28, 30, 30, 29, 30, 35, 36, 36, 36, 36, 39, 39, 37, 37, 37, 41, 37, 42, 42, 43, 45, 43, 45, 45, 41, 45, 50, 51, 48, 46, 52, 53, 52, 53, 53, 54]);
----------
dT__ = array1d(1..70, [11, 12, 10, 11, 10, 11, 10, 11, 11, 11, 6, 6, 6, 10, 8, 8, 7, 8, 8, 6, 8, 8, 6, 8, 9, 6, 6, 6, 4, 7, 5, 6, 8, 9, 7, 6, 7, 8, 8, 4, 6, 7, 7, 6, 6, 4, 7, 8, 8, 4, 8, 4, 6, 4, 5, 8, 7, 8, 12, 8, 6, 7, 6, 7, 8, 8, 8, 6, 15, 6]);
h__ = array1d(1..70, [0, 324, 562, 656, 839, 919, 1148, 1300, 1456, 1514, 0, 141, 343, 1736, 517, 663, 907, 1048, 1237, 0, 1550, 1595, 299, 475, 701, 894, 1060, 1221, 1349, 1679, 0, 287, 894, 1752, 1349, 448, 0, 1662, 1174, 1323, 244, 565, 824, 961, 1121, 1389, 0, 68, 1641, 141, 187, 223, 341, 440, 882, 621, 1195, 0, 1746, 138, 1511, 882, 291, 1511, 0, 573, 1190, 323, 1691, 1308]);
objective = 178884;
tR = array1d(1..70, [15688, 16906, 16577, 16932, 17620, 18329, 18962, 19756, 20342, 21045, 24480, 25920, 26065, 28484, 28635, 29185, 29509, 30038, 32453, 34560, 33557, 33954, 34560, 40320, 41168, 38880, 38880, 41760, 39484, 38019, 41895, 43200, 50400, 41255, 48925, 50400, 51634, 52549, 53280, 54720, 59040, 60244, 61217, 59040, 63360, 60480, 62803, 63360, 63634, 64028, 64201, 64800, 67680, 66240, 70525, 72000, 72979, 74880, 75400, 76320, 79200, 79877, 76320, 71395, 87840, 83520, 84960, 84960, 85828, 87840]);
tS__ = array1d(1..70, [1, 1, 2, 2, 3, 3, 4, 4, 4, 5, 12, 13, 13, 10, 13, 13, 14, 14, 16, 19, 16, 16, 19, 21, 21, 22, 22, 24, 24, 20, 25, 25, 28, 20, 28, 30, 30, 29, 30, 35, 36, 36, 36, 36, 39, 39, 37, 37, 37, 41, 37, 42, 42, 43, 45, 43, 45, 45, 41, 46, 50, 50, 48, 43, 54, 51, 52, 54, 45, 56]);
----------
dT__ = array1d(1..70, [11, 12, 10, 11, 10, 11, 10, 11, 11, 11, 6, 6, 6, 10, 8, 8, 7, 8, 8, 6, 8, 8, 6, 8, 9, 6, 6, 6, 4, 7, 5, 6, 8, 9, 7, 6, 7, 8, 8, 4, 6, 7, 7, 6, 6, 4, 7, 8, 8, 4, 8, 4, 6, 4, 5, 8, 7, 8, 8, 8, 6, 6, 6, 6, 8, 8, 8, 6, 9, 7]);
h__ = array1d(1..70, [0, 324, 562, 656, 839, 919, 1148, 1300, 1456, 1514, 0, 141, 343, 1736, 517, 663, 907, 1048, 1237, 0, 1550, 1595, 299, 475, 701, 894, 1060, 1221, 1349, 1679, 0, 287, 894, 1752, 1349, 448, 0, 1662, 1174, 1323, 244, 565, 824, 961, 1121, 1389, 0, 68, 1641, 141, 187, 223, 341, 440, 882, 621, 1195, 0, 138, 1511, 882, 473, 191, 1664, 1062, 1385, 1664, 0, 781, 231]);
objective = 178812;
tR = array1d(1..70, [15688, 16906, 16577, 16932, 17620, 18329, 18962, 19756, 20342, 21045, 24480, 25920, 26065, 28484, 28635, 29185, 29509, 30038, 32453, 34560, 33557, 33954, 34560, 40320, 41168, 38880, 38880, 41760, 39484, 38019, 41895, 43200, 50400, 41255, 48925, 50400, 51634, 52549, 53280, 54720, 59040, 60244, 61217, 59040, 63360, 60480, 62803, 63360, 63634, 64028, 64201, 64800, 67680, 66240, 70525, 72000, 72979, 74880, 75400, 74880, 79663, 80640, 76320, 72000, 84960, 86400, 83520, 84960, 85828, 86033]);
tS__ = array1d(1..70, [1, 1, 2, 2, 3, 3, 4, 4, 4, 5, 12, 13, 13, 10, 13, 13, 14, 14, 16, 19, 16, 16, 19, 21, 21, 22, 22, 24, 24, 20, 25, 25, 28, 20, 28, 30, 30, 29, 30, 35, 36, 36, 36, 36, 39, 39, 37, 37, 37, 41, 37, 42, 42, 43, 45, 43, 45, 45, 45, 45, 50, 51, 48, 45, 52, 53, 51, 54, 51, 54]);
----------
dT__ = array1d(1..70, [11, 12, 10, 11, 10, 11, 10, 11, 11, 11, 6, 6, 6, 10, 8, 8, 7, 8, 8, 6, 8, 8, 6, 8, 9, 6, 6, 6, 4, 7, 5, 6, 8, 9, 7, 6, 7, 8, 8, 4, 6, 7, 7, 6, 6, 4, 7, 8, 8, 4, 8, 4, 6, 4, 5, 8, 7, 8, 8, 8, 6, 6, 6, 7, 8, 8, 8, 7, 9, 6]);
h__ = array1d(1..70, [0, 324, 562, 656, 839, 919, 1148, 1300, 1456, 1514, 0, 141, 343, 1736, 517, 663, 907, 1048, 1237, 0, 1550, 1595, 299, 475, 701, 894, 1060, 1221, 1349, 1679, 0, 287, 894, 1752, 1349, 448, 0, 1662, 1174, 1323, 244, 565, 824, 961, 1121, 1389, 0, 68, 1641, 141, 187, 223, 341, 440, 882, 621, 1195, 0, 138, 1636, 882, 473, 191, 1511, 1062, 1385, 0, 118, 1645, 781]);
objective = 178207;
tR = array1d(1..70, [15688, 16906, 16577, 16932, 17620, 18329, 18962, 19756, 20342, 21045, 24480, 25920, 26065, 28484, 28635, 29185, 29509, 30038, 32453, 34560, 33557, 33954, 34560, 40320, 41168, 38880, 38880, 41760, 39484, 38019, 41895, 43200, 50400, 41255, 48925, 50400, 51634, 52549, 53280, 54720, 59040, 60244, 61217, 59040, 63360, 60480, 62803, 63360, 63634, 64028, 64201, 64800, 67680, 66240, 70525, 72000, 72979, 74880, 75400, 74880, 79663, 80640, 76320, 71395, 84960, 86400, 86400, 86844, 87712, 87840]);
tS__ = array1d(1..70, [1, 1, 2, 2, 3, 3, 4, 4, 4, 5, 12, 13, 13, 10, 13, 13, 14, 14, 16, 19, 16, 16, 19, 21, 21, 22, 22, 24, 24, 20, 25, 25, 28, 20, 28, 30, 30, 29, 30, 35, 36, 36, 36, 36, 39, 39, 37, 37, 37, 41, 37, 42, 42, 43, 45, 43, 45, 45, 45, 45, 50, 51, 48, 43, 52, 53, 53, 54, 53, 56]);
----------
dT__ = array1d(1..70, [11, 12, 10, 11, 10, 11, 10, 11, 11, 11, 6, 6, 6, 10, 8, 8, 7, 8, 8, 6, 8, 8, 6, 8, 9, 6, 6, 6, 4, 7, 5, 6, 8, 9, 7, 6, 7, 8, 8, 4, 6, 7, 7, 6, 6, 4, 7, 8, 8, 4, 8, 4, 6, 4, 5, 8, 7, 8, 6, 8, 7, 6, 6, 7, 8, 8, 8, 7, 9, 6]);
h__ = array1d(1..70, [0, 324, 562, 656, 839, 919, 1148, 1300, 1456, 1514, 0, 141, 343, 1736, 517, 663, 907, 1048, 1237, 0, 1550, 1595, 299, 475, 701, 894, 1060, 1221, 1349, 1679, 0, 287, 894, 1752, 1349, 448, 0, 1662, 1174, 1323, 244, 565, 824, 961, 1121, 1389, 0, 68, 1641, 141, 187, 223, 341, 440, 882, 621, 1195, 462, 1513, 1636, 282, 882, 0, 1511, 1190, 600, 0, 1566, 118, 172]);
objective = 177687;
tR = array1d(1..70, [15688, 16906, 16577, 16932, 17620, 18329, 18962, 19756, 20342, 21045, 24480, 25920, 26065, 28484, 28635, 29185, 29509, 30038, 32453, 34560, 33557, 33954, 34560, 40320, 41168, 38880, 38880, 41760, 39484, 38019, 41895, 43200, 50400, 41255, 48925, 50400, 51634, 52549, 53280, 54720, 59040, 60244, 61217, 59040, 63360, 60480, 62803, 63360, 63634, 64028, 64201, 64800, 67680, 66240, 70525, 72000, 72979, 78380, 79200, 74880, 78223, 79200, 73440, 71395, 84960, 83520, 84960, 85404, 86272, 86400]);
tS__ = array1d(1..70, [1, 1, 2, 2, 3, 3, 4, 4, 4, 5, 12, 13, 13, 10, 13, 13, 14, 14, 16, 19, 16, 16, 19, 21, 21, 22, 22, 24, 24, 20, 25, 25, 28, 20, 28, 30, 30, 29, 30, 35, 36, 36, 36, 36, 39, 39, 37, 37, 37, 41, 37, 42, 42, 43, 45, 43, 45, 47, 50, 45, 48, 50, 46, 43, 52, 51, 52, 53, 52, 55]);
----------
