mznc2018_probs/gfd-schedule/n65f2d50m20k10.dzn
assignedGroup = array1d(1..65, [17, 29, 30, 60, 44, 29, 10, 12, 17, 1, 29, 1, 17, 1, 60, 61, 18, 44, 25, 38, 55, 39, 44, 55, 29, 45, 61, 13, 30, 29, 56, 44, 10, 1, 44, 38, 39, 61, 12, 25, 17, 56, 1, 29, 17, 12, 1, 45, 55, 1, 30, 17, 1, 38, 25, 44, 13, 39, 45, 25, 18, 61, 1, 44, 44]);
groupFacility = array1d(1..65, [1, 0, 0, 0, 0, 0, 0, 0, 0, 2, 0, 1, 2, 0, 0, 0, 1, 2, 0, 0, 0, 0, 0, 0, 2, 0, 0, 0, 2, 1, 0, 0, 0, 0, 0, 0, 0, 2, 1, 0, 0, 0, 0, 2, 1, 0, 0, 0, 0, 0, 0, 0, 0, 0, 1, 2, 0, 0, 0, 1, 2, 0, 0, 0, 0]);
groupProcessDay = array1d(1..65, [26, 0, 0, 0, 0, 0, 0, 0, 0, 5, 0, 27, 26, 0, 0, 0, 28, 20, 0, 0, 0, 0, 0, 0, 27, 0, 0, 0, 28, 29, 0, 0, 0, 0, 0, 0, 0, 29, 30, 0, 0, 0, 0, 30, 31, 0, 0, 0, 0, 0, 0, 0, 0, 0, 32, 31, 0, 0, 0, 33, 32, 0, 0, 0, 0]);
itemProcessDay = array1d(1..65, [28, 28, 29, 33, 30, 28, 5, 27, 28, 26, 28, 26, 28, 26, 33, 32, 20, 30, 27, 29, 32, 30, 30, 32, 28, 31, 32, 26, 29, 28, 31, 30, 5, 26, 30, 29, 30, 32, 27, 27, 28, 31, 26, 28, 28, 27, 26, 31, 32, 26, 29, 28, 26, 29, 27, 30, 26, 30, 31, 27, 20, 32, 26, 30, 30]);
objective = 2117;
----------
assignedGroup = array1d(1..65, [17, 29, 30, 60, 44, 29, 10, 12, 17, 1, 29, 1, 17, 1, 60, 61, 18, 44, 25, 38, 55, 39, 44, 55, 29, 45, 61, 13, 30, 29, 56, 44, 10, 1, 44, 38, 39, 61, 12, 25, 17, 56, 1, 29, 17, 12, 1, 45, 55, 1, 30, 17, 1, 38, 25, 44, 13, 39, 45, 25, 18, 61, 1, 44, 44]);
groupFacility = array1d(1..65, [1, 0, 0, 0, 0, 0, 0, 0, 0, 2, 0, 1, 2, 0, 0, 0, 1, 2, 0, 0, 0, 0, 0, 0, 2, 0, 0, 0, 2, 1, 0, 0, 0, 0, 0, 0, 0, 2, 1, 0, 0, 0, 0, 2, 1, 0, 0, 0, 0, 0, 0, 0, 0, 0, 1, 2, 0, 0, 0, 1, 2, 0, 0, 0, 0]);
groupProcessDay = array1d(1..65, [26, 0, 0, 0, 0, 0, 0, 0, 0, 5, 0, 27, 26, 0, 0, 0, 28, 20, 0, 0, 0, 0, 0, 0, 27, 0, 0, 0, 28, 29, 0, 0, 0, 0, 0, 0, 0, 30, 30, 0, 0, 0, 0, 29, 31, 0, 0, 0, 0, 0, 0, 0, 0, 0, 32, 31, 0, 0, 0, 33, 32, 0, 0, 0, 0]);
itemProcessDay = array1d(1..65, [28, 28, 29, 33, 29, 28, 5, 27, 28, 26, 28, 26, 28, 26, 33, 32, 20, 29, 27, 30, 32, 30, 29, 32, 28, 31, 32, 26, 29, 28, 31, 29, 5, 26, 29, 30, 30, 32, 27, 27, 28, 31, 26, 28, 28, 27, 26, 31, 32, 26, 29, 28, 26, 30, 27, 29, 26, 30, 31, 27, 20, 32, 26, 29, 29]);
objective = 2017;
----------
assignedGroup = array1d(1..65, [17, 29, 30, 60, 44, 29, 10, 12, 17, 1, 29, 1, 17, 1, 60, 61, 18, 44, 25, 38, 55, 39, 44, 55, 29, 45, 61, 13, 30, 29, 56, 44, 10, 1, 44, 38, 39, 61, 12, 25, 17, 56, 1, 29, 17, 12, 1, 45, 55, 1, 30, 17, 1, 38, 25, 44, 13, 39, 45, 25, 18, 61, 1, 44, 44]);
groupFacility = array1d(1..65, [1, 0, 0, 0, 0, 0, 0, 0, 0, 2, 0, 1, 2, 0, 0, 0, 1, 2, 0, 0, 0, 0, 0, 0, 2, 0, 0, 0, 2, 1, 0, 0, 0, 0, 0, 0, 0, 2, 1, 0, 0, 0, 0, 2, 1, 0, 0, 0, 0, 0, 0, 0, 0, 0, 1, 2, 0, 0, 0, 1, 2, 0, 0, 0, 0]);
groupProcessDay = array1d(1..65, [26, 0, 0, 0, 0, 0, 0, 0, 0, 5, 0, 27, 26, 0, 0, 0, 28, 20, 0, 0, 0, 0, 0, 0, 28, 0, 0, 0, 27, 29, 0, 0, 0, 0, 0, 0, 0, 30, 30, 0, 0, 0, 0, 29, 31, 0, 0, 0, 0, 0, 0, 0, 0, 0, 32, 31, 0, 0, 0, 33, 32, 0, 0, 0, 0]);
itemProcessDay = array1d(1..65, [28, 27, 29, 33, 29, 27, 5, 27, 28, 26, 27, 26, 28, 26, 33, 32, 20, 29, 28, 30, 32, 30, 29, 32, 27, 31, 32, 26, 29, 27, 31, 29, 5, 26, 29, 30, 30, 32, 27, 28, 28, 31, 26, 27, 28, 27, 26, 31, 32, 26, 29, 28, 26, 30, 28, 29, 26, 30, 31, 28, 20, 32, 26, 29, 29]);
objective = 1917;
----------
assignedGroup = array1d(1..65, [17, 29, 30, 60, 44, 29, 10, 12, 17, 1, 29, 1, 17, 1, 60, 61, 18, 44, 25, 38, 55, 39, 44, 55, 29, 45, 61, 13, 30, 29, 56, 44, 10, 1, 44, 38, 39, 61, 12, 25, 17, 56, 1, 29, 17, 12, 1, 45, 55, 1, 30, 17, 1, 38, 25, 44, 13, 39, 45, 25, 18, 61, 1, 44, 44]);
groupFacility = array1d(1..65, [1, 0, 0, 0, 0, 0, 0, 0, 0, 2, 0, 1, 2, 0, 0, 0, 1, 2, 0, 0, 0, 0, 0, 0, 2, 0, 0, 0, 2, 1, 0, 0, 0, 0, 0, 0, 0, 2, 1, 0, 0, 0, 0, 2, 1, 0, 0, 0, 0, 0, 0, 0, 0, 0, 1, 2, 0, 0, 0, 1, 2, 0, 0, 0, 0]);
groupProcessDay = array1d(1..65, [26, 0, 0, 0, 0, 0, 0, 0, 0, 5, 0, 27, 26, 0, 0, 0, 28, 20, 0, 0, 0, 0, 0, 0, 30, 0, 0, 0, 27, 29, 0, 0, 0, 0, 0, 0, 0, 29, 30, 0, 0, 0, 0, 28, 31, 0, 0, 0, 0, 0, 0, 0, 0, 0, 32, 31, 0, 0, 0, 33, 32, 0, 0, 0, 0]);
itemProcessDay = array1d(1..65, [28, 27, 29, 33, 28, 27, 5, 27, 28, 26, 27, 26, 28, 26, 33, 32, 20, 28, 30, 29, 32, 30, 28, 32, 27, 31, 32, 26, 29, 27, 31, 28, 5, 26, 28, 29, 30, 32, 27, 30, 28, 31, 26, 27, 28, 27, 26, 31, 32, 26, 29, 28, 26, 29, 30, 28, 26, 30, 31, 30, 20, 32, 26, 28, 28]);
objective = 1817;
----------
assignedGroup = array1d(1..65, [17, 29, 30, 60, 44, 29, 10, 12, 17, 1, 29, 1, 17, 1, 60, 61, 18, 44, 25, 38, 55, 39, 44, 55, 29, 45, 61, 13, 30, 29, 56, 44, 10, 1, 44, 38, 39, 61, 12, 25, 17, 56, 1, 29, 17, 12, 1, 45, 55, 1, 30, 17, 1, 38, 25, 44, 13, 39, 45, 25, 18, 61, 1, 44, 44]);
groupFacility = array1d(1..65, [1, 0, 0, 0, 0, 0, 0, 0, 0, 2, 0, 1, 2, 0, 0, 0, 1, 2, 0, 0, 0, 0, 0, 0, 2, 0, 0, 0, 2, 1, 0, 0, 0, 0, 0, 0, 0, 2, 1, 0, 0, 0, 0, 2, 1, 0, 0, 0, 0, 0, 0, 0, 0, 0, 1, 2, 0, 0, 0, 1, 2, 0, 0, 0, 0]);
groupProcessDay = array1d(1..65, [26, 0, 0, 0, 0, 0, 0, 0, 0, 5, 0, 27, 26, 0, 0, 0, 28, 20, 0, 0, 0, 0, 0, 0, 30, 0, 0, 0, 27, 29, 0, 0, 0, 0, 0, 0, 0, 28, 30, 0, 0, 0, 0, 29, 31, 0, 0, 0, 0, 0, 0, 0, 0, 0, 32, 31, 0, 0, 0, 33, 32, 0, 0, 0, 0]);
itemProcessDay = array1d(1..65, [28, 27, 29, 33, 29, 27, 5, 27, 28, 26, 27, 26, 28, 26, 33, 32, 20, 29, 30, 28, 32, 30, 29, 32, 27, 31, 32, 26, 29, 27, 31, 29, 5, 26, 29, 28, 30, 32, 27, 30, 28, 31, 26, 27, 28, 27, 26, 31, 32, 26, 29, 28, 26, 28, 30, 29, 26, 30, 31, 30, 20, 32, 26, 29, 29]);
objective = 1717;
----------
assignedGroup = array1d(1..65, [17, 29, 30, 60, 44, 29, 10, 12, 17, 1, 29, 1, 17, 1, 60, 61, 18, 44, 25, 38, 55, 39, 44, 55, 29, 45, 61, 13, 30, 29, 56, 44, 10, 1, 44, 38, 39, 61, 12, 25, 17, 56, 1, 29, 17, 12, 1, 45, 55, 1, 30, 17, 1, 38, 25, 44, 13, 39, 45, 25, 18, 61, 1, 44, 44]);
groupFacility = array1d(1..65, [1, 0, 0, 0, 0, 0, 0, 0, 0, 2, 0, 1, 2, 0, 0, 0, 1, 2, 0, 0, 0, 0, 0, 0, 2, 0, 0, 0, 2, 1, 0, 0, 0, 0, 0, 0, 0, 2, 1, 0, 0, 0, 0, 2, 1, 0, 0, 0, 0, 0, 0, 0, 0, 0, 1, 2, 0, 0, 0, 1, 2, 0, 0, 0, 0]);
groupProcessDay = array1d(1..65, [26, 0, 0, 0, 0, 0, 0, 0, 0, 5, 0, 27, 28, 0, 0, 0, 28, 20, 0, 0, 0, 0, 0, 0, 30, 0, 0, 0, 26, 29, 0, 0, 0, 0, 0, 0, 0, 27, 30, 0, 0, 0, 0, 29, 31, 0, 0, 0, 0, 0, 0, 0, 0, 0, 32, 31, 0, 0, 0, 33, 32, 0, 0, 0, 0]);
itemProcessDay = array1d(1..65, [28, 26, 29, 33, 29, 26, 5, 27, 28, 26, 26, 26, 28, 26, 33, 32, 20, 29, 30, 27, 32, 30, 29, 32, 26, 31, 32, 28, 29, 26, 31, 29, 5, 26, 29, 27, 30, 32, 27, 30, 28, 31, 26, 26, 28, 27, 26, 31, 32, 26, 29, 28, 26, 27, 30, 29, 28, 30, 31, 30, 20, 32, 26, 29, 29]);
objective = 1617;
----------
assignedGroup = array1d(1..65, [17, 29, 30, 60, 44, 29, 10, 12, 17, 1, 29, 1, 17, 1, 60, 61, 18, 44, 25, 38, 55, 39, 44, 55, 29, 45, 61, 13, 30, 29, 56, 44, 10, 1, 44, 38, 39, 61, 12, 25, 17, 56, 1, 29, 17, 12, 1, 45, 55, 1, 30, 17, 1, 38, 25, 44, 13, 39, 45, 25, 18, 61, 1, 44, 44]);
groupFacility = array1d(1..65, [1, 0, 0, 0, 0, 0, 0, 0, 0, 2, 0, 1, 2, 0, 0, 0, 1, 2, 0, 0, 0, 0, 0, 0, 2, 0, 0, 0, 2, 1, 0, 0, 0, 0, 0, 0, 0, 2, 1, 0, 0, 0, 0, 2, 1, 0, 0, 0, 0, 0, 0, 0, 0, 0, 1, 2, 0, 0, 0, 1, 2, 0, 0, 0, 0]);
groupProcessDay = array1d(1..65, [26, 0, 0, 0, 0, 0, 0, 0, 0, 5, 0, 27, 28, 0, 0, 0, 28, 20, 0, 0, 0, 0, 0, 0, 30, 0, 0, 0, 26, 29, 0, 0, 0, 0, 0, 0, 0, 27, 30, 0, 0, 0, 0, 29, 32, 0, 0, 0, 0, 0, 0, 0, 0, 0, 31, 31, 0, 0, 0, 33, 32, 0, 0, 0, 0]);
itemProcessDay = array1d(1..65, [28, 26, 29, 33, 29, 26, 5, 27, 28, 26, 26, 26, 28, 26, 33, 32, 20, 29, 30, 27, 31, 30, 29, 31, 26, 32, 32, 28, 29, 26, 31, 29, 5, 26, 29, 27, 30, 32, 27, 30, 28, 31, 26, 26, 28, 27, 26, 32, 31, 26, 29, 28, 26, 27, 30, 29, 28, 30, 32, 30, 20, 32, 26, 29, 29]);
objective = 1517;
----------
assignedGroup = array1d(1..65, [17, 29, 30, 60, 44, 29, 10, 12, 17, 1, 29, 1, 17, 1, 60, 61, 18, 44, 25, 38, 55, 39, 44, 55, 29, 45, 61, 13, 30, 29, 56, 44, 10, 2, 44, 38, 39, 61, 12, 25, 17, 56, 1, 29, 17, 12, 1, 45, 55, 1, 30, 17, 1, 38, 25, 44, 13, 39, 45, 25, 18, 61, 1, 44, 44]);
groupFacility = array1d(1..65, [1, 1, 0, 0, 0, 0, 0, 0, 0, 2, 0, 1, 2, 0, 0, 0, 1, 2, 0, 0, 0, 0, 0, 0, 2, 0, 0, 0, 2, 1, 0, 0, 0, 0, 0, 0, 0, 2, 1, 0, 0, 0, 0, 2, 1, 0, 0, 0, 0, 0, 0, 0, 0, 0, 1, 2, 0, 0, 0, 1, 2, 0, 0, 0, 0]);
groupProcessDay = array1d(1..65, [26, 10, 0, 0, 0, 0, 0, 0, 0, 5, 0, 27, 26, 0, 0, 0, 28, 20, 0, 0, 0, 0, 0, 0, 30, 0, 0, 0, 27, 29, 0, 0, 0, 0, 0, 0, 0, 28, 30, 0, 0, 0, 0, 29, 31, 0, 0, 0, 0, 0, 0, 0, 0, 0, 32, 31, 0, 0, 0, 33, 32, 0, 0, 0, 0]);
itemProcessDay = array1d(1..65, [28, 27, 29, 33, 29, 27, 5, 27, 28, 26, 27, 26, 28, 26, 33, 32, 20, 29, 30, 28, 32, 30, 29, 32, 27, 31, 32, 26, 29, 27, 31, 29, 5, 10, 29, 28, 30, 32, 27, 30, 28, 31, 26, 27, 28, 27, 26, 31, 32, 26, 29, 28, 26, 28, 30, 29, 26, 30, 31, 30, 20, 32, 26, 29, 29]);
objective = 1418;
----------
assignedGroup = array1d(1..65, [17, 29, 30, 60, 44, 29, 10, 12, 17, 1, 29, 1, 17, 1, 60, 61, 18, 44, 25, 38, 55, 39, 44, 55, 29, 45, 61, 13, 30, 29, 56, 44, 10, 2, 44, 38, 39, 61, 12, 25, 17, 56, 1, 29, 17, 12, 1, 45, 55, 1, 30, 17, 1, 38, 25, 44, 13, 39, 45, 25, 18, 61, 1, 44, 44]);
groupFacility = array1d(1..65, [1, 1, 0, 0, 0, 0, 0, 0, 0, 2, 0, 1, 2, 0, 0, 0, 1, 2, 0, 0, 0, 0, 0, 0, 2, 0, 0, 0, 2, 1, 0, 0, 0, 0, 0, 0, 0, 2, 1, 0, 0, 0, 0, 2, 1, 0, 0, 0, 0, 0, 0, 0, 0, 0, 1, 2, 0, 0, 0, 1, 2, 0, 0, 0, 0]);
groupProcessDay = array1d(1..65, [26, 10, 0, 0, 0, 0, 0, 0, 0, 5, 0, 27, 29, 0, 0, 0, 28, 20, 0, 0, 0, 0, 0, 0, 30, 0, 0, 0, 26, 29, 0, 0, 0, 0, 0, 0, 0, 27, 30, 0, 0, 0, 0, 28, 31, 0, 0, 0, 0, 0, 0, 0, 0, 0, 32, 31, 0, 0, 0, 33, 32, 0, 0, 0, 0]);
itemProcessDay = array1d(1..65, [28, 26, 29, 33, 28, 26, 5, 27, 28, 26, 26, 26, 28, 26, 33, 32, 20, 28, 30, 27, 32, 30, 28, 32, 26, 31, 32, 29, 29, 26, 31, 28, 5, 10, 28, 27, 30, 32, 27, 30, 28, 31, 26, 26, 28, 27, 26, 31, 32, 26, 29, 28, 26, 27, 30, 28, 29, 30, 31, 30, 20, 32, 26, 28, 28]);
objective = 1318;
----------
assignedGroup = array1d(1..65, [17, 29, 30, 60, 44, 29, 10, 12, 17, 1, 29, 1, 17, 1, 60, 61, 18, 44, 25, 38, 55, 39, 44, 55, 29, 45, 61, 13, 30, 29, 56, 44, 10, 2, 44, 38, 39, 61, 12, 25, 17, 56, 1, 29, 17, 12, 1, 45, 55, 1, 30, 17, 1, 38, 25, 44, 13, 39, 45, 25, 18, 61, 1, 44, 44]);
groupFacility = array1d(1..65, [1, 1, 0, 0, 0, 0, 0, 0, 0, 2, 0, 1, 2, 0, 0, 0, 1, 2, 0, 0, 0, 0, 0, 0, 2, 0, 0, 0, 2, 1, 0, 0, 0, 0, 0, 0, 0, 2, 1, 0, 0, 0, 0, 2, 1, 0, 0, 0, 0, 0, 0, 0, 0, 0, 1, 2, 0, 0, 0, 1, 2, 0, 0, 0, 0]);
groupProcessDay = array1d(1..65, [26, 10, 0, 0, 0, 0, 0, 0, 0, 5, 0, 27, 29, 0, 0, 0, 28, 20, 0, 0, 0, 0, 0, 0, 30, 0, 0, 0, 26, 30, 0, 0, 0, 0, 0, 0, 0, 27, 31, 0, 0, 0, 0, 28, 32, 0, 0, 0, 0, 0, 0, 0, 0, 0, 29, 31, 0, 0, 0, 33, 32, 0, 0, 0, 0]);
itemProcessDay = array1d(1..65, [28, 26, 30, 33, 28, 26, 5, 27, 28, 26, 26, 26, 28, 26, 33, 32, 20, 28, 30, 27, 29, 31, 28, 29, 26, 32, 32, 29, 30, 26, 31, 28, 5, 10, 28, 27, 31, 32, 27, 30, 28, 31, 26, 26, 28, 27, 26, 32, 29, 26, 30, 28, 26, 27, 30, 28, 29, 31, 32, 30, 20, 32, 26, 28, 28]);
objective = 1218;
----------
assignedGroup = array1d(1..65, [17, 29, 30, 60, 44, 29, 10, 12, 17, 1, 29, 1, 17, 1, 60, 61, 18, 44, 25, 38, 55, 39, 44, 55, 29, 45, 61, 13, 30, 29, 56, 44, 10, 2, 44, 38, 39, 61, 12, 25, 17, 56, 1, 29, 17, 12, 1, 45, 55, 5, 30, 17, 3, 40, 25, 44, 13, 39, 45, 25, 18, 61, 4, 44, 44]);
groupFacility = array1d(1..65, [1, 1, 1, 1, 2, 0, 0, 0, 0, 2, 0, 1, 2, 0, 0, 0, 1, 2, 0, 0, 0, 0, 0, 0, 2, 0, 0, 0, 2, 1, 0, 0, 0, 0, 0, 0, 0, 2, 1, 1, 0, 0, 0, 2, 1, 0, 0, 0, 0, 0, 0, 0, 0, 0, 1, 2, 0, 0, 0, 1, 2, 0, 0, 0, 0]);
groupProcessDay = array1d(1..65, [27, 10, 30, 31, 26, 0, 0, 0, 0, 5, 0, 28, 29, 0, 0, 0, 26, 20, 0, 0, 0, 0, 0, 0, 30, 0, 0, 0, 27, 32, 0, 0, 0, 0, 0, 0, 0, 31, 33, 5, 0, 0, 0, 28, 34, 0, 0, 0, 0, 0, 0, 0, 0, 0, 29, 32, 0, 0, 0, 35, 33, 0, 0, 0, 0]);
itemProcessDay = array1d(1..65, [26, 27, 32, 35, 28, 27, 5, 28, 26, 27, 27, 27, 26, 27, 35, 33, 20, 28, 30, 31, 29, 33, 28, 29, 27, 34, 33, 29, 32, 27, 32, 28, 5, 10, 28, 31, 33, 33, 28, 30, 26, 32, 27, 27, 26, 28, 27, 34, 29, 26, 32, 26, 30, 5, 30, 28, 29, 33, 34, 30, 20, 33, 31, 28, 28]);
objective = 1122;
----------
assignedGroup = array1d(1..65, [17, 29, 30, 60, 44, 29, 10, 12, 17, 1, 29, 1, 17, 1, 60, 61, 18, 44, 25, 38, 55, 39, 44, 55, 29, 45, 61, 13, 30, 29, 56, 44, 10, 2, 44, 38, 39, 61, 12, 25, 17, 56, 1, 29, 17, 12, 1, 45, 55, 4, 30, 17, 1, 40, 25, 44, 13, 39, 45, 25, 18, 61, 3, 44, 44]);
groupFacility = array1d(1..65, [1, 1, 1, 2, 0, 0, 0, 0, 0, 2, 0, 1, 2, 0, 0, 0, 1, 2, 0, 0, 0, 0, 0, 0, 2, 0, 0, 0, 2, 1, 0, 0, 0, 0, 0, 0, 0, 2, 1, 1, 0, 0, 0, 2, 1, 0, 0, 0, 0, 0, 0, 0, 0, 0, 1, 2, 0, 0, 0, 1, 2, 0, 0, 0, 0]);
groupProcessDay = array1d(1..65, [27, 10, 30, 26, 0, 0, 0, 0, 0, 5, 0, 28, 29, 0, 0, 0, 26, 20, 0, 0, 0, 0, 0, 0, 30, 0, 0, 0, 27, 31, 0, 0, 0, 0, 0, 0, 0, 31, 32, 5, 0, 0, 0, 28, 33, 0, 0, 0, 0, 0, 0, 0, 0, 0, 29, 32, 0, 0, 0, 34, 33, 0, 0, 0, 0]);
itemProcessDay = array1d(1..65, [26, 27, 31, 34, 28, 27, 5, 28, 26, 27, 27, 27, 26, 27, 34, 33, 20, 28, 30, 31, 29, 32, 28, 29, 27, 33, 33, 29, 31, 27, 32, 28, 5, 10, 28, 31, 32, 33, 28, 30, 26, 32, 27, 27, 26, 28, 27, 33, 29, 26, 31, 26, 27, 5, 30, 28, 29, 32, 33, 30, 20, 33, 30, 28, 28]);
objective = 1121;
----------
assignedGroup = array1d(1..65, [17, 29, 30, 60, 44, 29, 10, 12, 17, 1, 29, 1, 17, 1, 60, 61, 18, 44, 25, 38, 55, 39, 44, 55, 29, 45, 61, 13, 30, 29, 56, 44, 10, 2, 44, 38, 39, 61, 12, 25, 17, 56, 1, 29, 17, 12, 1, 45, 55, 3, 30, 17, 1, 40, 25, 44, 13, 39, 45, 25, 18, 61, 1, 44, 44]);
groupFacility = array1d(1..65, [1, 1, 2, 0, 0, 0, 0, 0, 0, 2, 0, 1, 2, 0, 0, 0, 1, 2, 0, 0, 0, 0, 0, 0, 2, 0, 0, 0, 2, 1, 0, 0, 0, 0, 0, 0, 0, 2, 1, 1, 0, 0, 0, 2, 1, 0, 0, 0, 0, 0, 0, 0, 0, 0, 1, 2, 0, 0, 0, 1, 2, 0, 0, 0, 0]);
groupProcessDay = array1d(1..65, [27, 10, 26, 0, 0, 0, 0, 0, 0, 5, 0, 28, 29, 0, 0, 0, 26, 20, 0, 0, 0, 0, 0, 0, 30, 0, 0, 0, 27, 30, 0, 0, 0, 0, 0, 0, 0, 31, 31, 5, 0, 0, 0, 28, 32, 0, 0, 0, 0, 0, 0, 0, 0, 0, 29, 32, 0, 0, 0, 33, 33, 0, 0, 0, 0]);
itemProcessDay = array1d(1..65, [26, 27, 30, 33, 28, 27, 5, 28, 26, 27, 27, 27, 26, 27, 33, 33, 20, 28, 30, 31, 29, 31, 28, 29, 27, 32, 33, 29, 30, 27, 32, 28, 5, 10, 28, 31, 31, 33, 28, 30, 26, 32, 27, 27, 26, 28, 27, 32, 29, 26, 30, 26, 27, 5, 30, 28, 29, 31, 32, 30, 20, 33, 27, 28, 28]);
objective = 1120;
----------
assignedGroup = array1d(1..65, [17, 29, 30, 60, 44, 29, 10, 12, 17, 1, 29, 1, 17, 1, 60, 61, 18, 44, 25, 38, 55, 39, 44, 55, 29, 45, 61, 13, 30, 29, 56, 44, 10, 2, 44, 38, 39, 61, 13, 25, 17, 56, 1, 29, 17, 12, 1, 45, 55, 1, 30, 17, 1, 38, 25, 44, 13, 39, 45, 25, 18, 61, 1, 44, 44]);
groupFacility = array1d(1..65, [1, 1, 0, 0, 0, 0, 0, 0, 0, 2, 0, 1, 2, 0, 0, 0, 1, 2, 0, 0, 0, 0, 0, 0, 2, 0, 0, 0, 2, 1, 0, 0, 0, 0, 0, 0, 0, 2, 1, 0, 0, 0, 0, 2, 1, 0, 0, 0, 0, 0, 0, 0, 0, 0, 1, 2, 0, 0, 0, 1, 2, 0, 0, 0, 0]);
groupProcessDay = array1d(1..65, [26, 10, 0, 0, 0, 0, 0, 0, 0, 5, 0, 29, 26, 0, 0, 0, 27, 20, 0, 0, 0, 0, 0, 0, 30, 0, 0, 0, 28, 30, 0, 0, 0, 0, 0, 0, 0, 27, 31, 0, 0, 0, 0, 29, 32, 0, 0, 0, 0, 0, 0, 0, 0, 0, 28, 31, 0, 0, 0, 33, 32, 0, 0, 0, 0]);
itemProcessDay = array1d(1..65, [27, 28, 30, 33, 29, 28, 5, 29, 27, 26, 28, 26, 27, 26, 33, 32, 20, 29, 30, 27, 28, 31, 29, 28, 28, 32, 32, 26, 30, 28, 31, 29, 5, 10, 29, 27, 31, 32, 26, 30, 27, 31, 26, 28, 27, 29, 26, 32, 28, 26, 30, 27, 26, 27, 30, 29, 26, 31, 32, 30, 20, 32, 26, 29, 29]);
objective = 1118;
----------
assignedGroup = array1d(1..65, [17, 29, 30, 60, 44, 29, 10, 12, 17, 1, 29, 1, 17, 1, 60, 61, 18, 44, 25, 38, 55, 39, 44, 55, 29, 45, 61, 13, 30, 29, 56, 44, 10, 2, 44, 38, 39, 61, 13, 25, 17, 56, 1, 29, 17, 12, 1, 45, 55, 1, 30, 17, 1, 40, 25, 44, 13, 39, 45, 25, 18, 61, 1, 44, 44]);
groupFacility = array1d(1..65, [1, 1, 0, 0, 0, 0, 0, 0, 0, 2, 0, 1, 2, 0, 0, 0, 1, 2, 0, 0, 0, 0, 0, 0, 2, 0, 0, 0, 2, 1, 0, 0, 0, 0, 0, 0, 0, 2, 1, 1, 0, 0, 0, 2, 1, 0, 0, 0, 0, 0, 0, 0, 0, 0, 1, 2, 0, 0, 0, 1, 2, 0, 0, 0, 0]);
groupProcessDay = array1d(1..65, [27, 10, 0, 0, 0, 0, 0, 0, 0, 5, 0, 29, 26, 0, 0, 0, 26, 20, 0, 0, 0, 0, 0, 0, 29, 0, 0, 0, 27, 30, 0, 0, 0, 0, 0, 0, 0, 30, 31, 5, 0, 0, 0, 28, 32, 0, 0, 0, 0, 0, 0, 0, 0, 0, 28, 31, 0, 0, 0, 33, 32, 0, 0, 0, 0]);
itemProcessDay = array1d(1..65, [26, 27, 30, 33, 28, 27, 5, 29, 26, 27, 27, 27, 26, 27, 33, 32, 20, 28, 29, 30, 28, 31, 28, 28, 27, 32, 32, 26, 30, 27, 31, 28, 5, 10, 28, 30, 31, 32, 26, 29, 26, 31, 27, 27, 26, 29, 27, 32, 28, 27, 30, 26, 27, 5, 29, 28, 26, 31, 32, 29, 20, 32, 27, 28, 28]);
objective = 1019;
----------
assignedGroup = array1d(1..65, [17, 29, 30, 60, 44, 29, 10, 12, 17, 1, 29, 1, 18, 1, 60, 61, 19, 44, 25, 38, 55, 39, 44, 55, 29, 45, 61, 13, 30, 29, 56, 44, 10, 1, 44, 38, 39, 61, 12, 25, 17, 56, 1, 29, 17, 12, 1, 45, 55, 1, 30, 17, 1, 38, 25, 44, 13, 39, 45, 25, 19, 61, 1, 44, 44]);
groupFacility = array1d(1..65, [1, 0, 0, 0, 0, 0, 0, 0, 0, 2, 0, 1, 2, 0, 0, 0, 1, 1, 2, 0, 0, 0, 0, 0, 2, 0, 0, 0, 2, 1, 0, 0, 0, 0, 0, 0, 0, 2, 1, 0, 0, 0, 0, 2, 1, 0, 0, 0, 0, 0, 0, 0, 0, 0, 1, 2, 0, 0, 0, 1, 2, 0, 0, 0, 0]);
groupProcessDay = array1d(1..65, [26, 0, 0, 0, 0, 0, 0, 0, 0, 5, 0, 27, 26, 0, 0, 0, 28, 16, 20, 0, 0, 0, 0, 0, 27, 0, 0, 0, 28, 29, 0, 0, 0, 0, 0, 0, 0, 29, 30, 0, 0, 0, 0, 30, 31, 0, 0, 0, 0, 0, 0, 0, 0, 0, 32, 31, 0, 0, 0, 33, 32, 0, 0, 0, 0]);
itemProcessDay = array1d(1..65, [28, 28, 29, 33, 30, 28, 5, 27, 28, 26, 28, 26, 16, 26, 33, 32, 20, 30, 27, 29, 32, 30, 30, 32, 28, 31, 32, 26, 29, 28, 31, 30, 5, 26, 30, 29, 30, 32, 27, 27, 28, 31, 26, 28, 28, 27, 26, 31, 32, 26, 29, 28, 26, 29, 27, 30, 26, 30, 31, 27, 20, 32, 26, 30, 30]);
objective = 1018;
----------
assignedGroup = array1d(1..65, [17, 29, 30, 60, 44, 29, 10, 12, 17, 1, 29, 1, 18, 1, 60, 61, 19, 44, 25, 38, 55, 39, 44, 55, 29, 45, 61, 13, 30, 29, 56, 44, 10, 1, 44, 38, 39, 61, 12, 25, 17, 56, 1, 29, 17, 12, 1, 45, 55, 1, 30, 17, 1, 38, 25, 44, 13, 39, 45, 25, 19, 61, 1, 44, 44]);
groupFacility = array1d(1..65, [1, 0, 0, 0, 0, 0, 0, 0, 0, 2, 0, 1, 2, 0, 0, 0, 1, 1, 2, 0, 0, 0, 0, 0, 2, 0, 0, 0, 2, 1, 0, 0, 0, 0, 0, 0, 0, 2, 1, 0, 0, 0, 0, 2, 1, 0, 0, 0, 0, 0, 0, 0, 0, 0, 1, 2, 0, 0, 0, 1, 2, 0, 0, 0, 0]);
groupProcessDay = array1d(1..65, [26, 0, 0, 0, 0, 0, 0, 0, 0, 5, 0, 27, 26, 0, 0, 0, 28, 16, 20, 0, 0, 0, 0, 0, 27, 0, 0, 0, 28, 29, 0, 0, 0, 0, 0, 0, 0, 30, 30, 0, 0, 0, 0, 29, 31, 0, 0, 0, 0, 0, 0, 0, 0, 0, 32, 31, 0, 0, 0, 33, 32, 0, 0, 0, 0]);
itemProcessDay = array1d(1..65, [28, 28, 29, 33, 29, 28, 5, 27, 28, 26, 28, 26, 16, 26, 33, 32, 20, 29, 27, 30, 32, 30, 29, 32, 28, 31, 32, 26, 29, 28, 31, 29, 5, 26, 29, 30, 30, 32, 27, 27, 28, 31, 26, 28, 28, 27, 26, 31, 32, 26, 29, 28, 26, 30, 27, 29, 26, 30, 31, 27, 20, 32, 26, 29, 29]);
objective = 918;
----------
assignedGroup = array1d(1..65, [17, 29, 30, 60, 44, 29, 10, 12, 17, 1, 29, 1, 18, 1, 60, 61, 19, 44, 25, 38, 55, 39, 44, 55, 29, 45, 61, 13, 30, 29, 56, 44, 10, 1, 44, 38, 39, 61, 12, 25, 17, 56, 1, 29, 17, 12, 1, 45, 55, 1, 30, 17, 1, 38, 25, 44, 13, 39, 45, 25, 19, 61, 1, 44, 44]);
groupFacility = array1d(1..65, [1, 0, 0, 0, 0, 0, 0, 0, 0, 2, 0, 1, 2, 0, 0, 0, 1, 1, 2, 0, 0, 0, 0, 0, 2, 0, 0, 0, 2, 1, 0, 0, 0, 0, 0, 0, 0, 2, 1, 0, 0, 0, 0, 2, 1, 0, 0, 0, 0, 0, 0, 0, 0, 0, 1, 2, 0, 0, 0, 1, 2, 0, 0, 0, 0]);
groupProcessDay = array1d(1..65, [26, 0, 0, 0, 0, 0, 0, 0, 0, 5, 0, 27, 26, 0, 0, 0, 28, 16, 20, 0, 0, 0, 0, 0, 28, 0, 0, 0, 27, 29, 0, 0, 0, 0, 0, 0, 0, 30, 30, 0, 0, 0, 0, 29, 31, 0, 0, 0, 0, 0, 0, 0, 0, 0, 32, 31, 0, 0, 0, 33, 32, 0, 0, 0, 0]);
itemProcessDay = array1d(1..65, [28, 27, 29, 33, 29, 27, 5, 27, 28, 26, 27, 26, 16, 26, 33, 32, 20, 29, 28, 30, 32, 30, 29, 32, 27, 31, 32, 26, 29, 27, 31, 29, 5, 26, 29, 30, 30, 32, 27, 28, 28, 31, 26, 27, 28, 27, 26, 31, 32, 26, 29, 28, 26, 30, 28, 29, 26, 30, 31, 28, 20, 32, 26, 29, 29]);
objective = 818;
----------
assignedGroup = array1d(1..65, [17, 29, 30, 60, 44, 29, 10, 12, 17, 1, 29, 1, 18, 1, 60, 61, 19, 44, 25, 38, 55, 39, 44, 55, 29, 45, 61, 13, 30, 29, 56, 44, 10, 1, 44, 38, 39, 61, 12, 25, 17, 56, 1, 29, 17, 12, 1, 45, 55, 1, 30, 17, 1, 38, 25, 44, 13, 39, 45, 25, 19, 61, 1, 44, 44]);
groupFacility = array1d(1..65, [1, 0, 0, 0, 0, 0, 0, 0, 0, 2, 0, 1, 2, 0, 0, 0, 1, 1, 2, 0, 0, 0, 0, 0, 2, 0, 0, 0, 2, 1, 0, 0, 0, 0, 0, 0, 0, 2, 1, 0, 0, 0, 0, 2, 1, 0, 0, 0, 0, 0, 0, 0, 0, 0, 1, 2, 0, 0, 0, 1, 2, 0, 0, 0, 0]);
groupProcessDay = array1d(1..65, [26, 0, 0, 0, 0, 0, 0, 0, 0, 5, 0, 27, 27, 0, 0, 0, 28, 16, 20, 0, 0, 0, 0, 0, 30, 0, 0, 0, 26, 29, 0, 0, 0, 0, 0, 0, 0, 29, 30, 0, 0, 0, 0, 28, 31, 0, 0, 0, 0, 0, 0, 0, 0, 0, 32, 31, 0, 0, 0, 33, 32, 0, 0, 0, 0]);
itemProcessDay = array1d(1..65, [28, 26, 29, 33, 28, 26, 5, 27, 28, 26, 26, 26, 16, 26, 33, 32, 20, 28, 30, 29, 32, 30, 28, 32, 26, 31, 32, 27, 29, 26, 31, 28, 5, 26, 28, 29, 30, 32, 27, 30, 28, 31, 26, 26, 28, 27, 26, 31, 32, 26, 29, 28, 26, 29, 30, 28, 27, 30, 31, 30, 20, 32, 26, 28, 28]);
objective = 718;
----------
assignedGroup = array1d(1..65, [17, 29, 30, 60, 44, 29, 10, 12, 17, 1, 29, 1, 18, 1, 60, 61, 19, 44, 25, 38, 55, 39, 44, 55, 29, 45, 61, 13, 30, 29, 56, 44, 10, 1, 44, 38, 39, 61, 12, 25, 17, 56, 1, 29, 17, 12, 1, 45, 55, 1, 30, 17, 1, 38, 25, 44, 13, 39, 45, 25, 19, 61, 1, 44, 44]);
groupFacility = array1d(1..65, [1, 0, 0, 0, 0, 0, 0, 0, 0, 2, 0, 1, 2, 0, 0, 0, 1, 1, 2, 0, 0, 0, 0, 0, 2, 0, 0, 0, 2, 1, 0, 0, 0, 0, 0, 0, 0, 2, 1, 0, 0, 0, 0, 2, 1, 0, 0, 0, 0, 0, 0, 0, 0, 0, 1, 2, 0, 0, 0, 1, 2, 0, 0, 0, 0]);
groupProcessDay = array1d(1..65, [26, 0, 0, 0, 0, 0, 0, 0, 0, 5, 0, 27, 27, 0, 0, 0, 28, 16, 20, 0, 0, 0, 0, 0, 30, 0, 0, 0, 26, 29, 0, 0, 0, 0, 0, 0, 0, 28, 30, 0, 0, 0, 0, 29, 31, 0, 0, 0, 0, 0, 0, 0, 0, 0, 32, 31, 0, 0, 0, 33, 32, 0, 0, 0, 0]);
itemProcessDay = array1d(1..65, [28, 26, 29, 33, 29, 26, 5, 27, 28, 26, 26, 26, 16, 26, 33, 32, 20, 29, 30, 28, 32, 30, 29, 32, 26, 31, 32, 27, 29, 26, 31, 29, 5, 26, 29, 28, 30, 32, 27, 30, 28, 31, 26, 26, 28, 27, 26, 31, 32, 26, 29, 28, 26, 28, 30, 29, 27, 30, 31, 30, 20, 32, 26, 29, 29]);
objective = 618;
----------
assignedGroup = array1d(1..65, [17, 29, 30, 60, 44, 29, 10, 12, 17, 1, 29, 1, 18, 1, 60, 61, 19, 44, 25, 38, 55, 39, 44, 55, 29, 45, 61, 13, 30, 29, 56, 44, 10, 1, 44, 38, 39, 61, 12, 25, 17, 56, 1, 29, 17, 12, 1, 45, 55, 1, 30, 17, 1, 38, 25, 44, 13, 39, 45, 25, 19, 61, 1, 44, 44]);
groupFacility = array1d(1..65, [1, 0, 0, 0, 0, 0, 0, 0, 0, 2, 0, 1, 2, 0, 0, 0, 1, 1, 2, 0, 0, 0, 0, 0, 2, 0, 0, 0, 2, 1, 0, 0, 0, 0, 0, 0, 0, 2, 1, 0, 0, 0, 0, 2, 1, 0, 0, 0, 0, 0, 0, 0, 0, 0, 1, 2, 0, 0, 0, 1, 2, 0, 0, 0, 0]);
groupProcessDay = array1d(1..65, [26, 0, 0, 0, 0, 0, 0, 0, 0, 5, 0, 27, 29, 0, 0, 0, 28, 16, 20, 0, 0, 0, 0, 0, 30, 0, 0, 0, 26, 29, 0, 0, 0, 0, 0, 0, 0, 27, 30, 0, 0, 0, 0, 28, 31, 0, 0, 0, 0, 0, 0, 0, 0, 0, 32, 31, 0, 0, 0, 33, 32, 0, 0, 0, 0]);
itemProcessDay = array1d(1..65, [28, 26, 29, 33, 28, 26, 5, 27, 28, 26, 26, 26, 16, 26, 33, 32, 20, 28, 30, 27, 32, 30, 28, 32, 26, 31, 32, 29, 29, 26, 31, 28, 5, 26, 28, 27, 30, 32, 27, 30, 28, 31, 26, 26, 28, 27, 26, 31, 32, 26, 29, 28, 26, 27, 30, 28, 29, 30, 31, 30, 20, 32, 26, 28, 28]);
objective = 518;
----------
assignedGroup = array1d(1..65, [17, 29, 30, 60, 44, 29, 10, 12, 17, 1, 29, 1, 18, 1, 60, 61, 19, 44, 25, 38, 55, 39, 44, 55, 29, 45, 61, 13, 30, 29, 56, 44, 10, 1, 44, 38, 39, 61, 12, 25, 17, 56, 1, 29, 17, 12, 1, 45, 55, 1, 30, 17, 1, 38, 25, 44, 13, 39, 45, 25, 19, 61, 1, 44, 44]);
groupFacility = array1d(1..65, [1, 0, 0, 0, 0, 0, 0, 0, 0, 2, 0, 1, 2, 0, 0, 0, 1, 1, 2, 0, 0, 0, 0, 0, 2, 0, 0, 0, 2, 1, 0, 0, 0, 0, 0, 0, 0, 2, 1, 0, 0, 0, 0, 2, 1, 0, 0, 0, 0, 0, 0, 0, 0, 0, 1, 2, 0, 0, 0, 1, 2, 0, 0, 0, 0]);
groupProcessDay = array1d(1..65, [26, 0, 0, 0, 0, 0, 0, 0, 0, 5, 0, 27, 29, 0, 0, 0, 29, 16, 20, 0, 0, 0, 0, 0, 30, 0, 0, 0, 26, 30, 0, 0, 0, 0, 0, 0, 0, 27, 31, 0, 0, 0, 0, 28, 32, 0, 0, 0, 0, 0, 0, 0, 0, 0, 28, 31, 0, 0, 0, 33, 32, 0, 0, 0, 0]);
itemProcessDay = array1d(1..65, [29, 26, 30, 33, 28, 26, 5, 27, 29, 26, 26, 26, 16, 26, 33, 32, 20, 28, 30, 27, 28, 31, 28, 28, 26, 32, 32, 29, 30, 26, 31, 28, 5, 26, 28, 27, 31, 32, 27, 30, 29, 31, 26, 26, 29, 27, 26, 32, 28, 26, 30, 29, 26, 27, 30, 28, 29, 31, 32, 30, 20, 32, 26, 28, 28]);
objective = 418;
----------
assignedGroup = array1d(1..65, [17, 29, 30, 60, 44, 29, 10, 12, 17, 1, 29, 1, 18, 1, 60, 61, 19, 44, 25, 38, 55, 39, 44, 55, 29, 45, 61, 13, 30, 29, 56, 44, 10, 2, 44, 38, 39, 61, 12, 25, 17, 56, 1, 29, 17, 12, 1, 45, 55, 1, 30, 17, 1, 38, 25, 44, 13, 39, 45, 25, 19, 61, 1, 44, 44]);
groupFacility = array1d(1..65, [1, 1, 0, 0, 0, 0, 0, 0, 0, 2, 0, 1, 2, 0, 0, 0, 1, 1, 2, 0, 0, 0, 0, 0, 2, 0, 0, 0, 2, 1, 0, 0, 0, 0, 0, 0, 0, 2, 1, 0, 0, 0, 0, 2, 1, 0, 0, 0, 0, 0, 0, 0, 0, 0, 1, 2, 0, 0, 0, 1, 2, 0, 0, 0, 0]);
groupProcessDay = array1d(1..65, [26, 10, 0, 0, 0, 0, 0, 0, 0, 5, 0, 27, 27, 0, 0, 0, 28, 16, 20, 0, 0, 0, 0, 0, 30, 0, 0, 0, 28, 29, 0, 0, 0, 0, 0, 0, 0, 26, 30, 0, 0, 0, 0, 29, 31, 0, 0, 0, 0, 0, 0, 0, 0, 0, 32, 31, 0, 0, 0, 33, 32, 0, 0, 0, 0]);
itemProcessDay = array1d(1..65, [28, 28, 29, 33, 29, 28, 5, 27, 28, 26, 28, 26, 16, 26, 33, 32, 20, 29, 30, 26, 32, 30, 29, 32, 28, 31, 32, 27, 29, 28, 31, 29, 5, 10, 29, 26, 30, 32, 27, 30, 28, 31, 26, 28, 28, 27, 26, 31, 32, 26, 29, 28, 26, 26, 30, 29, 27, 30, 31, 30, 20, 32, 26, 29, 29]);
objective = 319;
----------
assignedGroup = array1d(1..65, [17, 29, 30, 60, 44, 29, 10, 12, 17, 1, 29, 1, 18, 1, 60, 61, 19, 44, 25, 38, 55, 39, 44, 55, 29, 45, 61, 13, 30, 29, 56, 44, 10, 2, 44, 38, 39, 61, 12, 25, 17, 56, 1, 29, 17, 12, 1, 45, 55, 1, 30, 17, 1, 38, 25, 44, 13, 39, 45, 25, 19, 61, 1, 44, 44]);
groupFacility = array1d(1..65, [1, 1, 0, 0, 0, 0, 0, 0, 0, 2, 0, 1, 2, 0, 0, 0, 1, 1, 2, 0, 0, 0, 0, 0, 2, 0, 0, 0, 2, 1, 0, 0, 0, 0, 0, 0, 0, 2, 1, 0, 0, 0, 0, 2, 1, 0, 0, 0, 0, 0, 0, 0, 0, 0, 1, 2, 0, 0, 0, 1, 2, 0, 0, 0, 0]);
groupProcessDay = array1d(1..65, [26, 10, 0, 0, 0, 0, 0, 0, 0, 5, 0, 27, 29, 0, 0, 0, 28, 16, 20, 0, 0, 0, 0, 0, 30, 0, 0, 0, 26, 29, 0, 0, 0, 0, 0, 0, 0, 27, 30, 0, 0, 0, 0, 28, 31, 0, 0, 0, 0, 0, 0, 0, 0, 0, 32, 31, 0, 0, 0, 33, 32, 0, 0, 0, 0]);
itemProcessDay = array1d(1..65, [28, 26, 29, 33, 28, 26, 5, 27, 28, 26, 26, 26, 16, 26, 33, 32, 20, 28, 30, 27, 32, 30, 28, 32, 26, 31, 32, 29, 29, 26, 31, 28, 5, 10, 28, 27, 30, 32, 27, 30, 28, 31, 26, 26, 28, 27, 26, 31, 32, 26, 29, 28, 26, 27, 30, 28, 29, 30, 31, 30, 20, 32, 26, 28, 28]);
objective = 219;
----------
assignedGroup = array1d(1..65, [17, 29, 30, 60, 44, 29, 10, 12, 17, 1, 29, 1, 18, 1, 60, 61, 19, 44, 25, 38, 55, 39, 44, 55, 29, 45, 61, 13, 30, 29, 56, 44, 10, 2, 44, 38, 39, 61, 12, 25, 17, 56, 1, 29, 17, 12, 1, 45, 55, 1, 30, 17, 1, 38, 25, 44, 13, 39, 45, 25, 19, 61, 1, 44, 44]);
groupFacility = array1d(1..65, [1, 1, 0, 0, 0, 0, 0, 0, 0, 2, 0, 1, 2, 0, 0, 0, 1, 1, 2, 0, 0, 0, 0, 0, 2, 0, 0, 0, 2, 1, 0, 0, 0, 0, 0, 0, 0, 2, 1, 0, 0, 0, 0, 2, 1, 0, 0, 0, 0, 0, 0, 0, 0, 0, 1, 2, 0, 0, 0, 1, 2, 0, 0, 0, 0]);
groupProcessDay = array1d(1..65, [26, 10, 0, 0, 0, 0, 0, 0, 0, 5, 0, 27, 29, 0, 0, 0, 29, 16, 20, 0, 0, 0, 0, 0, 30, 0, 0, 0, 26, 30, 0, 0, 0, 0, 0, 0, 0, 27, 31, 0, 0, 0, 0, 28, 32, 0, 0, 0, 0, 0, 0, 0, 0, 0, 28, 31, 0, 0, 0, 33, 32, 0, 0, 0, 0]);
itemProcessDay = array1d(1..65, [29, 26, 30, 33, 28, 26, 5, 27, 29, 26, 26, 26, 16, 26, 33, 32, 20, 28, 30, 27, 28, 31, 28, 28, 26, 32, 32, 29, 30, 26, 31, 28, 5, 10, 28, 27, 31, 32, 27, 30, 29, 31, 26, 26, 29, 27, 26, 32, 28, 26, 30, 29, 26, 27, 30, 28, 29, 31, 32, 30, 20, 32, 26, 28, 28]);
objective = 119;
----------
assignedGroup = array1d(1..65, [17, 29, 30, 60, 44, 29, 10, 12, 17, 1, 29, 1, 18, 1, 60, 61, 19, 44, 25, 38, 55, 39, 44, 55, 29, 45, 61, 13, 30, 29, 56, 44, 10, 2, 44, 38, 39, 61, 12, 25, 17, 56, 1, 29, 17, 12, 1, 45, 55, 5, 30, 17, 3, 40, 25, 44, 13, 39, 45, 25, 19, 61, 4, 44, 44]);
groupFacility = array1d(1..65, [1, 1, 1, 1, 2, 0, 0, 0, 0, 2, 0, 1, 2, 0, 0, 0, 1, 1, 2, 0, 0, 0, 0, 0, 2, 0, 0, 0, 2, 1, 0, 0, 0, 0, 0, 0, 0, 2, 1, 1, 0, 0, 0, 2, 1, 0, 0, 0, 0, 0, 0, 0, 0, 0, 1, 2, 0, 0, 0, 1, 2, 0, 0, 0, 0]);
groupProcessDay = array1d(1..65, [27, 10, 29, 30, 26, 0, 0, 0, 0, 5, 0, 26, 29, 0, 0, 0, 31, 16, 20, 0, 0, 0, 0, 0, 30, 0, 0, 0, 27, 32, 0, 0, 0, 0, 0, 0, 0, 31, 33, 5, 0, 0, 0, 28, 34, 0, 0, 0, 0, 0, 0, 0, 0, 0, 28, 32, 0, 0, 0, 35, 33, 0, 0, 0, 0]);
itemProcessDay = array1d(1..65, [31, 27, 32, 35, 28, 27, 5, 26, 31, 27, 27, 27, 16, 27, 35, 33, 20, 28, 30, 31, 28, 33, 28, 28, 27, 34, 33, 29, 32, 27, 32, 28, 5, 10, 28, 31, 33, 33, 26, 30, 31, 32, 27, 27, 31, 26, 27, 34, 28, 26, 32, 31, 29, 5, 30, 28, 29, 33, 34, 30, 20, 33, 30, 28, 28]);
objective = 23;
----------
assignedGroup = array1d(1..65, [17, 29, 30, 60, 44, 29, 10, 12, 17, 1, 29, 1, 18, 1, 60, 61, 19, 44, 25, 38, 55, 39, 44, 55, 29, 45, 61, 13, 30, 29, 56, 44, 10, 2, 44, 38, 39, 61, 13, 25, 17, 56, 1, 29, 17, 12, 1, 45, 55, 1, 30, 17, 1, 39, 25, 44, 13, 39, 45, 25, 19, 61, 1, 44, 44]);
groupFacility = array1d(1..65, [1, 1, 0, 0, 0, 0, 0, 0, 0, 2, 0, 1, 2, 0, 0, 0, 1, 1, 2, 0, 0, 0, 0, 0, 2, 0, 0, 0, 2, 1, 0, 0, 0, 0, 0, 0, 0, 2, 1, 0, 0, 0, 0, 2, 1, 0, 0, 0, 0, 0, 0, 0, 0, 0, 1, 2, 0, 0, 0, 1, 2, 0, 0, 0, 0]);
groupProcessDay = array1d(1..65, [26, 10, 0, 0, 0, 0, 0, 0, 0, 5, 0, 29, 26, 0, 0, 0, 30, 16, 20, 0, 0, 0, 0, 0, 29, 0, 0, 0, 27, 31, 0, 0, 0, 0, 0, 0, 0, 30, 27, 0, 0, 0, 0, 28, 32, 0, 0, 0, 0, 0, 0, 0, 0, 0, 28, 31, 0, 0, 0, 33, 32, 0, 0, 0, 0]);
itemProcessDay = array1d(1..65, [30, 27, 31, 33, 28, 27, 5, 29, 30, 26, 27, 26, 16, 26, 33, 32, 20, 28, 29, 30, 28, 27, 28, 28, 27, 32, 32, 26, 31, 27, 31, 28, 5, 10, 28, 30, 27, 32, 26, 29, 30, 31, 26, 27, 30, 29, 26, 32, 28, 26, 31, 30, 26, 27, 29, 28, 26, 27, 32, 29, 20, 32, 26, 28, 28]);
objective = 19;
----------
==========
