mznc2018_probs/team-assignment/data2_5_6.dzn
Team = array1d(1..30, [1, 2, 3, 4, 5, 6, 1, 2, 3, 4, 5, 6, 1, 2, 3, 4, 5, 6, 1, 2, 3, 4, 5, 6, 1, 2, 3, 4, 5, 6]);
objective = -162;
----------
Team = array1d(1..30, [1, 2, 3, 4, 5, 6, 1, 2, 3, 4, 5, 6, 1, 2, 3, 4, 5, 6, 1, 2, 3, 4, 5, 6, 1, 2, 3, 4, 6, 5]);
objective = -155;
----------
Team = array1d(1..30, [1, 2, 3, 4, 5, 6, 1, 2, 3, 4, 5, 6, 1, 2, 3, 4, 5, 6, 1, 2, 3, 4, 5, 6, 1, 2, 3, 6, 4, 5]);
objective = -154;
----------
Team = array1d(1..30, [1, 2, 3, 4, 5, 6, 1, 2, 3, 4, 5, 6, 1, 2, 3, 4, 5, 6, 1, 2, 3, 4, 5, 6, 1, 2, 6, 3, 4, 5]);
objective = -150;
----------
Team = array1d(1..30, [1, 2, 3, 4, 5, 6, 1, 2, 3, 4, 5, 6, 1, 2, 3, 4, 5, 6, 1, 2, 3, 4, 5, 6, 1, 6, 2, 3, 4, 5]);
objective = -144;
----------
Team = array1d(1..30, [1, 2, 3, 4, 5, 6, 1, 2, 3, 4, 5, 6, 1, 2, 3, 4, 5, 6, 1, 2, 3, 4, 5, 6, 2, 3, 4, 5, 6, 1]);
objective = -136;
----------
Team = array1d(1..30, [1, 2, 3, 4, 5, 6, 1, 2, 3, 4, 5, 6, 1, 2, 3, 4, 5, 6, 1, 2, 3, 4, 5, 6, 2, 3, 4, 6, 5, 1]);
objective = -135;
----------
Team = array1d(1..30, [1, 2, 3, 4, 5, 6, 1, 2, 3, 4, 5, 6, 1, 2, 3, 4, 5, 6, 1, 2, 3, 4, 5, 6, 2, 3, 6, 4, 5, 1]);
objective = -131;
----------
Team = array1d(1..30, [1, 2, 3, 4, 5, 6, 1, 2, 3, 4, 5, 6, 1, 2, 3, 4, 5, 6, 1, 2, 3, 4, 5, 6, 2, 6, 3, 4, 5, 1]);
objective = -125;
----------
Team = array1d(1..30, [1, 2, 3, 4, 5, 6, 1, 2, 3, 4, 5, 6, 1, 2, 3, 4, 5, 6, 1, 2, 3, 4, 5, 6, 6, 2, 3, 4, 5, 1]);
objective = -124;
----------
Team = array1d(1..30, [1, 2, 3, 4, 5, 6, 1, 2, 3, 4, 5, 6, 1, 2, 3, 4, 5, 6, 1, 2, 3, 4, 6, 5, 2, 3, 6, 4, 5, 1]);
objective = -123;
----------
Team = array1d(1..30, [1, 2, 3, 4, 5, 6, 1, 2, 3, 4, 5, 6, 1, 2, 3, 4, 5, 6, 1, 2, 3, 4, 6, 5, 2, 6, 3, 4, 5, 1]);
objective = -117;
----------
Team = array1d(1..30, [1, 2, 3, 4, 5, 6, 1, 2, 3, 4, 5, 6, 1, 2, 3, 4, 5, 6, 1, 2, 3, 4, 6, 5, 6, 2, 3, 4, 5, 1]);
objective = -116;
----------
Team = array1d(1..30, [1, 2, 3, 4, 5, 6, 1, 2, 3, 4, 5, 6, 1, 2, 3, 4, 5, 6, 1, 2, 3, 6, 4, 5, 2, 6, 3, 4, 5, 1]);
objective = -115;
----------
Team = array1d(1..30, [1, 2, 3, 4, 5, 6, 1, 2, 3, 4, 5, 6, 1, 2, 3, 4, 5, 6, 1, 2, 3, 6, 4, 5, 6, 2, 3, 4, 5, 1]);
objective = -114;
----------
Team = array1d(1..30, [1, 2, 3, 4, 5, 6, 1, 2, 3, 4, 5, 6, 1, 2, 3, 4, 5, 6, 1, 3, 4, 5, 2, 6, 1, 2, 3, 4, 5, 6]);
objective = 838;
----------
Team = array1d(1..30, [1, 2, 3, 4, 5, 6, 1, 2, 3, 4, 5, 6, 1, 2, 3, 4, 5, 6, 1, 3, 4, 5, 2, 6, 1, 2, 3, 4, 6, 5]);
objective = 845;
----------
Team = array1d(1..30, [1, 2, 3, 4, 5, 6, 1, 2, 3, 4, 5, 6, 1, 2, 3, 4, 5, 6, 1, 3, 4, 5, 2, 6, 1, 2, 3, 6, 4, 5]);
objective = 846;
----------
Team = array1d(1..30, [1, 2, 3, 4, 5, 6, 1, 2, 3, 4, 5, 6, 1, 2, 3, 4, 5, 6, 1, 3, 4, 5, 2, 6, 1, 2, 6, 3, 4, 5]);
objective = 850;
----------
Team = array1d(1..30, [1, 2, 3, 4, 5, 6, 1, 2, 3, 4, 5, 6, 1, 2, 3, 4, 5, 6, 1, 3, 4, 5, 2, 6, 1, 6, 2, 3, 4, 5]);
objective = 856;
----------
Team = array1d(1..30, [1, 2, 3, 4, 5, 6, 1, 2, 3, 4, 5, 6, 1, 2, 3, 4, 5, 6, 1, 3, 4, 5, 2, 6, 2, 3, 4, 5, 6, 1]);
objective = 864;
----------
Team = array1d(1..30, [1, 2, 3, 4, 5, 6, 1, 2, 3, 4, 5, 6, 1, 2, 3, 4, 5, 6, 1, 3, 4, 5, 2, 6, 2, 3, 4, 6, 5, 1]);
objective = 865;
----------
Team = array1d(1..30, [1, 2, 3, 4, 5, 6, 1, 2, 3, 4, 5, 6, 1, 2, 3, 4, 5, 6, 1, 3, 4, 5, 2, 6, 2, 3, 6, 4, 5, 1]);
objective = 869;
----------
Team = array1d(1..30, [1, 2, 3, 4, 5, 6, 1, 2, 3, 4, 5, 6, 1, 2, 3, 4, 5, 6, 1, 3, 4, 5, 2, 6, 2, 6, 3, 4, 5, 1]);
objective = 875;
----------
Team = array1d(1..30, [1, 2, 3, 4, 5, 6, 1, 2, 3, 4, 5, 6, 1, 2, 3, 4, 5, 6, 1, 3, 4, 5, 2, 6, 6, 2, 3, 4, 5, 1]);
objective = 876;
----------
Team = array1d(1..30, [1, 2, 3, 4, 5, 6, 1, 2, 3, 4, 5, 6, 1, 2, 3, 4, 5, 6, 1, 3, 4, 6, 2, 5, 2, 3, 6, 4, 5, 1]);
objective = 879;
----------
Team = array1d(1..30, [1, 2, 3, 4, 5, 6, 1, 2, 3, 4, 5, 6, 1, 2, 3, 4, 5, 6, 1, 3, 4, 6, 2, 5, 2, 6, 3, 4, 5, 1]);
objective = 885;
----------
Team = array1d(1..30, [1, 2, 3, 4, 5, 6, 1, 2, 3, 4, 5, 6, 1, 2, 3, 4, 5, 6, 1, 3, 4, 6, 2, 5, 6, 2, 3, 4, 5, 1]);
objective = 886;
----------
Team = array1d(1..30, [1, 2, 3, 4, 5, 6, 1, 2, 3, 4, 5, 6, 1, 2, 3, 4, 5, 6, 3, 1, 4, 5, 2, 6, 2, 6, 3, 4, 5, 1]);
objective = 887;
----------
Team = array1d(1..30, [1, 2, 3, 4, 5, 6, 1, 2, 3, 4, 5, 6, 1, 2, 3, 4, 5, 6, 3, 1, 4, 5, 2, 6, 6, 2, 3, 4, 5, 1]);
objective = 888;
----------
Team = array1d(1..30, [1, 2, 3, 4, 5, 6, 1, 2, 3, 4, 5, 6, 1, 2, 3, 4, 5, 6, 3, 1, 4, 6, 2, 5, 2, 4, 6, 3, 5, 1]);
objective = 891;
----------
Team = array1d(1..30, [1, 2, 3, 4, 5, 6, 1, 2, 3, 4, 5, 6, 1, 2, 3, 4, 5, 6, 3, 1, 4, 6, 2, 5, 2, 6, 3, 4, 5, 1]);
objective = 897;
----------
Team = array1d(1..30, [1, 2, 3, 4, 5, 6, 1, 2, 3, 4, 5, 6, 1, 2, 3, 4, 5, 6, 3, 1, 4, 6, 2, 5, 6, 2, 3, 4, 5, 1]);
objective = 898;
----------
Team = array1d(1..30, [1, 2, 3, 4, 5, 6, 1, 2, 3, 4, 5, 6, 1, 2, 3, 4, 5, 6, 3, 4, 5, 6, 2, 1, 2, 6, 3, 1, 4, 5]);
objective = 899;
----------
Team = array1d(1..30, [1, 2, 3, 4, 5, 6, 1, 2, 3, 4, 5, 6, 1, 2, 3, 4, 5, 6, 3, 4, 5, 6, 2, 1, 2, 6, 3, 4, 1, 5]);
objective = 900;
----------
Team = array1d(1..30, [1, 2, 3, 4, 5, 6, 1, 2, 3, 4, 5, 6, 1, 2, 3, 4, 5, 6, 3, 4, 5, 6, 2, 1, 2, 6, 4, 3, 5, 1]);
objective = 901;
----------
Team = array1d(1..30, [1, 2, 3, 4, 5, 6, 1, 2, 3, 4, 5, 6, 1, 2, 3, 4, 5, 6, 3, 4, 5, 6, 2, 1, 4, 6, 2, 3, 5, 1]);
objective = 904;
----------
Team = array1d(1..30, [1, 2, 3, 4, 5, 6, 1, 2, 3, 4, 5, 6, 1, 2, 3, 4, 5, 6, 3, 4, 5, 6, 2, 1, 4, 6, 2, 5, 3, 1]);
objective = 905;
----------
Team = array1d(1..30, [1, 2, 3, 4, 5, 6, 1, 2, 3, 4, 5, 6, 1, 2, 3, 4, 5, 6, 3, 4, 5, 6, 2, 1, 6, 4, 2, 5, 3, 1]);
objective = 906;
----------
Team = array1d(1..30, [1, 2, 3, 4, 5, 6, 1, 2, 3, 4, 5, 6, 1, 2, 3, 4, 5, 6, 4, 3, 5, 6, 2, 1, 4, 6, 2, 3, 5, 1]);
objective = 907;
----------
Team = array1d(1..30, [1, 2, 3, 4, 5, 6, 1, 2, 3, 4, 5, 6, 1, 2, 3, 4, 5, 6, 4, 3, 5, 6, 2, 1, 6, 4, 2, 3, 5, 1]);
objective = 908;
----------
Team = array1d(1..30, [1, 2, 3, 4, 5, 6, 1, 2, 3, 4, 5, 6, 1, 2, 3, 4, 5, 6, 6, 1, 3, 4, 2, 5, 5, 6, 2, 3, 4, 1]);
objective = 909;
----------
Team = array1d(1..30, [1, 2, 3, 4, 5, 6, 1, 2, 3, 4, 5, 6, 1, 2, 3, 4, 5, 6, 6, 1, 3, 4, 2, 5, 6, 5, 2, 3, 4, 1]);
objective = 910;
----------
Team = array1d(1..30, [1, 2, 3, 4, 5, 6, 1, 2, 3, 4, 5, 6, 1, 2, 3, 4, 5, 6, 6, 3, 4, 5, 2, 1, 2, 6, 3, 1, 5, 4]);
objective = 911;
----------
Team = array1d(1..30, [1, 2, 3, 4, 5, 6, 1, 2, 3, 4, 5, 6, 1, 2, 3, 4, 5, 6, 6, 3, 4, 5, 2, 1, 2, 6, 3, 4, 5, 1]);
objective = 913;
----------
Team = array1d(1..30, [1, 2, 3, 4, 5, 6, 1, 2, 3, 4, 5, 6, 1, 2, 3, 4, 5, 6, 6, 3, 4, 5, 2, 1, 3, 6, 2, 4, 5, 1]);
objective = 917;
----------
Team = array1d(1..30, [1, 2, 3, 4, 5, 6, 1, 2, 3, 4, 5, 6, 1, 2, 3, 4, 5, 6, 6, 3, 4, 5, 2, 1, 4, 6, 2, 3, 5, 1]);
objective = 919;
----------
Team = array1d(1..30, [1, 2, 3, 4, 5, 6, 1, 2, 3, 4, 5, 6, 1, 2, 3, 4, 5, 6, 6, 3, 4, 5, 2, 1, 6, 4, 2, 3, 5, 1]);
objective = 920;
----------
Team = array1d(1..30, [1, 2, 3, 4, 5, 6, 1, 2, 3, 4, 5, 6, 1, 2, 3, 4, 6, 5, 6, 3, 4, 5, 2, 1, 5, 6, 2, 3, 4, 1]);
objective = 925;
----------
Team = array1d(1..30, [1, 2, 3, 4, 5, 6, 1, 2, 3, 4, 5, 6, 1, 2, 3, 5, 6, 4, 6, 3, 4, 5, 2, 1, 6, 5, 4, 2, 3, 1]);
objective = 926;
----------
Team = array1d(1..30, [1, 2, 3, 4, 5, 6, 1, 2, 3, 4, 5, 6, 1, 2, 6, 3, 5, 4, 6, 3, 4, 5, 2, 1, 5, 6, 4, 2, 3, 1]);
objective = 929;
----------
Team = array1d(1..30, [1, 2, 3, 4, 5, 6, 1, 2, 3, 4, 5, 6, 1, 2, 6, 4, 5, 3, 6, 3, 4, 5, 2, 1, 5, 6, 2, 3, 4, 1]);
objective = 930;
----------
Team = array1d(1..30, [1, 2, 3, 4, 5, 6, 1, 2, 3, 4, 5, 6, 1, 2, 6, 4, 5, 3, 6, 3, 4, 5, 2, 1, 6, 5, 2, 4, 3, 1]);
objective = 931;
----------
Team = array1d(1..30, [1, 2, 3, 4, 5, 6, 1, 2, 3, 4, 5, 6, 1, 6, 5, 2, 4, 3, 6, 3, 4, 5, 2, 1, 6, 5, 4, 2, 3, 1]);
objective = 932;
----------
Team = array1d(1..30, [1, 2, 3, 4, 5, 6, 1, 2, 3, 4, 5, 6, 2, 1, 6, 4, 5, 3, 6, 3, 4, 5, 2, 1, 6, 5, 3, 4, 2, 1]);
objective = 933;
----------
Team = array1d(1..30, [1, 2, 3, 4, 5, 6, 1, 2, 3, 4, 5, 6, 2, 3, 6, 4, 5, 1, 6, 1, 4, 5, 2, 3, 5, 6, 3, 4, 2, 1]);
objective = 934;
----------
Team = array1d(1..30, [1, 2, 3, 4, 5, 6, 1, 2, 3, 4, 5, 6, 2, 3, 6, 4, 5, 1, 6, 1, 4, 5, 2, 3, 6, 5, 3, 4, 2, 1]);
objective = 935;
----------
Team = array1d(1..30, [1, 2, 3, 4, 5, 6, 1, 2, 3, 4, 5, 6, 2, 3, 6, 4, 5, 1, 6, 3, 4, 5, 2, 1, 5, 6, 4, 1, 3, 2]);
objective = 936;
----------
Team = array1d(1..30, [1, 2, 3, 4, 5, 6, 1, 2, 3, 4, 5, 6, 2, 3, 6, 4, 5, 1, 6, 3, 4, 5, 2, 1, 5, 6, 4, 3, 1, 2]);
objective = 937;
----------
Team = array1d(1..30, [1, 2, 3, 4, 5, 6, 1, 2, 3, 4, 5, 6, 2, 3, 6, 4, 5, 1, 6, 3, 4, 5, 2, 1, 6, 5, 4, 3, 1, 2]);
objective = 938;
----------
Team = array1d(1..30, [1, 2, 3, 4, 5, 6, 1, 2, 3, 4, 5, 6, 2, 6, 5, 3, 4, 1, 6, 3, 4, 5, 2, 1, 6, 5, 4, 3, 1, 2]);
objective = 939;
----------
Team = array1d(1..30, [1, 2, 3, 4, 5, 6, 1, 2, 3, 4, 5, 6, 4, 3, 6, 2, 5, 1, 6, 3, 4, 5, 2, 1, 6, 5, 4, 2, 3, 1]);
objective = 940;
----------
Team = array1d(1..30, [1, 2, 3, 4, 5, 6, 1, 2, 3, 4, 5, 6, 4, 5, 6, 2, 3, 1, 6, 3, 4, 5, 2, 1, 4, 6, 5, 2, 3, 1]);
objective = 941;
----------
Team = array1d(1..30, [1, 2, 3, 4, 5, 6, 1, 2, 3, 4, 5, 6, 4, 5, 6, 2, 3, 1, 6, 3, 4, 5, 2, 1, 4, 6, 5, 3, 2, 1]);
objective = 942;
----------
Team = array1d(1..30, [1, 2, 3, 4, 5, 6, 1, 2, 3, 4, 5, 6, 4, 5, 6, 2, 3, 1, 6, 3, 4, 5, 2, 1, 6, 4, 5, 3, 2, 1]);
objective = 943;
----------
Team = array1d(1..30, [1, 2, 3, 4, 5, 6, 1, 2, 3, 4, 5, 6, 4, 6, 5, 2, 3, 1, 6, 3, 4, 5, 2, 1, 6, 5, 4, 3, 2, 1]);
objective = 944;
----------
Team = array1d(1..30, [1, 2, 3, 4, 5, 6, 1, 2, 3, 4, 5, 6, 6, 4, 5, 2, 3, 1, 6, 3, 4, 5, 2, 1, 5, 6, 4, 3, 2, 1]);
objective = 945;
----------
Team = array1d(1..30, [1, 2, 3, 4, 5, 6, 1, 2, 3, 4, 5, 6, 6, 4, 5, 2, 3, 1, 6, 3, 4, 5, 2, 1, 6, 5, 4, 3, 2, 1]);
objective = 946;
----------
Team = array1d(1..30, [1, 2, 3, 4, 5, 6, 1, 2, 3, 5, 6, 4, 5, 4, 6, 2, 3, 1, 6, 3, 4, 5, 2, 1, 4, 6, 5, 2, 3, 1]);
objective = 947;
----------
Team = array1d(1..30, [1, 2, 3, 4, 5, 6, 1, 2, 3, 5, 6, 4, 5, 4, 6, 2, 3, 1, 6, 3, 4, 5, 2, 1, 4, 6, 5, 3, 2, 1]);
objective = 948;
----------
Team = array1d(1..30, [1, 2, 3, 4, 5, 6, 1, 2, 3, 6, 5, 4, 4, 6, 5, 2, 3, 1, 6, 3, 4, 5, 2, 1, 5, 4, 6, 3, 2, 1]);
objective = 949;
----------
Team = array1d(1..30, [1, 2, 3, 4, 5, 6, 1, 2, 4, 5, 6, 3, 4, 5, 6, 2, 3, 1, 6, 3, 4, 5, 2, 1, 5, 6, 3, 2, 4, 1]);
objective = 950;
----------
Team = array1d(1..30, [1, 2, 3, 4, 5, 6, 1, 2, 4, 5, 6, 3, 4, 5, 6, 2, 3, 1, 6, 3, 4, 5, 2, 1, 5, 6, 3, 4, 2, 1]);
objective = 951;
----------
Team = array1d(1..30, [1, 2, 3, 4, 5, 6, 1, 2, 4, 5, 6, 3, 4, 5, 6, 2, 3, 1, 6, 3, 4, 5, 2, 1, 6, 5, 3, 4, 2, 1]);
objective = 952;
----------
Team = array1d(1..30, [1, 2, 3, 4, 5, 6, 1, 2, 4, 5, 6, 3, 5, 6, 4, 2, 3, 1, 6, 3, 4, 5, 2, 1, 6, 5, 4, 3, 2, 1]);
objective = 953;
----------
Team = array1d(1..30, [1, 2, 3, 4, 5, 6, 1, 4, 2, 5, 6, 3, 3, 5, 6, 2, 4, 1, 6, 3, 4, 5, 2, 1, 6, 5, 4, 2, 3, 1]);
objective = 954;
----------
Team = array1d(1..30, [1, 2, 3, 4, 5, 6, 1, 4, 2, 5, 6, 3, 5, 6, 3, 2, 4, 1, 6, 3, 4, 5, 2, 1, 6, 5, 4, 2, 3, 1]);
objective = 955;
----------
Team = array1d(1..30, [1, 2, 3, 4, 5, 6, 1, 4, 5, 2, 6, 3, 6, 5, 4, 2, 3, 1, 6, 3, 4, 5, 2, 1, 5, 6, 3, 4, 2, 1]);
objective = 956;
----------
Team = array1d(1..30, [1, 2, 3, 4, 5, 6, 1, 4, 5, 6, 2, 3, 5, 4, 6, 2, 3, 1, 6, 3, 4, 5, 2, 1, 6, 5, 2, 4, 3, 1]);
objective = 957;
----------
Team = array1d(1..30, [1, 2, 3, 4, 5, 6, 1, 5, 4, 6, 2, 3, 4, 6, 5, 2, 3, 1, 6, 3, 4, 5, 2, 1, 6, 5, 4, 2, 3, 1]);
objective = 958;
----------
Team = array1d(1..30, [1, 2, 3, 4, 5, 6, 2, 4, 5, 6, 1, 3, 5, 4, 6, 1, 3, 2, 6, 3, 4, 5, 2, 1, 6, 5, 3, 4, 1, 2]);
objective = 959;
----------
Team = array1d(1..30, [1, 2, 3, 4, 5, 6, 2, 5, 4, 6, 1, 3, 4, 6, 5, 1, 3, 2, 6, 3, 4, 5, 2, 1, 6, 5, 4, 1, 3, 2]);
objective = 960;
----------
Team = array1d(1..30, [1, 2, 3, 4, 5, 6, 3, 4, 5, 6, 2, 1, 5, 4, 6, 1, 2, 3, 6, 1, 4, 5, 2, 3, 6, 5, 4, 2, 1, 3]);
objective = 961;
----------
Team = array1d(1..30, [1, 2, 3, 4, 5, 6, 3, 5, 4, 6, 2, 1, 4, 6, 5, 1, 2, 3, 6, 1, 4, 5, 2, 3, 6, 5, 4, 2, 1, 3]);
objective = 962;
----------
Team = array1d(1..30, [1, 2, 3, 4, 5, 6, 4, 1, 5, 6, 2, 3, 4, 5, 6, 2, 3, 1, 6, 3, 4, 5, 2, 1, 5, 6, 3, 4, 2, 1]);
objective = 963;
----------
Team = array1d(1..30, [1, 2, 3, 4, 5, 6, 4, 1, 5, 6, 2, 3, 5, 3, 6, 2, 4, 1, 6, 3, 4, 5, 2, 1, 6, 5, 4, 3, 2, 1]);
objective = 964;
----------
Team = array1d(1..30, [1, 2, 3, 4, 5, 6, 4, 5, 1, 2, 6, 3, 6, 3, 5, 1, 4, 2, 6, 3, 4, 5, 2, 1, 6, 5, 4, 2, 3, 1]);
objective = 965;
----------
Team = array1d(1..30, [1, 2, 3, 4, 5, 6, 4, 5, 1, 6, 2, 3, 4, 6, 5, 1, 3, 2, 6, 3, 4, 5, 2, 1, 6, 5, 2, 3, 4, 1]);
objective = 966;
----------
Team = array1d(1..30, [1, 2, 3, 4, 5, 6, 4, 5, 1, 6, 2, 3, 6, 3, 5, 1, 4, 2, 6, 3, 4, 5, 2, 1, 5, 6, 2, 4, 3, 1]);
objective = 967;
----------
Team = array1d(1..30, [1, 2, 3, 4, 5, 6, 4, 5, 1, 6, 2, 3, 6, 5, 3, 1, 4, 2, 6, 3, 4, 5, 2, 1, 6, 5, 2, 4, 3, 1]);
objective = 968;
----------
Team = array1d(1..30, [1, 2, 3, 4, 5, 6, 4, 5, 2, 6, 1, 3, 6, 4, 5, 2, 3, 1, 6, 3, 4, 5, 2, 1, 5, 6, 4, 1, 3, 2]);
objective = 969;
----------
Team = array1d(1..30, [1, 2, 3, 4, 5, 6, 4, 5, 2, 6, 1, 3, 6, 5, 4, 2, 3, 1, 6, 3, 4, 5, 2, 1, 6, 5, 4, 1, 3, 2]);
objective = 970;
----------
Team = array1d(1..30, [1, 2, 3, 4, 5, 6, 4, 5, 3, 6, 2, 1, 6, 5, 4, 1, 3, 2, 6, 1, 4, 5, 2, 3, 6, 5, 4, 2, 3, 1]);
objective = 971;
----------
Team = array1d(1..30, [1, 2, 3, 4, 5, 6, 5, 4, 6, 2, 1, 3, 6, 4, 5, 2, 3, 1, 6, 3, 4, 5, 2, 1, 6, 4, 5, 3, 1, 2]);
objective = 972;
----------
Team = array1d(1..30, [1, 2, 3, 4, 5, 6, 5, 6, 2, 4, 1, 3, 4, 5, 6, 2, 3, 1, 6, 3, 4, 5, 2, 1, 6, 4, 5, 1, 3, 2]);
objective = 973;
----------
Team = array1d(1..30, [1, 2, 3, 4, 5, 6, 5, 6, 3, 4, 2, 1, 4, 5, 6, 1, 3, 2, 6, 1, 4, 5, 2, 3, 6, 4, 5, 2, 3, 1]);
objective = 974;
----------
==========
