mznc2018_probs/gfd-schedule/n90f5d40m30k6.dzn
assignedGroup = array1d(1..90, [19, 48, 32, 76, 77, 19, 32, 32, 77, 19, 48, 19, 19, 76, 62, 62, 33, 1, 1, 63, 76, 63, 19, 48, 1, 1, 1, 1, 63, 48, 33, 63, 1, 1, 63, 32, 1, 63, 78, 1, 63, 48, 76, 63, 32, 80, 1, 1, 62, 32, 79, 63, 19, 1, 33, 81, 48, 33, 32, 32, 48, 48, 1, 83, 1, 48, 48, 19, 33, 33, 77, 19, 48, 62, 19, 33, 77, 48, 48, 48, 77, 1, 1, 82, 19, 19, 19, 1, 62, 33]);
groupFacility = array1d(1..90, [1, 0, 0, 0, 0, 0, 0, 0, 0, 0, 0, 0, 0, 0, 0, 0, 0, 0, 2, 0, 0, 0, 0, 0, 0, 0, 0, 0, 0, 0, 0, 2, 3, 0, 0, 0, 0, 0, 0, 0, 0, 0, 0, 0, 0, 0, 0, 4, 0, 0, 0, 0, 0, 0, 0, 0, 0, 0, 0, 0, 0, 4, 5, 0, 0, 0, 0, 0, 0, 0, 0, 0, 0, 0, 0, 4, 3, 1, 1, 1, 1, 1, 2, 0, 0, 0, 0, 0, 0, 0]);
groupProcessDay = array1d(1..90, [21, 0, 0, 0, 0, 0, 0, 0, 0, 0, 0, 0, 0, 0, 0, 0, 0, 0, 22, 0, 0, 0, 0, 0, 0, 0, 0, 0, 0, 0, 0, 21, 22, 0, 0, 0, 0, 0, 0, 0, 0, 0, 0, 0, 0, 0, 0, 23, 0, 0, 0, 0, 0, 0, 0, 0, 0, 0, 0, 0, 0, 22, 23, 0, 0, 0, 0, 0, 0, 0, 0, 0, 0, 0, 0, 21, 23, 2, 22, 17, 23, 24, 23, 0, 0, 0, 0, 0, 0, 0]);
itemProcessDay = array1d(1..90, [22, 23, 21, 21, 23, 22, 21, 21, 23, 22, 23, 22, 22, 21, 22, 22, 22, 21, 21, 23, 21, 23, 22, 23, 21, 21, 21, 21, 23, 23, 22, 23, 21, 21, 23, 21, 21, 23, 2, 21, 23, 23, 21, 23, 21, 17, 21, 21, 22, 21, 22, 23, 22, 21, 22, 23, 23, 22, 21, 21, 23, 23, 21, 23, 21, 23, 23, 22, 22, 22, 23, 22, 23, 22, 22, 22, 23, 23, 23, 23, 23, 21, 21, 24, 22, 22, 22, 21, 22, 22]);
objective = 1315;
----------
assignedGroup = array1d(1..90, [19, 48, 32, 76, 77, 19, 32, 32, 77, 19, 48, 19, 19, 76, 62, 62, 33, 1, 1, 63, 76, 63, 19, 48, 1, 1, 1, 1, 63, 48, 33, 63, 1, 1, 63, 32, 1, 63, 78, 1, 63, 48, 76, 63, 32, 80, 1, 1, 62, 32, 79, 63, 19, 1, 33, 81, 48, 33, 32, 32, 48, 48, 1, 83, 1, 48, 48, 19, 33, 33, 77, 19, 48, 62, 19, 33, 77, 48, 48, 48, 77, 1, 1, 82, 19, 19, 19, 1, 62, 33]);
groupFacility = array1d(1..90, [1, 0, 0, 0, 0, 0, 0, 0, 0, 0, 0, 0, 0, 0, 0, 0, 0, 0, 2, 0, 0, 0, 0, 0, 0, 0, 0, 0, 0, 0, 0, 2, 3, 0, 0, 0, 0, 0, 0, 0, 0, 0, 0, 0, 0, 0, 0, 4, 0, 0, 0, 0, 0, 0, 0, 0, 0, 0, 0, 0, 0, 4, 5, 0, 0, 0, 0, 0, 0, 0, 0, 0, 0, 0, 0, 4, 3, 1, 1, 1, 1, 1, 2, 0, 0, 0, 0, 0, 0, 0]);
groupProcessDay = array1d(1..90, [21, 0, 0, 0, 0, 0, 0, 0, 0, 0, 0, 0, 0, 0, 0, 0, 0, 0, 22, 0, 0, 0, 0, 0, 0, 0, 0, 0, 0, 0, 0, 21, 23, 0, 0, 0, 0, 0, 0, 0, 0, 0, 0, 0, 0, 0, 0, 23, 0, 0, 0, 0, 0, 0, 0, 0, 0, 0, 0, 0, 0, 22, 22, 0, 0, 0, 0, 0, 0, 0, 0, 0, 0, 0, 0, 21, 24, 2, 22, 17, 23, 24, 23, 0, 0, 0, 0, 0, 0, 0]);
itemProcessDay = array1d(1..90, [22, 23, 21, 21, 24, 22, 21, 21, 24, 22, 23, 22, 22, 21, 22, 22, 23, 21, 21, 22, 21, 22, 22, 23, 21, 21, 21, 21, 22, 23, 23, 22, 21, 21, 22, 21, 21, 22, 2, 21, 22, 23, 21, 22, 21, 17, 21, 21, 22, 21, 22, 22, 22, 21, 23, 23, 23, 23, 21, 21, 23, 23, 21, 23, 21, 23, 23, 22, 23, 23, 24, 22, 23, 22, 22, 23, 24, 23, 23, 23, 24, 21, 21, 24, 22, 22, 22, 21, 22, 23]);
objective = 1215;
----------
assignedGroup = array1d(1..90, [19, 48, 32, 76, 77, 19, 32, 32, 77, 19, 48, 19, 19, 76, 62, 62, 33, 1, 1, 63, 76, 63, 19, 48, 1, 1, 1, 1, 63, 48, 33, 63, 1, 1, 63, 32, 1, 66, 78, 1, 64, 48, 76, 67, 32, 80, 1, 1, 65, 32, 79, 70, 19, 1, 33, 81, 48, 33, 32, 32, 48, 48, 1, 83, 1, 48, 48, 19, 33, 33, 77, 19, 48, 69, 19, 33, 77, 48, 48, 48, 77, 1, 1, 82, 19, 19, 19, 1, 68, 33]);
groupFacility = array1d(1..90, [1, 0, 0, 0, 0, 0, 0, 0, 0, 0, 0, 0, 0, 0, 0, 0, 0, 0, 2, 0, 0, 0, 0, 0, 0, 0, 0, 0, 0, 0, 0, 2, 3, 0, 0, 0, 0, 0, 0, 0, 0, 0, 0, 0, 0, 0, 0, 4, 0, 0, 0, 0, 0, 0, 0, 0, 0, 0, 0, 0, 0, 4, 5, 1, 2, 3, 3, 3, 4, 5, 0, 0, 0, 0, 0, 4, 3, 1, 1, 1, 1, 1, 2, 0, 0, 0, 0, 0, 0, 0]);
groupProcessDay = array1d(1..90, [21, 0, 0, 0, 0, 0, 0, 0, 0, 0, 0, 0, 0, 0, 0, 0, 0, 0, 22, 0, 0, 0, 0, 0, 0, 0, 0, 0, 0, 0, 0, 21, 22, 0, 0, 0, 0, 0, 0, 0, 0, 0, 0, 0, 0, 0, 0, 23, 0, 0, 0, 0, 0, 0, 0, 0, 0, 0, 0, 0, 0, 21, 22, 23, 23, 21, 23, 24, 22, 21, 0, 0, 0, 0, 0, 24, 25, 2, 24, 17, 22, 25, 24, 0, 0, 0, 0, 0, 0, 0]);
itemProcessDay = array1d(1..90, [22, 23, 21, 24, 25, 22, 21, 21, 25, 22, 23, 22, 22, 24, 21, 21, 22, 21, 21, 22, 24, 22, 22, 23, 21, 21, 21, 21, 22, 23, 22, 22, 21, 21, 22, 21, 21, 21, 2, 21, 23, 23, 24, 23, 21, 17, 21, 21, 23, 21, 24, 21, 22, 21, 22, 22, 23, 22, 21, 21, 23, 23, 21, 24, 21, 23, 23, 22, 22, 22, 25, 22, 23, 22, 22, 22, 25, 23, 23, 23, 25, 21, 21, 25, 22, 22, 22, 21, 24, 22]);
objective = 1122;
----------
assignedGroup = array1d(1..90, [19, 48, 32, 76, 77, 19, 32, 32, 77, 19, 48, 19, 19, 76, 62, 62, 33, 1, 1, 63, 76, 63, 19, 48, 1, 1, 1, 1, 63, 48, 33, 63, 1, 1, 63, 32, 1, 66, 78, 1, 64, 48, 76, 67, 32, 80, 1, 1, 65, 32, 79, 69, 19, 1, 33, 81, 48, 33, 32, 32, 48, 48, 1, 83, 1, 48, 48, 19, 33, 33, 77, 19, 48, 62, 19, 33, 77, 48, 48, 48, 77, 1, 1, 82, 19, 19, 19, 1, 68, 33]);
groupFacility = array1d(1..90, [1, 0, 0, 0, 0, 0, 0, 0, 0, 0, 0, 0, 0, 0, 0, 0, 0, 0, 2, 0, 0, 0, 0, 0, 0, 0, 0, 0, 0, 0, 0, 2, 3, 0, 0, 0, 0, 0, 0, 0, 0, 0, 0, 0, 0, 0, 0, 4, 0, 0, 0, 0, 0, 0, 0, 0, 0, 0, 0, 0, 0, 4, 5, 1, 2, 3, 3, 3, 5, 0, 0, 0, 0, 0, 0, 4, 3, 1, 1, 1, 1, 1, 2, 0, 0, 0, 0, 0, 0, 0]);
groupProcessDay = array1d(1..90, [21, 0, 0, 0, 0, 0, 0, 0, 0, 0, 0, 0, 0, 0, 0, 0, 0, 0, 22, 0, 0, 0, 0, 0, 0, 0, 0, 0, 0, 0, 0, 21, 22, 0, 0, 0, 0, 0, 0, 0, 0, 0, 0, 0, 0, 0, 0, 23, 0, 0, 0, 0, 0, 0, 0, 0, 0, 0, 0, 0, 0, 21, 22, 23, 23, 23, 24, 25, 21, 0, 0, 0, 0, 0, 0, 24, 26, 2, 24, 17, 22, 25, 24, 0, 0, 0, 0, 0, 0, 0]);
itemProcessDay = array1d(1..90, [22, 23, 21, 24, 26, 22, 21, 21, 26, 22, 23, 22, 22, 24, 21, 21, 22, 21, 21, 22, 24, 22, 22, 23, 21, 21, 21, 21, 22, 23, 22, 22, 21, 21, 22, 21, 21, 23, 2, 21, 23, 23, 24, 24, 21, 17, 21, 21, 23, 21, 24, 21, 22, 21, 22, 22, 23, 22, 21, 21, 23, 23, 21, 24, 21, 23, 23, 22, 22, 22, 26, 22, 23, 21, 22, 22, 26, 23, 23, 23, 26, 21, 21, 25, 22, 22, 22, 21, 25, 22]);
objective = 1121;
----------
assignedGroup = array1d(1..90, [19, 48, 32, 76, 77, 19, 32, 32, 77, 19, 48, 19, 19, 76, 62, 62, 33, 1, 1, 63, 76, 63, 19, 48, 1, 1, 1, 1, 63, 48, 33, 63, 1, 1, 63, 32, 1, 63, 78, 1, 64, 48, 76, 66, 32, 80, 1, 1, 65, 32, 79, 68, 19, 1, 33, 81, 48, 33, 32, 32, 48, 48, 1, 83, 1, 48, 48, 19, 33, 33, 77, 19, 48, 62, 19, 33, 77, 48, 48, 48, 77, 1, 1, 82, 19, 19, 19, 1, 67, 33]);
groupFacility = array1d(1..90, [1, 0, 0, 0, 0, 0, 0, 0, 0, 0, 0, 0, 0, 0, 0, 0, 0, 0, 2, 0, 0, 0, 0, 0, 0, 0, 0, 0, 0, 0, 0, 2, 3, 0, 0, 0, 0, 0, 0, 0, 0, 0, 0, 0, 0, 0, 0, 4, 0, 0, 0, 0, 0, 0, 0, 0, 0, 0, 0, 0, 0, 4, 5, 1, 2, 3, 3, 5, 0, 0, 0, 0, 0, 0, 0, 4, 3, 1, 1, 1, 1, 1, 2, 0, 0, 0, 0, 0, 0, 0]);
groupProcessDay = array1d(1..90, [21, 0, 0, 0, 0, 0, 0, 0, 0, 0, 0, 0, 0, 0, 0, 0, 0, 0, 22, 0, 0, 0, 0, 0, 0, 0, 0, 0, 0, 0, 0, 21, 22, 0, 0, 0, 0, 0, 0, 0, 0, 0, 0, 0, 0, 0, 0, 23, 0, 0, 0, 0, 0, 0, 0, 0, 0, 0, 0, 0, 0, 21, 22, 23, 23, 23, 24, 21, 0, 0, 0, 0, 0, 0, 0, 24, 25, 2, 24, 17, 22, 25, 24, 0, 0, 0, 0, 0, 0, 0]);
itemProcessDay = array1d(1..90, [22, 23, 21, 24, 25, 22, 21, 21, 25, 22, 23, 22, 22, 24, 21, 21, 22, 21, 21, 22, 24, 22, 22, 23, 21, 21, 21, 21, 22, 23, 22, 22, 21, 21, 22, 21, 21, 22, 2, 21, 23, 23, 24, 23, 21, 17, 21, 21, 23, 21, 24, 21, 22, 21, 22, 22, 23, 22, 21, 21, 23, 23, 21, 24, 21, 23, 23, 22, 22, 22, 25, 22, 23, 21, 22, 22, 25, 23, 23, 23, 25, 21, 21, 25, 22, 22, 22, 21, 24, 22]);
objective = 1120;
----------
assignedGroup = array1d(1..90, [19, 48, 32, 76, 77, 19, 32, 32, 77, 19, 48, 19, 19, 76, 62, 62, 33, 1, 1, 63, 76, 63, 19, 48, 1, 1, 1, 1, 63, 48, 33, 63, 1, 1, 63, 32, 1, 63, 78, 1, 64, 48, 76, 63, 32, 80, 1, 1, 65, 32, 79, 67, 19, 1, 33, 81, 48, 33, 32, 32, 48, 48, 1, 83, 1, 48, 48, 19, 33, 33, 77, 19, 48, 62, 19, 33, 77, 48, 48, 48, 77, 1, 1, 82, 19, 19, 19, 1, 66, 33]);
groupFacility = array1d(1..90, [1, 0, 0, 0, 0, 0, 0, 0, 0, 0, 0, 0, 0, 0, 0, 0, 0, 0, 2, 0, 0, 0, 0, 0, 0, 0, 0, 0, 0, 0, 0, 2, 3, 0, 0, 0, 0, 0, 0, 0, 0, 0, 0, 0, 0, 0, 0, 4, 0, 0, 0, 0, 0, 0, 0, 0, 0, 0, 0, 0, 0, 4, 5, 1, 2, 3, 5, 0, 0, 0, 0, 0, 0, 0, 0, 4, 3, 1, 1, 1, 1, 1, 2, 0, 0, 0, 0, 0, 0, 0]);
groupProcessDay = array1d(1..90, [21, 0, 0, 0, 0, 0, 0, 0, 0, 0, 0, 0, 0, 0, 0, 0, 0, 0, 22, 0, 0, 0, 0, 0, 0, 0, 0, 0, 0, 0, 0, 21, 22, 0, 0, 0, 0, 0, 0, 0, 0, 0, 0, 0, 0, 0, 0, 23, 0, 0, 0, 0, 0, 0, 0, 0, 0, 0, 0, 0, 0, 21, 22, 23, 23, 23, 21, 0, 0, 0, 0, 0, 0, 0, 0, 24, 24, 2, 24, 17, 22, 25, 24, 0, 0, 0, 0, 0, 0, 0]);
itemProcessDay = array1d(1..90, [22, 23, 21, 24, 24, 22, 21, 21, 24, 22, 23, 22, 22, 24, 21, 21, 22, 21, 21, 22, 24, 22, 22, 23, 21, 21, 21, 21, 22, 23, 22, 22, 21, 21, 22, 21, 21, 22, 2, 21, 23, 23, 24, 22, 21, 17, 21, 21, 23, 21, 24, 21, 22, 21, 22, 22, 23, 22, 21, 21, 23, 23, 21, 24, 21, 23, 23, 22, 22, 22, 24, 22, 23, 21, 22, 22, 24, 23, 23, 23, 24, 21, 21, 25, 22, 22, 22, 21, 23, 22]);
objective = 1119;
----------
assignedGroup = array1d(1..90, [19, 48, 32, 76, 77, 19, 32, 32, 77, 19, 48, 19, 19, 76, 62, 62, 33, 1, 1, 63, 76, 63, 19, 48, 1, 1, 1, 1, 63, 48, 33, 63, 1, 1, 63, 32, 1, 63, 78, 1, 64, 48, 76, 63, 32, 80, 1, 1, 65, 32, 79, 66, 19, 1, 33, 81, 48, 33, 32, 32, 48, 48, 1, 83, 1, 48, 48, 19, 33, 33, 77, 19, 48, 62, 19, 33, 77, 48, 48, 48, 77, 1, 1, 82, 19, 19, 19, 1, 62, 33]);
groupFacility = array1d(1..90, [1, 0, 0, 0, 0, 0, 0, 0, 0, 0, 0, 0, 0, 0, 0, 0, 0, 0, 2, 0, 0, 0, 0, 0, 0, 0, 0, 0, 0, 0, 0, 2, 3, 0, 0, 0, 0, 0, 0, 0, 0, 0, 0, 0, 0, 0, 0, 4, 0, 0, 0, 0, 0, 0, 0, 0, 0, 0, 0, 0, 0, 4, 5, 1, 2, 5, 0, 0, 0, 0, 0, 0, 0, 0, 0, 4, 3, 1, 1, 1, 1, 1, 2, 0, 0, 0, 0, 0, 0, 0]);
groupProcessDay = array1d(1..90, [21, 0, 0, 0, 0, 0, 0, 0, 0, 0, 0, 0, 0, 0, 0, 0, 0, 0, 22, 0, 0, 0, 0, 0, 0, 0, 0, 0, 0, 0, 0, 21, 22, 0, 0, 0, 0, 0, 0, 0, 0, 0, 0, 0, 0, 0, 0, 23, 0, 0, 0, 0, 0, 0, 0, 0, 0, 0, 0, 0, 0, 22, 23, 23, 23, 21, 0, 0, 0, 0, 0, 0, 0, 0, 0, 24, 23, 2, 24, 17, 22, 25, 24, 0, 0, 0, 0, 0, 0, 0]);
itemProcessDay = array1d(1..90, [22, 23, 21, 24, 23, 22, 21, 21, 23, 22, 23, 22, 22, 24, 22, 22, 22, 21, 21, 23, 24, 23, 22, 23, 21, 21, 21, 21, 23, 23, 22, 23, 21, 21, 23, 21, 21, 23, 2, 21, 23, 23, 24, 23, 21, 17, 21, 21, 23, 21, 24, 21, 22, 21, 22, 22, 23, 22, 21, 21, 23, 23, 21, 24, 21, 23, 23, 22, 22, 22, 23, 22, 23, 22, 22, 22, 23, 23, 23, 23, 23, 21, 21, 25, 22, 22, 22, 21, 22, 22]);
objective = 1118;
----------
assignedGroup = array1d(1..90, [19, 48, 32, 76, 77, 19, 32, 32, 77, 19, 48, 19, 19, 76, 62, 62, 33, 1, 1, 63, 76, 63, 19, 48, 1, 1, 1, 1, 63, 48, 33, 63, 1, 1, 63, 32, 1, 63, 78, 1, 64, 48, 76, 63, 32, 80, 1, 1, 62, 32, 79, 65, 19, 1, 33, 81, 48, 33, 32, 32, 48, 48, 1, 83, 1, 48, 48, 19, 33, 33, 77, 19, 48, 62, 19, 33, 77, 48, 48, 48, 77, 1, 1, 82, 19, 19, 19, 1, 62, 33]);
groupFacility = array1d(1..90, [1, 0, 0, 0, 0, 0, 0, 0, 0, 0, 0, 0, 0, 0, 0, 0, 0, 0, 2, 0, 0, 0, 0, 0, 0, 0, 0, 0, 0, 0, 0, 2, 3, 0, 0, 0, 0, 0, 0, 0, 0, 0, 0, 0, 0, 0, 0, 4, 0, 0, 0, 0, 0, 0, 0, 0, 0, 0, 0, 0, 0, 4, 5, 1, 5, 0, 0, 0, 0, 0, 0, 0, 0, 0, 0, 4, 3, 1, 1, 1, 1, 1, 2, 0, 0, 0, 0, 0, 0, 0]);
groupProcessDay = array1d(1..90, [21, 0, 0, 0, 0, 0, 0, 0, 0, 0, 0, 0, 0, 0, 0, 0, 0, 0, 22, 0, 0, 0, 0, 0, 0, 0, 0, 0, 0, 0, 0, 21, 22, 0, 0, 0, 0, 0, 0, 0, 0, 0, 0, 0, 0, 0, 0, 23, 0, 0, 0, 0, 0, 0, 0, 0, 0, 0, 0, 0, 0, 22, 23, 23, 21, 0, 0, 0, 0, 0, 0, 0, 0, 0, 0, 24, 23, 2, 24, 17, 22, 25, 23, 0, 0, 0, 0, 0, 0, 0]);
itemProcessDay = array1d(1..90, [22, 23, 21, 24, 23, 22, 21, 21, 23, 22, 23, 22, 22, 24, 22, 22, 22, 21, 21, 23, 24, 23, 22, 23, 21, 21, 21, 21, 23, 23, 22, 23, 21, 21, 23, 21, 21, 23, 2, 21, 23, 23, 24, 23, 21, 17, 21, 21, 22, 21, 24, 21, 22, 21, 22, 22, 23, 22, 21, 21, 23, 23, 21, 23, 21, 23, 23, 22, 22, 22, 23, 22, 23, 22, 22, 22, 23, 23, 23, 23, 23, 21, 21, 25, 22, 22, 22, 21, 22, 22]);
objective = 1117;
----------
assignedGroup = array1d(1..90, [19, 48, 32, 76, 77, 19, 32, 32, 77, 19, 48, 19, 19, 76, 62, 62, 33, 1, 1, 63, 76, 63, 19, 48, 1, 1, 1, 1, 63, 48, 33, 63, 1, 1, 63, 32, 1, 63, 78, 1, 63, 48, 76, 63, 32, 80, 1, 1, 62, 32, 79, 64, 19, 1, 33, 81, 48, 33, 32, 32, 48, 48, 1, 83, 1, 48, 48, 19, 33, 33, 77, 19, 48, 62, 19, 33, 77, 48, 48, 48, 77, 1, 1, 82, 19, 19, 19, 1, 62, 33]);
groupFacility = array1d(1..90, [1, 0, 0, 0, 0, 0, 0, 0, 0, 0, 0, 0, 0, 0, 0, 0, 0, 0, 2, 0, 0, 0, 0, 0, 0, 0, 0, 0, 0, 0, 0, 2, 3, 0, 0, 0, 0, 0, 0, 0, 0, 0, 0, 0, 0, 0, 0, 4, 0, 0, 0, 0, 0, 0, 0, 0, 0, 0, 0, 0, 0, 4, 5, 5, 0, 0, 0, 0, 0, 0, 0, 0, 0, 0, 0, 4, 3, 1, 1, 1, 1, 1, 2, 0, 0, 0, 0, 0, 0, 0]);
groupProcessDay = array1d(1..90, [21, 0, 0, 0, 0, 0, 0, 0, 0, 0, 0, 0, 0, 0, 0, 0, 0, 0, 22, 0, 0, 0, 0, 0, 0, 0, 0, 0, 0, 0, 0, 21, 22, 0, 0, 0, 0, 0, 0, 0, 0, 0, 0, 0, 0, 0, 0, 23, 0, 0, 0, 0, 0, 0, 0, 0, 0, 0, 0, 0, 0, 22, 23, 21, 0, 0, 0, 0, 0, 0, 0, 0, 0, 0, 0, 24, 23, 2, 23, 17, 22, 24, 23, 0, 0, 0, 0, 0, 0, 0]);
itemProcessDay = array1d(1..90, [22, 23, 21, 24, 23, 22, 21, 21, 23, 22, 23, 22, 22, 24, 22, 22, 22, 21, 21, 23, 24, 23, 22, 23, 21, 21, 21, 21, 23, 23, 22, 23, 21, 21, 23, 21, 21, 23, 2, 21, 23, 23, 24, 23, 21, 17, 21, 21, 22, 21, 23, 21, 22, 21, 22, 22, 23, 22, 21, 21, 23, 23, 21, 23, 21, 23, 23, 22, 22, 22, 23, 22, 23, 22, 22, 22, 23, 23, 23, 23, 23, 21, 21, 24, 22, 22, 22, 21, 22, 22]);
objective = 1116;
----------
assignedGroup = array1d(1..90, [19, 48, 32, 76, 77, 19, 32, 32, 77, 19, 48, 19, 19, 76, 62, 62, 33, 1, 1, 63, 76, 63, 19, 48, 1, 1, 1, 1, 63, 48, 33, 63, 1, 2, 63, 32, 1, 63, 76, 1, 63, 48, 76, 63, 32, 80, 1, 1, 62, 32, 78, 63, 19, 1, 33, 79, 48, 33, 32, 32, 48, 48, 2, 82, 1, 48, 48, 19, 33, 33, 77, 19, 48, 62, 19, 33, 77, 48, 48, 48, 77, 1, 1, 81, 19, 19, 19, 1, 62, 33]);
groupFacility = array1d(1..90, [1, 1, 0, 0, 0, 0, 0, 0, 0, 0, 0, 0, 0, 0, 0, 0, 0, 0, 2, 0, 0, 0, 0, 0, 0, 0, 0, 0, 0, 0, 0, 2, 3, 0, 0, 0, 0, 0, 0, 0, 0, 0, 0, 0, 0, 0, 0, 4, 0, 0, 0, 0, 0, 0, 0, 0, 0, 0, 0, 0, 0, 4, 5, 0, 0, 0, 0, 0, 0, 0, 0, 0, 0, 0, 0, 4, 3, 1, 1, 1, 1, 2, 0, 0, 0, 0, 0, 0, 0, 0]);
groupProcessDay = array1d(1..90, [22, 21, 0, 0, 0, 0, 0, 0, 0, 0, 0, 0, 0, 0, 0, 0, 0, 0, 21, 0, 0, 0, 0, 0, 0, 0, 0, 0, 0, 0, 0, 22, 23, 0, 0, 0, 0, 0, 0, 0, 0, 0, 0, 0, 0, 0, 0, 23, 0, 0, 0, 0, 0, 0, 0, 0, 0, 0, 0, 0, 0, 22, 21, 0, 0, 0, 0, 0, 0, 0, 0, 0, 0, 0, 0, 21, 24, 24, 23, 17, 25, 23, 0, 0, 0, 0, 0, 0, 0, 0]);
itemProcessDay = array1d(1..90, [21, 23, 22, 21, 24, 21, 22, 22, 24, 21, 23, 21, 21, 21, 22, 22, 23, 22, 22, 21, 21, 21, 21, 23, 22, 22, 22, 22, 21, 23, 23, 21, 22, 21, 21, 22, 22, 21, 21, 22, 21, 23, 21, 21, 22, 17, 22, 22, 22, 22, 24, 21, 21, 22, 23, 23, 23, 23, 22, 22, 23, 23, 21, 23, 22, 23, 23, 21, 23, 23, 24, 21, 23, 22, 21, 23, 24, 23, 23, 23, 24, 22, 22, 25, 21, 21, 21, 22, 22, 23]);
objective = 1115;
----------
assignedGroup = array1d(1..90, [19, 48, 32, 76, 77, 19, 32, 32, 77, 19, 48, 19, 19, 76, 62, 62, 33, 1, 1, 63, 76, 63, 19, 48, 1, 1, 1, 1, 63, 48, 33, 63, 1, 2, 63, 32, 1, 63, 76, 1, 63, 48, 76, 63, 32, 79, 1, 1, 62, 32, 78, 63, 19, 1, 33, 77, 48, 33, 32, 32, 48, 48, 2, 81, 1, 48, 48, 19, 33, 33, 77, 19, 48, 62, 19, 33, 77, 48, 48, 48, 77, 1, 1, 80, 19, 19, 19, 1, 62, 33]);
groupFacility = array1d(1..90, [1, 1, 0, 0, 0, 0, 0, 0, 0, 0, 0, 0, 0, 0, 0, 0, 0, 0, 2, 0, 0, 0, 0, 0, 0, 0, 0, 0, 0, 0, 0, 2, 3, 0, 0, 0, 0, 0, 0, 0, 0, 0, 0, 0, 0, 0, 0, 4, 0, 0, 0, 0, 0, 0, 0, 0, 0, 0, 0, 0, 0, 4, 5, 0, 0, 0, 0, 0, 0, 0, 0, 0, 0, 0, 0, 4, 3, 1, 1, 1, 2, 0, 0, 0, 0, 0, 0, 0, 0, 0]);
groupProcessDay = array1d(1..90, [22, 21, 0, 0, 0, 0, 0, 0, 0, 0, 0, 0, 0, 0, 0, 0, 0, 0, 21, 0, 0, 0, 0, 0, 0, 0, 0, 0, 0, 0, 0, 22, 23, 0, 0, 0, 0, 0, 0, 0, 0, 0, 0, 0, 0, 0, 0, 23, 0, 0, 0, 0, 0, 0, 0, 0, 0, 0, 0, 0, 0, 24, 21, 0, 0, 0, 0, 0, 0, 0, 0, 0, 0, 0, 0, 21, 22, 23, 17, 24, 23, 0, 0, 0, 0, 0, 0, 0, 0, 0]);
itemProcessDay = array1d(1..90, [21, 23, 22, 21, 22, 21, 22, 22, 22, 21, 23, 21, 21, 21, 24, 24, 23, 22, 22, 21, 21, 21, 21, 23, 22, 22, 22, 22, 21, 23, 23, 21, 22, 21, 21, 22, 22, 21, 21, 22, 21, 23, 21, 21, 22, 17, 22, 22, 24, 22, 23, 21, 21, 22, 23, 22, 23, 23, 22, 22, 23, 23, 21, 23, 22, 23, 23, 21, 23, 23, 22, 21, 23, 24, 21, 23, 22, 23, 23, 23, 22, 22, 22, 24, 21, 21, 21, 22, 24, 23]);
objective = 1114;
----------
assignedGroup = array1d(1..90, [19, 48, 32, 76, 77, 19, 32, 32, 77, 19, 48, 19, 19, 76, 62, 62, 33, 1, 1, 63, 76, 63, 19, 48, 1, 1, 1, 1, 63, 48, 33, 63, 1, 2, 63, 32, 1, 63, 76, 1, 63, 48, 76, 63, 32, 76, 1, 1, 62, 32, 78, 63, 19, 1, 33, 77, 48, 33, 32, 32, 48, 48, 2, 80, 1, 48, 48, 19, 33, 33, 77, 19, 48, 62, 19, 33, 77, 48, 48, 48, 77, 1, 1, 79, 19, 19, 19, 1, 62, 33]);
groupFacility = array1d(1..90, [1, 1, 0, 0, 0, 0, 0, 0, 0, 0, 0, 0, 0, 0, 0, 0, 0, 0, 2, 0, 0, 0, 0, 0, 0, 0, 0, 0, 0, 0, 0, 2, 3, 0, 0, 0, 0, 0, 0, 0, 0, 0, 0, 0, 0, 0, 0, 4, 0, 0, 0, 0, 0, 0, 0, 0, 0, 0, 0, 0, 0, 4, 5, 0, 0, 0, 0, 0, 0, 0, 0, 0, 0, 0, 0, 4, 3, 1, 1, 2, 0, 0, 0, 0, 0, 0, 0, 0, 0, 0]);
groupProcessDay = array1d(1..90, [22, 21, 0, 0, 0, 0, 0, 0, 0, 0, 0, 0, 0, 0, 0, 0, 0, 0, 21, 0, 0, 0, 0, 0, 0, 0, 0, 0, 0, 0, 0, 22, 23, 0, 0, 0, 0, 0, 0, 0, 0, 0, 0, 0, 0, 0, 0, 23, 0, 0, 0, 0, 0, 0, 0, 0, 0, 0, 0, 0, 0, 24, 21, 0, 0, 0, 0, 0, 0, 0, 0, 0, 0, 0, 0, 21, 22, 23, 24, 23, 0, 0, 0, 0, 0, 0, 0, 0, 0, 0]);
itemProcessDay = array1d(1..90, [21, 23, 22, 21, 22, 21, 22, 22, 22, 21, 23, 21, 21, 21, 24, 24, 23, 22, 22, 21, 21, 21, 21, 23, 22, 22, 22, 22, 21, 23, 23, 21, 22, 21, 21, 22, 22, 21, 21, 22, 21, 23, 21, 21, 22, 21, 22, 22, 24, 22, 23, 21, 21, 22, 23, 22, 23, 23, 22, 22, 23, 23, 21, 23, 22, 23, 23, 21, 23, 23, 22, 21, 23, 24, 21, 23, 22, 23, 23, 23, 22, 22, 22, 24, 21, 21, 21, 22, 24, 23]);
objective = 1113;
----------
assignedGroup = array1d(1..90, [19, 48, 32, 76, 77, 19, 32, 32, 77, 19, 48, 19, 19, 76, 62, 62, 33, 1, 1, 63, 76, 63, 19, 48, 1, 1, 1, 1, 63, 48, 33, 63, 1, 2, 63, 32, 1, 63, 76, 1, 63, 48, 76, 63, 32, 76, 1, 1, 62, 32, 78, 63, 19, 1, 33, 77, 48, 33, 32, 32, 48, 48, 2, 79, 1, 48, 48, 19, 33, 33, 77, 19, 48, 62, 19, 33, 77, 48, 48, 48, 77, 1, 1, 78, 19, 19, 19, 1, 62, 33]);
groupFacility = array1d(1..90, [1, 1, 0, 0, 0, 0, 0, 0, 0, 0, 0, 0, 0, 0, 0, 0, 0, 0, 2, 0, 0, 0, 0, 0, 0, 0, 0, 0, 0, 0, 0, 2, 3, 0, 0, 0, 0, 0, 0, 0, 0, 0, 0, 0, 0, 0, 0, 4, 0, 0, 0, 0, 0, 0, 0, 0, 0, 0, 0, 0, 0, 4, 5, 0, 0, 0, 0, 0, 0, 0, 0, 0, 0, 0, 0, 4, 3, 1, 2, 0, 0, 0, 0, 0, 0, 0, 0, 0, 0, 0]);
groupProcessDay = array1d(1..90, [22, 21, 0, 0, 0, 0, 0, 0, 0, 0, 0, 0, 0, 0, 0, 0, 0, 0, 21, 0, 0, 0, 0, 0, 0, 0, 0, 0, 0, 0, 0, 22, 23, 0, 0, 0, 0, 0, 0, 0, 0, 0, 0, 0, 0, 0, 0, 23, 0, 0, 0, 0, 0, 0, 0, 0, 0, 0, 0, 0, 0, 24, 21, 0, 0, 0, 0, 0, 0, 0, 0, 0, 0, 0, 0, 21, 22, 23, 23, 0, 0, 0, 0, 0, 0, 0, 0, 0, 0, 0]);
itemProcessDay = array1d(1..90, [21, 23, 22, 21, 22, 21, 22, 22, 22, 21, 23, 21, 21, 21, 24, 24, 23, 22, 22, 21, 21, 21, 21, 23, 22, 22, 22, 22, 21, 23, 23, 21, 22, 21, 21, 22, 22, 21, 21, 22, 21, 23, 21, 21, 22, 21, 22, 22, 24, 22, 23, 21, 21, 22, 23, 22, 23, 23, 22, 22, 23, 23, 21, 23, 22, 23, 23, 21, 23, 23, 22, 21, 23, 24, 21, 23, 22, 23, 23, 23, 22, 22, 22, 23, 21, 21, 21, 22, 24, 23]);
objective = 1112;
----------
assignedGroup = array1d(1..90, [19, 48, 32, 76, 77, 19, 32, 32, 77, 19, 48, 19, 19, 77, 62, 62, 33, 1, 1, 63, 78, 63, 19, 48, 1, 1, 1, 1, 63, 48, 33, 63, 1, 1, 63, 33, 1, 63, 76, 1, 63, 48, 77, 63, 33, 76, 1, 1, 62, 33, 78, 63, 19, 1, 33, 77, 48, 33, 33, 33, 48, 48, 1, 79, 1, 48, 48, 19, 33, 33, 77, 19, 48, 62, 19, 33, 77, 48, 48, 48, 77, 1, 1, 77, 19, 19, 19, 1, 62, 33]);
groupFacility = array1d(1..90, [1, 0, 0, 0, 0, 0, 0, 0, 0, 0, 0, 0, 0, 0, 0, 0, 0, 0, 2, 0, 0, 0, 0, 0, 0, 0, 0, 0, 0, 0, 0, 2, 3, 0, 0, 0, 0, 0, 0, 0, 0, 0, 0, 0, 0, 0, 0, 4, 0, 0, 0, 0, 0, 0, 0, 0, 0, 0, 0, 0, 0, 4, 5, 0, 0, 0, 0, 0, 0, 0, 0, 0, 0, 0, 0, 4, 3, 1, 2, 0, 0, 0, 0, 0, 0, 0, 0, 0, 0, 0]);
groupProcessDay = array1d(1..90, [21, 0, 0, 0, 0, 0, 0, 0, 0, 0, 0, 0, 0, 0, 0, 0, 0, 0, 22, 0, 0, 0, 0, 0, 0, 0, 0, 0, 0, 0, 0, 21, 23, 0, 0, 0, 0, 0, 0, 0, 0, 0, 0, 0, 0, 0, 0, 23, 0, 0, 0, 0, 0, 0, 0, 0, 0, 0, 0, 0, 0, 22, 21, 0, 0, 0, 0, 0, 0, 0, 0, 0, 0, 0, 0, 17, 22, 22, 23, 0, 0, 0, 0, 0, 0, 0, 0, 0, 0, 0]);
itemProcessDay = array1d(1..90, [22, 23, 21, 17, 22, 22, 21, 21, 22, 22, 23, 22, 22, 22, 22, 22, 23, 21, 21, 21, 22, 21, 22, 23, 21, 21, 21, 21, 21, 23, 23, 21, 21, 21, 21, 23, 21, 21, 17, 21, 21, 23, 22, 21, 23, 17, 21, 21, 22, 23, 22, 21, 22, 21, 23, 22, 23, 23, 23, 23, 23, 23, 21, 23, 21, 23, 23, 22, 23, 23, 22, 22, 23, 22, 22, 23, 22, 23, 23, 23, 22, 21, 21, 22, 22, 22, 22, 21, 22, 23]);
objective = 1111;
----------
assignedGroup = array1d(1..90, [19, 48, 32, 76, 77, 19, 32, 32, 77, 19, 48, 20, 19, 76, 62, 62, 33, 1, 1, 63, 76, 63, 19, 48, 1, 1, 1, 1, 63, 48, 33, 63, 1, 1, 63, 32, 1, 63, 78, 1, 63, 48, 76, 63, 32, 80, 1, 1, 62, 32, 79, 63, 19, 1, 33, 81, 48, 33, 32, 32, 48, 48, 1, 83, 1, 48, 48, 19, 33, 33, 77, 19, 48, 62, 19, 33, 77, 48, 48, 48, 77, 1, 1, 82, 19, 19, 19, 1, 62, 33]);
groupFacility = array1d(1..90, [1, 0, 0, 0, 0, 0, 0, 0, 0, 0, 0, 0, 0, 0, 0, 0, 0, 0, 2, 1, 0, 0, 0, 0, 0, 0, 0, 0, 0, 0, 0, 2, 3, 0, 0, 0, 0, 0, 0, 0, 0, 0, 0, 0, 0, 0, 0, 4, 0, 0, 0, 0, 0, 0, 0, 0, 0, 0, 0, 0, 0, 4, 5, 0, 0, 0, 0, 0, 0, 0, 0, 0, 0, 0, 0, 4, 3, 1, 1, 1, 1, 1, 2, 0, 0, 0, 0, 0, 0, 0]);
groupProcessDay = array1d(1..90, [21, 0, 0, 0, 0, 0, 0, 0, 0, 0, 0, 0, 0, 0, 0, 0, 0, 0, 21, 4, 0, 0, 0, 0, 0, 0, 0, 0, 0, 0, 0, 22, 22, 0, 0, 0, 0, 0, 0, 0, 0, 0, 0, 0, 0, 0, 0, 23, 0, 0, 0, 0, 0, 0, 0, 0, 0, 0, 0, 0, 0, 22, 23, 0, 0, 0, 0, 0, 0, 0, 0, 0, 0, 0, 0, 24, 23, 2, 22, 17, 23, 24, 23, 0, 0, 0, 0, 0, 0, 0]);
itemProcessDay = array1d(1..90, [21, 23, 22, 24, 23, 21, 22, 22, 23, 21, 23, 4, 21, 24, 22, 22, 22, 21, 21, 23, 24, 23, 21, 23, 21, 21, 21, 21, 23, 23, 22, 23, 21, 21, 23, 22, 21, 23, 2, 21, 23, 23, 24, 23, 22, 17, 21, 21, 22, 22, 22, 23, 21, 21, 22, 23, 23, 22, 22, 22, 23, 23, 21, 23, 21, 23, 23, 21, 22, 22, 23, 21, 23, 22, 21, 22, 23, 23, 23, 23, 23, 21, 21, 24, 21, 21, 21, 21, 22, 22]);
objective = 316;
----------
assignedGroup = array1d(1..90, [19, 48, 32, 76, 77, 19, 32, 32, 77, 19, 48, 20, 19, 76, 62, 62, 33, 1, 1, 63, 76, 63, 19, 48, 1, 1, 1, 1, 63, 48, 33, 63, 1, 1, 63, 32, 1, 63, 78, 1, 63, 48, 76, 63, 32, 80, 1, 1, 62, 32, 79, 63, 19, 1, 33, 81, 48, 33, 32, 32, 48, 48, 1, 83, 1, 48, 48, 19, 33, 33, 77, 19, 48, 62, 19, 33, 77, 48, 48, 48, 77, 1, 1, 82, 19, 19, 19, 1, 62, 33]);
groupFacility = array1d(1..90, [1, 0, 0, 0, 0, 0, 0, 0, 0, 0, 0, 0, 0, 0, 0, 0, 0, 0, 2, 1, 0, 0, 0, 0, 0, 0, 0, 0, 0, 0, 0, 2, 3, 0, 0, 0, 0, 0, 0, 0, 0, 0, 0, 0, 0, 0, 0, 4, 0, 0, 0, 0, 0, 0, 0, 0, 0, 0, 0, 0, 0, 4, 5, 0, 0, 0, 0, 0, 0, 0, 0, 0, 0, 0, 0, 4, 3, 1, 1, 1, 1, 1, 2, 0, 0, 0, 0, 0, 0, 0]);
groupProcessDay = array1d(1..90, [21, 0, 0, 0, 0, 0, 0, 0, 0, 0, 0, 0, 0, 0, 0, 0, 0, 0, 21, 4, 0, 0, 0, 0, 0, 0, 0, 0, 0, 0, 0, 22, 22, 0, 0, 0, 0, 0, 0, 0, 0, 0, 0, 0, 0, 0, 0, 23, 0, 0, 0, 0, 0, 0, 0, 0, 0, 0, 0, 0, 0, 24, 22, 0, 0, 0, 0, 0, 0, 0, 0, 0, 0, 0, 0, 22, 23, 2, 22, 17, 23, 24, 23, 0, 0, 0, 0, 0, 0, 0]);
itemProcessDay = array1d(1..90, [21, 23, 22, 22, 23, 21, 22, 22, 23, 21, 23, 4, 21, 22, 24, 24, 22, 21, 21, 22, 22, 22, 21, 23, 21, 21, 21, 21, 22, 23, 22, 22, 21, 21, 22, 22, 21, 22, 2, 21, 22, 23, 22, 22, 22, 17, 21, 21, 24, 22, 22, 22, 21, 21, 22, 23, 23, 22, 22, 22, 23, 23, 21, 23, 21, 23, 23, 21, 22, 22, 23, 21, 23, 24, 21, 22, 23, 23, 23, 23, 23, 21, 21, 24, 21, 21, 21, 21, 24, 22]);
objective = 216;
----------
assignedGroup = array1d(1..90, [19, 48, 32, 76, 77, 19, 32, 32, 77, 19, 48, 20, 19, 76, 62, 62, 33, 1, 1, 63, 76, 63, 19, 48, 1, 1, 1, 1, 63, 48, 33, 63, 1, 1, 63, 32, 1, 63, 78, 1, 63, 48, 76, 63, 32, 80, 1, 1, 62, 32, 79, 63, 19, 1, 33, 81, 48, 33, 32, 32, 48, 48, 1, 83, 1, 48, 48, 19, 33, 33, 77, 19, 48, 62, 19, 33, 77, 48, 48, 48, 77, 1, 1, 82, 19, 19, 19, 1, 62, 33]);
groupFacility = array1d(1..90, [1, 0, 0, 0, 0, 0, 0, 0, 0, 0, 0, 0, 0, 0, 0, 0, 0, 0, 2, 1, 0, 0, 0, 0, 0, 0, 0, 0, 0, 0, 0, 2, 3, 0, 0, 0, 0, 0, 0, 0, 0, 0, 0, 0, 0, 0, 0, 4, 0, 0, 0, 0, 0, 0, 0, 0, 0, 0, 0, 0, 0, 4, 5, 0, 0, 0, 0, 0, 0, 0, 0, 0, 0, 0, 0, 4, 3, 1, 1, 1, 1, 1, 2, 0, 0, 0, 0, 0, 0, 0]);
groupProcessDay = array1d(1..90, [21, 0, 0, 0, 0, 0, 0, 0, 0, 0, 0, 0, 0, 0, 0, 0, 0, 0, 22, 4, 0, 0, 0, 0, 0, 0, 0, 0, 0, 0, 0, 21, 22, 0, 0, 0, 0, 0, 0, 0, 0, 0, 0, 0, 0, 0, 0, 23, 0, 0, 0, 0, 0, 0, 0, 0, 0, 0, 0, 0, 0, 24, 22, 0, 0, 0, 0, 0, 0, 0, 0, 0, 0, 0, 0, 21, 23, 2, 23, 17, 22, 24, 23, 0, 0, 0, 0, 0, 0, 0]);
itemProcessDay = array1d(1..90, [22, 23, 21, 21, 23, 22, 21, 21, 23, 22, 23, 4, 22, 21, 24, 24, 22, 21, 21, 22, 21, 22, 22, 23, 21, 21, 21, 21, 22, 23, 22, 22, 21, 21, 22, 21, 21, 22, 2, 21, 22, 23, 21, 22, 21, 17, 21, 21, 24, 21, 23, 22, 22, 21, 22, 22, 23, 22, 21, 21, 23, 23, 21, 23, 21, 23, 23, 22, 22, 22, 23, 22, 23, 24, 22, 22, 23, 23, 23, 23, 23, 21, 21, 24, 22, 22, 22, 21, 24, 22]);
objective = 116;
----------
assignedGroup = array1d(1..90, [19, 48, 32, 76, 77, 19, 32, 32, 77, 19, 48, 20, 19, 76, 62, 62, 33, 1, 1, 63, 76, 63, 19, 48, 1, 1, 1, 1, 63, 48, 33, 63, 1, 1, 63, 32, 1, 66, 78, 1, 64, 48, 76, 67, 32, 80, 1, 1, 65, 32, 79, 70, 19, 1, 33, 81, 48, 33, 32, 32, 48, 48, 1, 83, 1, 48, 48, 19, 33, 33, 77, 19, 48, 69, 19, 33, 77, 48, 48, 48, 77, 1, 1, 82, 19, 19, 19, 1, 68, 33]);
groupFacility = array1d(1..90, [1, 0, 0, 0, 0, 0, 0, 0, 0, 0, 0, 0, 0, 0, 0, 0, 0, 0, 2, 1, 0, 0, 0, 0, 0, 0, 0, 0, 0, 0, 0, 2, 3, 0, 0, 0, 0, 0, 0, 0, 0, 0, 0, 0, 0, 0, 0, 4, 0, 0, 0, 0, 0, 0, 0, 0, 0, 0, 0, 0, 0, 4, 5, 1, 2, 3, 3, 3, 4, 5, 0, 0, 0, 0, 0, 4, 3, 1, 1, 1, 1, 1, 2, 0, 0, 0, 0, 0, 0, 0]);
groupProcessDay = array1d(1..90, [21, 0, 0, 0, 0, 0, 0, 0, 0, 0, 0, 0, 0, 0, 0, 0, 0, 0, 22, 4, 0, 0, 0, 0, 0, 0, 0, 0, 0, 0, 0, 21, 22, 0, 0, 0, 0, 0, 0, 0, 0, 0, 0, 0, 0, 0, 0, 23, 0, 0, 0, 0, 0, 0, 0, 0, 0, 0, 0, 0, 0, 21, 22, 23, 23, 21, 24, 25, 24, 21, 0, 0, 0, 0, 0, 22, 23, 2, 24, 17, 22, 25, 24, 0, 0, 0, 0, 0, 0, 0]);
itemProcessDay = array1d(1..90, [22, 23, 21, 22, 23, 22, 21, 21, 23, 22, 23, 4, 22, 22, 21, 21, 22, 21, 21, 22, 22, 22, 22, 23, 21, 21, 21, 21, 22, 23, 22, 22, 21, 21, 22, 21, 21, 21, 2, 21, 23, 23, 22, 24, 21, 17, 21, 21, 23, 21, 24, 21, 22, 21, 22, 22, 23, 22, 21, 21, 23, 23, 21, 24, 21, 23, 23, 22, 22, 22, 23, 22, 23, 24, 22, 22, 23, 23, 23, 23, 23, 21, 21, 25, 22, 22, 22, 21, 25, 22]);
objective = 23;
----------
assignedGroup = array1d(1..90, [19, 48, 32, 76, 77, 19, 32, 32, 77, 19, 48, 20, 19, 76, 62, 62, 33, 1, 1, 63, 76, 63, 19, 48, 1, 1, 1, 1, 63, 48, 33, 63, 1, 1, 63, 32, 1, 66, 78, 1, 64, 48, 76, 67, 32, 80, 1, 1, 65, 32, 79, 69, 19, 1, 33, 81, 48, 33, 32, 32, 48, 48, 1, 83, 1, 48, 48, 19, 33, 33, 77, 19, 48, 62, 19, 33, 77, 48, 48, 48, 77, 1, 1, 82, 19, 19, 19, 1, 68, 33]);
groupFacility = array1d(1..90, [1, 0, 0, 0, 0, 0, 0, 0, 0, 0, 0, 0, 0, 0, 0, 0, 0, 0, 2, 1, 0, 0, 0, 0, 0, 0, 0, 0, 0, 0, 0, 2, 3, 0, 0, 0, 0, 0, 0, 0, 0, 0, 0, 0, 0, 0, 0, 4, 0, 0, 0, 0, 0, 0, 0, 0, 0, 0, 0, 0, 0, 4, 5, 1, 2, 3, 3, 3, 5, 0, 0, 0, 0, 0, 0, 4, 3, 1, 1, 1, 1, 1, 2, 0, 0, 0, 0, 0, 0, 0]);
groupProcessDay = array1d(1..90, [21, 0, 0, 0, 0, 0, 0, 0, 0, 0, 0, 0, 0, 0, 0, 0, 0, 0, 22, 4, 0, 0, 0, 0, 0, 0, 0, 0, 0, 0, 0, 21, 22, 0, 0, 0, 0, 0, 0, 0, 0, 0, 0, 0, 0, 0, 0, 23, 0, 0, 0, 0, 0, 0, 0, 0, 0, 0, 0, 0, 0, 21, 22, 23, 23, 24, 25, 26, 21, 0, 0, 0, 0, 0, 0, 22, 23, 2, 24, 17, 22, 25, 24, 0, 0, 0, 0, 0, 0, 0]);
itemProcessDay = array1d(1..90, [22, 23, 21, 22, 23, 22, 21, 21, 23, 22, 23, 4, 22, 22, 21, 21, 22, 21, 21, 22, 22, 22, 22, 23, 21, 21, 21, 21, 22, 23, 22, 22, 21, 21, 22, 21, 21, 24, 2, 21, 23, 23, 22, 25, 21, 17, 21, 21, 23, 21, 24, 21, 22, 21, 22, 22, 23, 22, 21, 21, 23, 23, 21, 24, 21, 23, 23, 22, 22, 22, 23, 22, 23, 21, 22, 22, 23, 23, 23, 23, 23, 21, 21, 25, 22, 22, 22, 21, 26, 22]);
objective = 22;
----------
assignedGroup = array1d(1..90, [19, 48, 32, 76, 77, 19, 32, 32, 77, 19, 48, 20, 19, 76, 62, 62, 33, 1, 1, 63, 76, 63, 19, 48, 1, 1, 1, 1, 63, 48, 33, 63, 1, 1, 63, 32, 1, 63, 78, 1, 64, 48, 76, 66, 32, 80, 1, 1, 65, 32, 79, 68, 19, 1, 33, 81, 48, 33, 32, 32, 48, 48, 1, 83, 1, 48, 48, 19, 33, 33, 77, 19, 48, 62, 19, 33, 77, 48, 48, 48, 77, 1, 1, 82, 19, 19, 19, 1, 67, 33]);
groupFacility = array1d(1..90, [1, 0, 0, 0, 0, 0, 0, 0, 0, 0, 0, 0, 0, 0, 0, 0, 0, 0, 2, 1, 0, 0, 0, 0, 0, 0, 0, 0, 0, 0, 0, 2, 3, 0, 0, 0, 0, 0, 0, 0, 0, 0, 0, 0, 0, 0, 0, 4, 0, 0, 0, 0, 0, 0, 0, 0, 0, 0, 0, 0, 0, 4, 5, 1, 2, 3, 3, 5, 0, 0, 0, 0, 0, 0, 0, 4, 3, 1, 1, 1, 1, 1, 2, 0, 0, 0, 0, 0, 0, 0]);
groupProcessDay = array1d(1..90, [21, 0, 0, 0, 0, 0, 0, 0, 0, 0, 0, 0, 0, 0, 0, 0, 0, 0, 22, 4, 0, 0, 0, 0, 0, 0, 0, 0, 0, 0, 0, 21, 22, 0, 0, 0, 0, 0, 0, 0, 0, 0, 0, 0, 0, 0, 0, 23, 0, 0, 0, 0, 0, 0, 0, 0, 0, 0, 0, 0, 0, 21, 22, 23, 23, 24, 25, 21, 0, 0, 0, 0, 0, 0, 0, 24, 23, 2, 24, 17, 22, 25, 24, 0, 0, 0, 0, 0, 0, 0]);
itemProcessDay = array1d(1..90, [22, 23, 21, 24, 23, 22, 21, 21, 23, 22, 23, 4, 22, 24, 21, 21, 22, 21, 21, 22, 24, 22, 22, 23, 21, 21, 21, 21, 22, 23, 22, 22, 21, 21, 22, 21, 21, 22, 2, 21, 23, 23, 24, 24, 21, 17, 21, 21, 23, 21, 24, 21, 22, 21, 22, 22, 23, 22, 21, 21, 23, 23, 21, 24, 21, 23, 23, 22, 22, 22, 23, 22, 23, 21, 22, 22, 23, 23, 23, 23, 23, 21, 21, 25, 22, 22, 22, 21, 25, 22]);
objective = 21;
----------
assignedGroup = array1d(1..90, [19, 48, 32, 76, 77, 19, 32, 32, 77, 19, 48, 20, 19, 76, 62, 62, 33, 1, 1, 63, 76, 63, 19, 48, 1, 1, 1, 1, 63, 48, 33, 63, 1, 1, 63, 32, 1, 63, 78, 1, 64, 48, 76, 63, 32, 80, 1, 1, 65, 32, 79, 67, 19, 1, 33, 81, 48, 33, 32, 32, 48, 48, 1, 83, 1, 48, 48, 19, 33, 33, 77, 19, 48, 62, 19, 33, 77, 48, 48, 48, 77, 1, 1, 82, 19, 19, 19, 1, 66, 33]);
groupFacility = array1d(1..90, [1, 0, 0, 0, 0, 0, 0, 0, 0, 0, 0, 0, 0, 0, 0, 0, 0, 0, 2, 1, 0, 0, 0, 0, 0, 0, 0, 0, 0, 0, 0, 2, 3, 0, 0, 0, 0, 0, 0, 0, 0, 0, 0, 0, 0, 0, 0, 4, 0, 0, 0, 0, 0, 0, 0, 0, 0, 0, 0, 0, 0, 4, 5, 1, 2, 3, 5, 0, 0, 0, 0, 0, 0, 0, 0, 4, 3, 1, 1, 1, 1, 1, 2, 0, 0, 0, 0, 0, 0, 0]);
groupProcessDay = array1d(1..90, [21, 0, 0, 0, 0, 0, 0, 0, 0, 0, 0, 0, 0, 0, 0, 0, 0, 0, 22, 4, 0, 0, 0, 0, 0, 0, 0, 0, 0, 0, 0, 21, 22, 0, 0, 0, 0, 0, 0, 0, 0, 0, 0, 0, 0, 0, 0, 23, 0, 0, 0, 0, 0, 0, 0, 0, 0, 0, 0, 0, 0, 21, 22, 23, 23, 24, 21, 0, 0, 0, 0, 0, 0, 0, 0, 24, 23, 2, 24, 17, 22, 25, 24, 0, 0, 0, 0, 0, 0, 0]);
itemProcessDay = array1d(1..90, [22, 23, 21, 24, 23, 22, 21, 21, 23, 22, 23, 4, 22, 24, 21, 21, 22, 21, 21, 22, 24, 22, 22, 23, 21, 21, 21, 21, 22, 23, 22, 22, 21, 21, 22, 21, 21, 22, 2, 21, 23, 23, 24, 22, 21, 17, 21, 21, 23, 21, 24, 21, 22, 21, 22, 22, 23, 22, 21, 21, 23, 23, 21, 24, 21, 23, 23, 22, 22, 22, 23, 22, 23, 21, 22, 22, 23, 23, 23, 23, 23, 21, 21, 25, 22, 22, 22, 21, 24, 22]);
objective = 20;
----------
assignedGroup = array1d(1..90, [19, 48, 32, 76, 77, 19, 32, 32, 77, 19, 48, 20, 19, 76, 62, 62, 33, 1, 1, 63, 76, 63, 19, 48, 1, 1, 1, 1, 63, 48, 33, 63, 1, 1, 63, 32, 1, 63, 78, 1, 64, 48, 76, 63, 32, 80, 1, 1, 65, 32, 79, 66, 19, 1, 33, 81, 48, 33, 32, 32, 48, 48, 1, 83, 1, 48, 48, 19, 33, 33, 77, 19, 48, 62, 19, 33, 77, 48, 48, 48, 77, 1, 1, 82, 19, 19, 19, 1, 62, 33]);
groupFacility = array1d(1..90, [1, 0, 0, 0, 0, 0, 0, 0, 0, 0, 0, 0, 0, 0, 0, 0, 0, 0, 2, 1, 0, 0, 0, 0, 0, 0, 0, 0, 0, 0, 0, 2, 3, 0, 0, 0, 0, 0, 0, 0, 0, 0, 0, 0, 0, 0, 0, 4, 0, 0, 0, 0, 0, 0, 0, 0, 0, 0, 0, 0, 0, 4, 5, 1, 2, 5, 0, 0, 0, 0, 0, 0, 0, 0, 0, 4, 3, 1, 1, 1, 1, 1, 2, 0, 0, 0, 0, 0, 0, 0]);
groupProcessDay = array1d(1..90, [21, 0, 0, 0, 0, 0, 0, 0, 0, 0, 0, 0, 0, 0, 0, 0, 0, 0, 22, 4, 0, 0, 0, 0, 0, 0, 0, 0, 0, 0, 0, 21, 22, 0, 0, 0, 0, 0, 0, 0, 0, 0, 0, 0, 0, 0, 0, 23, 0, 0, 0, 0, 0, 0, 0, 0, 0, 0, 0, 0, 0, 22, 23, 23, 23, 21, 0, 0, 0, 0, 0, 0, 0, 0, 0, 24, 23, 2, 24, 17, 22, 25, 24, 0, 0, 0, 0, 0, 0, 0]);
itemProcessDay = array1d(1..90, [22, 23, 21, 24, 23, 22, 21, 21, 23, 22, 23, 4, 22, 24, 22, 22, 22, 21, 21, 23, 24, 23, 22, 23, 21, 21, 21, 21, 23, 23, 22, 23, 21, 21, 23, 21, 21, 23, 2, 21, 23, 23, 24, 23, 21, 17, 21, 21, 23, 21, 24, 21, 22, 21, 22, 22, 23, 22, 21, 21, 23, 23, 21, 24, 21, 23, 23, 22, 22, 22, 23, 22, 23, 22, 22, 22, 23, 23, 23, 23, 23, 21, 21, 25, 22, 22, 22, 21, 22, 22]);
objective = 19;
----------
assignedGroup = array1d(1..90, [19, 48, 32, 76, 77, 19, 32, 32, 77, 19, 48, 20, 19, 76, 62, 62, 33, 1, 1, 63, 76, 63, 19, 48, 1, 1, 1, 1, 63, 48, 33, 63, 1, 1, 63, 32, 1, 63, 78, 1, 64, 48, 76, 63, 32, 80, 1, 1, 62, 32, 79, 65, 19, 1, 33, 81, 48, 33, 32, 32, 48, 48, 1, 83, 1, 48, 48, 19, 33, 33, 77, 19, 48, 62, 19, 33, 77, 48, 48, 48, 77, 1, 1, 82, 19, 19, 19, 1, 62, 33]);
groupFacility = array1d(1..90, [1, 0, 0, 0, 0, 0, 0, 0, 0, 0, 0, 0, 0, 0, 0, 0, 0, 0, 2, 1, 0, 0, 0, 0, 0, 0, 0, 0, 0, 0, 0, 2, 3, 0, 0, 0, 0, 0, 0, 0, 0, 0, 0, 0, 0, 0, 0, 4, 0, 0, 0, 0, 0, 0, 0, 0, 0, 0, 0, 0, 0, 4, 5, 1, 5, 0, 0, 0, 0, 0, 0, 0, 0, 0, 0, 4, 3, 1, 1, 1, 1, 1, 2, 0, 0, 0, 0, 0, 0, 0]);
groupProcessDay = array1d(1..90, [21, 0, 0, 0, 0, 0, 0, 0, 0, 0, 0, 0, 0, 0, 0, 0, 0, 0, 22, 4, 0, 0, 0, 0, 0, 0, 0, 0, 0, 0, 0, 21, 22, 0, 0, 0, 0, 0, 0, 0, 0, 0, 0, 0, 0, 0, 0, 23, 0, 0, 0, 0, 0, 0, 0, 0, 0, 0, 0, 0, 0, 22, 23, 23, 21, 0, 0, 0, 0, 0, 0, 0, 0, 0, 0, 24, 23, 2, 24, 17, 22, 25, 23, 0, 0, 0, 0, 0, 0, 0]);
itemProcessDay = array1d(1..90, [22, 23, 21, 24, 23, 22, 21, 21, 23, 22, 23, 4, 22, 24, 22, 22, 22, 21, 21, 23, 24, 23, 22, 23, 21, 21, 21, 21, 23, 23, 22, 23, 21, 21, 23, 21, 21, 23, 2, 21, 23, 23, 24, 23, 21, 17, 21, 21, 22, 21, 24, 21, 22, 21, 22, 22, 23, 22, 21, 21, 23, 23, 21, 23, 21, 23, 23, 22, 22, 22, 23, 22, 23, 22, 22, 22, 23, 23, 23, 23, 23, 21, 21, 25, 22, 22, 22, 21, 22, 22]);
objective = 18;
----------
assignedGroup = array1d(1..90, [19, 48, 32, 76, 77, 19, 32, 32, 77, 19, 48, 20, 19, 76, 62, 62, 33, 1, 1, 63, 76, 63, 19, 48, 1, 1, 1, 1, 63, 48, 33, 63, 1, 1, 63, 32, 1, 63, 78, 1, 63, 48, 76, 63, 32, 80, 1, 1, 62, 32, 79, 64, 19, 1, 33, 81, 48, 33, 32, 32, 48, 48, 1, 83, 1, 48, 48, 19, 33, 33, 77, 19, 48, 62, 19, 33, 77, 48, 48, 48, 77, 1, 1, 82, 19, 19, 19, 1, 62, 33]);
groupFacility = array1d(1..90, [1, 0, 0, 0, 0, 0, 0, 0, 0, 0, 0, 0, 0, 0, 0, 0, 0, 0, 2, 1, 0, 0, 0, 0, 0, 0, 0, 0, 0, 0, 0, 2, 3, 0, 0, 0, 0, 0, 0, 0, 0, 0, 0, 0, 0, 0, 0, 4, 0, 0, 0, 0, 0, 0, 0, 0, 0, 0, 0, 0, 0, 4, 5, 5, 0, 0, 0, 0, 0, 0, 0, 0, 0, 0, 0, 4, 3, 1, 1, 1, 1, 1, 2, 0, 0, 0, 0, 0, 0, 0]);
groupProcessDay = array1d(1..90, [21, 0, 0, 0, 0, 0, 0, 0, 0, 0, 0, 0, 0, 0, 0, 0, 0, 0, 22, 4, 0, 0, 0, 0, 0, 0, 0, 0, 0, 0, 0, 21, 22, 0, 0, 0, 0, 0, 0, 0, 0, 0, 0, 0, 0, 0, 0, 23, 0, 0, 0, 0, 0, 0, 0, 0, 0, 0, 0, 0, 0, 22, 23, 21, 0, 0, 0, 0, 0, 0, 0, 0, 0, 0, 0, 24, 23, 2, 23, 17, 22, 24, 23, 0, 0, 0, 0, 0, 0, 0]);
itemProcessDay = array1d(1..90, [22, 23, 21, 24, 23, 22, 21, 21, 23, 22, 23, 4, 22, 24, 22, 22, 22, 21, 21, 23, 24, 23, 22, 23, 21, 21, 21, 21, 23, 23, 22, 23, 21, 21, 23, 21, 21, 23, 2, 21, 23, 23, 24, 23, 21, 17, 21, 21, 22, 21, 23, 21, 22, 21, 22, 22, 23, 22, 21, 21, 23, 23, 21, 23, 21, 23, 23, 22, 22, 22, 23, 22, 23, 22, 22, 22, 23, 23, 23, 23, 23, 21, 21, 24, 22, 22, 22, 21, 22, 22]);
objective = 17;
----------
assignedGroup = array1d(1..90, [19, 48, 32, 76, 77, 19, 32, 32, 77, 19, 48, 20, 19, 76, 62, 62, 33, 1, 1, 63, 76, 63, 19, 48, 1, 1, 1, 1, 63, 48, 33, 63, 1, 1, 63, 33, 1, 63, 78, 1, 63, 48, 76, 63, 33, 80, 1, 1, 62, 33, 79, 63, 19, 1, 33, 81, 48, 33, 33, 33, 48, 48, 1, 83, 1, 48, 48, 19, 33, 33, 77, 19, 48, 62, 19, 33, 77, 48, 48, 48, 77, 1, 1, 82, 19, 19, 19, 1, 62, 33]);
groupFacility = array1d(1..90, [1, 0, 0, 0, 0, 0, 0, 0, 0, 0, 0, 0, 0, 0, 0, 0, 0, 0, 2, 1, 0, 0, 0, 0, 0, 0, 0, 0, 0, 0, 0, 2, 3, 0, 0, 0, 0, 0, 0, 0, 0, 0, 0, 0, 0, 0, 0, 4, 0, 0, 0, 0, 0, 0, 0, 0, 0, 0, 0, 0, 0, 4, 5, 0, 0, 0, 0, 0, 0, 0, 0, 0, 0, 0, 0, 4, 3, 1, 1, 1, 1, 1, 2, 0, 0, 0, 0, 0, 0, 0]);
groupProcessDay = array1d(1..90, [21, 0, 0, 0, 0, 0, 0, 0, 0, 0, 0, 0, 0, 0, 0, 0, 0, 0, 22, 4, 0, 0, 0, 0, 0, 0, 0, 0, 0, 0, 0, 21, 22, 0, 0, 0, 0, 0, 0, 0, 0, 0, 0, 0, 0, 0, 0, 23, 0, 0, 0, 0, 0, 0, 0, 0, 0, 0, 0, 0, 0, 24, 21, 0, 0, 0, 0, 0, 0, 0, 0, 0, 0, 0, 0, 22, 23, 2, 23, 17, 22, 24, 23, 0, 0, 0, 0, 0, 0, 0]);
itemProcessDay = array1d(1..90, [22, 23, 21, 22, 23, 22, 21, 21, 23, 22, 23, 4, 22, 22, 24, 24, 22, 21, 21, 21, 22, 21, 22, 23, 21, 21, 21, 21, 21, 23, 22, 21, 21, 21, 21, 22, 21, 21, 2, 21, 21, 23, 22, 21, 22, 17, 21, 21, 24, 22, 23, 21, 22, 21, 22, 22, 23, 22, 22, 22, 23, 23, 21, 23, 21, 23, 23, 22, 22, 22, 23, 22, 23, 24, 22, 22, 23, 23, 23, 23, 23, 21, 21, 24, 22, 22, 22, 21, 24, 22]);
objective = 16;
----------
assignedGroup = array1d(1..90, [19, 48, 32, 76, 77, 19, 32, 32, 77, 19, 48, 20, 19, 76, 62, 62, 33, 1, 1, 63, 76, 63, 19, 48, 1, 1, 1, 1, 63, 48, 33, 63, 1, 1, 63, 33, 1, 63, 79, 1, 63, 48, 76, 63, 33, 80, 1, 1, 62, 33, 78, 63, 19, 1, 33, 77, 48, 33, 33, 33, 48, 48, 1, 82, 1, 48, 48, 19, 33, 33, 77, 19, 48, 62, 19, 33, 77, 48, 48, 48, 77, 1, 1, 81, 19, 19, 19, 1, 62, 33]);
groupFacility = array1d(1..90, [1, 0, 0, 0, 0, 0, 0, 0, 0, 0, 0, 0, 0, 0, 0, 0, 0, 0, 2, 1, 0, 0, 0, 0, 0, 0, 0, 0, 0, 0, 0, 2, 3, 0, 0, 0, 0, 0, 0, 0, 0, 0, 0, 0, 0, 0, 0, 4, 0, 0, 0, 0, 0, 0, 0, 0, 0, 0, 0, 0, 0, 4, 5, 0, 0, 0, 0, 0, 0, 0, 0, 0, 0, 0, 0, 4, 3, 1, 1, 1, 1, 2, 0, 0, 0, 0, 0, 0, 0, 0]);
groupProcessDay = array1d(1..90, [21, 0, 0, 0, 0, 0, 0, 0, 0, 0, 0, 0, 0, 0, 0, 0, 0, 0, 22, 4, 0, 0, 0, 0, 0, 0, 0, 0, 0, 0, 0, 21, 23, 0, 0, 0, 0, 0, 0, 0, 0, 0, 0, 0, 0, 0, 0, 23, 0, 0, 0, 0, 0, 0, 0, 0, 0, 0, 0, 0, 0, 22, 21, 0, 0, 0, 0, 0, 0, 0, 0, 0, 0, 0, 0, 24, 22, 22, 2, 17, 23, 23, 0, 0, 0, 0, 0, 0, 0, 0]);
itemProcessDay = array1d(1..90, [22, 23, 21, 24, 22, 22, 21, 21, 22, 22, 23, 4, 22, 24, 22, 22, 23, 21, 21, 21, 24, 21, 22, 23, 21, 21, 21, 21, 21, 23, 23, 21, 21, 21, 21, 23, 21, 21, 2, 21, 21, 23, 24, 21, 23, 17, 21, 21, 22, 23, 22, 21, 22, 21, 23, 22, 23, 23, 23, 23, 23, 23, 21, 23, 21, 23, 23, 22, 23, 23, 22, 22, 23, 22, 22, 23, 22, 23, 23, 23, 22, 21, 21, 23, 22, 22, 22, 21, 22, 23]);
objective = 15;
----------
assignedGroup = array1d(1..90, [19, 48, 32, 76, 77, 19, 32, 32, 77, 19, 48, 20, 19, 76, 62, 62, 33, 1, 1, 63, 76, 63, 19, 48, 1, 1, 1, 1, 63, 48, 33, 63, 1, 1, 63, 33, 1, 63, 79, 1, 63, 48, 76, 63, 33, 76, 1, 1, 62, 33, 78, 63, 19, 1, 33, 77, 48, 33, 33, 33, 48, 48, 1, 81, 1, 48, 48, 19, 33, 33, 77, 19, 48, 62, 19, 33, 77, 48, 48, 48, 77, 1, 1, 80, 19, 19, 19, 1, 62, 33]);
groupFacility = array1d(1..90, [1, 0, 0, 0, 0, 0, 0, 0, 0, 0, 0, 0, 0, 0, 0, 0, 0, 0, 2, 1, 0, 0, 0, 0, 0, 0, 0, 0, 0, 0, 0, 2, 3, 0, 0, 0, 0, 0, 0, 0, 0, 0, 0, 0, 0, 0, 0, 4, 0, 0, 0, 0, 0, 0, 0, 0, 0, 0, 0, 0, 0, 4, 5, 0, 0, 0, 0, 0, 0, 0, 0, 0, 0, 0, 0, 4, 3, 1, 1, 1, 2, 0, 0, 0, 0, 0, 0, 0, 0, 0]);
groupProcessDay = array1d(1..90, [21, 0, 0, 0, 0, 0, 0, 0, 0, 0, 0, 0, 0, 0, 0, 0, 0, 0, 22, 4, 0, 0, 0, 0, 0, 0, 0, 0, 0, 0, 0, 21, 23, 0, 0, 0, 0, 0, 0, 0, 0, 0, 0, 0, 0, 0, 0, 23, 0, 0, 0, 0, 0, 0, 0, 0, 0, 0, 0, 0, 0, 22, 21, 0, 0, 0, 0, 0, 0, 0, 0, 0, 0, 0, 0, 24, 22, 22, 2, 23, 23, 0, 0, 0, 0, 0, 0, 0, 0, 0]);
itemProcessDay = array1d(1..90, [22, 23, 21, 24, 22, 22, 21, 21, 22, 22, 23, 4, 22, 24, 22, 22, 23, 21, 21, 21, 24, 21, 22, 23, 21, 21, 21, 21, 21, 23, 23, 21, 21, 21, 21, 23, 21, 21, 2, 21, 21, 23, 24, 21, 23, 24, 21, 21, 22, 23, 22, 21, 22, 21, 23, 22, 23, 23, 23, 23, 23, 23, 21, 23, 21, 23, 23, 22, 23, 23, 22, 22, 23, 22, 22, 23, 22, 23, 23, 23, 22, 21, 21, 23, 22, 22, 22, 21, 22, 23]);
objective = 14;
----------
assignedGroup = array1d(1..90, [19, 48, 32, 76, 77, 19, 32, 32, 77, 19, 48, 20, 19, 76, 62, 62, 33, 1, 1, 63, 76, 63, 19, 48, 1, 1, 1, 1, 63, 48, 33, 63, 1, 1, 63, 33, 1, 63, 78, 1, 63, 48, 76, 63, 33, 76, 1, 1, 62, 33, 79, 63, 19, 1, 33, 77, 48, 33, 33, 33, 48, 48, 1, 80, 1, 48, 48, 19, 33, 33, 77, 19, 48, 62, 19, 33, 77, 48, 48, 48, 77, 1, 1, 76, 19, 19, 19, 1, 62, 33]);
groupFacility = array1d(1..90, [1, 0, 0, 0, 0, 0, 0, 0, 0, 0, 0, 0, 0, 0, 0, 0, 0, 0, 2, 1, 0, 0, 0, 0, 0, 0, 0, 0, 0, 0, 0, 2, 3, 0, 0, 0, 0, 0, 0, 0, 0, 0, 0, 0, 0, 0, 0, 4, 0, 0, 0, 0, 0, 0, 0, 0, 0, 0, 0, 0, 0, 4, 5, 0, 0, 0, 0, 0, 0, 0, 0, 0, 0, 0, 0, 4, 3, 1, 1, 2, 0, 0, 0, 0, 0, 0, 0, 0, 0, 0]);
groupProcessDay = array1d(1..90, [21, 0, 0, 0, 0, 0, 0, 0, 0, 0, 0, 0, 0, 0, 0, 0, 0, 0, 22, 4, 0, 0, 0, 0, 0, 0, 0, 0, 0, 0, 0, 21, 23, 0, 0, 0, 0, 0, 0, 0, 0, 0, 0, 0, 0, 0, 0, 23, 0, 0, 0, 0, 0, 0, 0, 0, 0, 0, 0, 0, 0, 22, 21, 0, 0, 0, 0, 0, 0, 0, 0, 0, 0, 0, 0, 24, 22, 2, 22, 23, 0, 0, 0, 0, 0, 0, 0, 0, 0, 0]);
itemProcessDay = array1d(1..90, [22, 23, 21, 24, 22, 22, 21, 21, 22, 22, 23, 4, 22, 24, 22, 22, 23, 21, 21, 21, 24, 21, 22, 23, 21, 21, 21, 21, 21, 23, 23, 21, 21, 21, 21, 23, 21, 21, 2, 21, 21, 23, 24, 21, 23, 24, 21, 21, 22, 23, 22, 21, 22, 21, 23, 22, 23, 23, 23, 23, 23, 23, 21, 23, 21, 23, 23, 22, 23, 23, 22, 22, 23, 22, 22, 23, 22, 23, 23, 23, 22, 21, 21, 24, 22, 22, 22, 21, 22, 23]);
objective = 13;
----------
assignedGroup = array1d(1..90, [19, 48, 32, 76, 77, 19, 32, 32, 77, 19, 48, 20, 19, 77, 62, 62, 33, 1, 1, 63, 78, 63, 19, 48, 1, 1, 1, 1, 63, 48, 33, 63, 1, 1, 63, 33, 1, 63, 76, 1, 63, 48, 77, 63, 33, 76, 1, 1, 62, 33, 78, 63, 19, 1, 33, 77, 48, 33, 33, 33, 48, 48, 1, 79, 1, 48, 48, 19, 33, 33, 77, 19, 48, 62, 19, 33, 77, 48, 48, 48, 77, 1, 1, 77, 19, 19, 19, 1, 62, 33]);
groupFacility = array1d(1..90, [1, 0, 0, 0, 0, 0, 0, 0, 0, 0, 0, 0, 0, 0, 0, 0, 0, 0, 2, 1, 0, 0, 0, 0, 0, 0, 0, 0, 0, 0, 0, 2, 3, 0, 0, 0, 0, 0, 0, 0, 0, 0, 0, 0, 0, 0, 0, 4, 0, 0, 0, 0, 0, 0, 0, 0, 0, 0, 0, 0, 0, 4, 5, 0, 0, 0, 0, 0, 0, 0, 0, 0, 0, 0, 0, 4, 3, 1, 2, 0, 0, 0, 0, 0, 0, 0, 0, 0, 0, 0]);
groupProcessDay = array1d(1..90, [21, 0, 0, 0, 0, 0, 0, 0, 0, 0, 0, 0, 0, 0, 0, 0, 0, 0, 22, 4, 0, 0, 0, 0, 0, 0, 0, 0, 0, 0, 0, 21, 23, 0, 0, 0, 0, 0, 0, 0, 0, 0, 0, 0, 0, 0, 0, 23, 0, 0, 0, 0, 0, 0, 0, 0, 0, 0, 0, 0, 0, 22, 21, 0, 0, 0, 0, 0, 0, 0, 0, 0, 0, 0, 0, 17, 22, 22, 23, 0, 0, 0, 0, 0, 0, 0, 0, 0, 0, 0]);
itemProcessDay = array1d(1..90, [22, 23, 21, 17, 22, 22, 21, 21, 22, 22, 23, 4, 22, 22, 22, 22, 23, 21, 21, 21, 22, 21, 22, 23, 21, 21, 21, 21, 21, 23, 23, 21, 21, 21, 21, 23, 21, 21, 17, 21, 21, 23, 22, 21, 23, 17, 21, 21, 22, 23, 22, 21, 22, 21, 23, 22, 23, 23, 23, 23, 23, 23, 21, 23, 21, 23, 23, 22, 23, 23, 22, 22, 23, 22, 22, 23, 22, 23, 23, 23, 22, 21, 21, 22, 22, 22, 22, 21, 22, 23]);
objective = 12;
----------
assignedGroup = array1d(1..90, [19, 48, 32, 76, 77, 19, 32, 32, 77, 19, 48, 20, 19, 77, 62, 62, 33, 1, 1, 62, 76, 62, 19, 48, 1, 1, 1, 1, 62, 48, 33, 62, 1, 2, 62, 32, 1, 62, 77, 1, 62, 48, 76, 62, 33, 77, 1, 1, 62, 33, 78, 62, 19, 1, 33, 77, 48, 33, 33, 33, 48, 48, 2, 76, 1, 48, 48, 19, 33, 33, 77, 19, 48, 62, 19, 33, 77, 48, 48, 48, 77, 1, 1, 77, 19, 19, 19, 1, 62, 33]);
groupFacility = array1d(1..90, [1, 1, 0, 0, 0, 0, 0, 0, 0, 0, 0, 0, 0, 0, 0, 0, 0, 0, 2, 1, 0, 0, 0, 0, 0, 0, 0, 0, 0, 0, 0, 2, 3, 0, 0, 0, 0, 0, 0, 0, 0, 0, 0, 0, 0, 0, 0, 4, 0, 0, 0, 0, 0, 0, 0, 0, 0, 0, 0, 0, 0, 5, 0, 0, 0, 0, 0, 0, 0, 0, 0, 0, 0, 0, 0, 5, 3, 1, 0, 0, 0, 0, 0, 0, 0, 0, 0, 0, 0, 0]);
groupProcessDay = array1d(1..90, [22, 21, 0, 0, 0, 0, 0, 0, 0, 0, 0, 0, 0, 0, 0, 0, 0, 0, 22, 4, 0, 0, 0, 0, 0, 0, 0, 0, 0, 0, 0, 21, 23, 0, 0, 0, 0, 0, 0, 0, 0, 0, 0, 0, 0, 0, 0, 23, 0, 0, 0, 0, 0, 0, 0, 0, 0, 0, 0, 0, 0, 21, 0, 0, 0, 0, 0, 0, 0, 0, 0, 0, 0, 0, 0, 24, 21, 23, 0, 0, 0, 0, 0, 0, 0, 0, 0, 0, 0, 0]);
itemProcessDay = array1d(1..90, [22, 23, 21, 24, 21, 22, 21, 21, 21, 22, 23, 4, 22, 21, 21, 21, 23, 22, 22, 21, 24, 21, 22, 23, 22, 22, 22, 22, 21, 23, 23, 21, 22, 21, 21, 21, 22, 21, 21, 22, 21, 23, 24, 21, 23, 21, 22, 22, 21, 23, 23, 21, 22, 22, 23, 21, 23, 23, 23, 23, 23, 23, 21, 24, 22, 23, 23, 22, 23, 23, 21, 22, 23, 21, 22, 23, 21, 23, 23, 23, 21, 22, 22, 21, 22, 22, 22, 22, 21, 23]);
objective = 11;
----------
==========
