mznc2018_probs/proteindesign12/2DHC.14p.19aa.usingEref_self.dzn
objective = 14171;
ocosts1 = array1d(1..14, [238, 239, 238, 238, 237, 238, 238, 239, 238, 238, 238, 240, 240, 239]);
ocosts2 = array1d(1..91, [119, 119, 119, 119, 119, 119, 119, 119, 119, 119, 119, 119, 119, 119, 119, 119, 119, 119, 119, 119, 119, 119, 120, 119, 119, 119, 119, 119, 119, 119, 119, 119, 119, 119, 120, 119, 120, 119, 119, 119, 119, 119, 119, 119, 119, 119, 119, 119, 119, 119, 119, 119, 119, 119, 119, 119, 119, 119, 119, 119, 119, 119, 119, 119, 119, 119, 119, 119, 119, 119, 119, 119, 119, 119, 119, 119, 120, 119, 119, 119, 119, 119, 119, 119, 119, 119, 119, 119, 119, 119, 119]);
p = array1d(1..14, [0, 0, 0, 0, 0, 0, 0, 0, 0, 0, 0, 0, 0, 0]);
----------
objective = 14170;
ocosts1 = array1d(1..14, [238, 239, 238, 238, 237, 238, 238, 239, 238, 238, 238, 240, 240, 239]);
ocosts2 = array1d(1..91, [119, 119, 119, 119, 119, 119, 119, 119, 119, 119, 119, 119, 119, 119, 119, 119, 119, 119, 119, 119, 119, 119, 120, 119, 119, 119, 119, 119, 119, 119, 119, 119, 119, 119, 120, 119, 120, 119, 119, 119, 119, 119, 119, 119, 119, 119, 119, 119, 119, 119, 119, 119, 119, 119, 119, 119, 119, 119, 119, 119, 119, 119, 119, 119, 119, 119, 119, 119, 119, 119, 119, 119, 119, 119, 119, 119, 119, 119, 119, 119, 119, 119, 119, 119, 119, 119, 119, 119, 119, 119, 119]);
p = array1d(1..14, [0, 0, 0, 0, 0, 0, 0, 0, 0, 0, 0, 0, 53, 0]);
----------
objective = 14169;
ocosts1 = array1d(1..14, [238, 239, 238, 238, 236, 238, 238, 239, 238, 238, 238, 240, 240, 239]);
ocosts2 = array1d(1..91, [119, 119, 119, 119, 119, 119, 119, 119, 119, 119, 119, 119, 119, 119, 119, 119, 119, 119, 119, 119, 119, 119, 120, 119, 119, 119, 119, 119, 119, 119, 119, 119, 119, 119, 120, 119, 120, 119, 119, 119, 119, 119, 119, 119, 119, 119, 119, 119, 119, 119, 119, 119, 119, 119, 119, 119, 119, 119, 119, 119, 119, 119, 119, 119, 119, 119, 119, 119, 119, 119, 119, 119, 119, 119, 119, 119, 119, 119, 119, 119, 119, 119, 119, 119, 119, 119, 119, 119, 119, 119, 119]);
p = array1d(1..14, [0, 0, 0, 0, 0, 0, 0, 0, 0, 0, 0, 0, 78, 0]);
----------
objective = 14168;
ocosts1 = array1d(1..14, [238, 239, 238, 238, 235, 238, 238, 239, 238, 238, 238, 240, 240, 239]);
ocosts2 = array1d(1..91, [119, 119, 119, 119, 119, 119, 119, 119, 119, 119, 119, 119, 119, 119, 119, 119, 119, 119, 119, 119, 119, 119, 120, 119, 119, 119, 119, 119, 119, 119, 119, 119, 119, 119, 120, 119, 120, 119, 119, 119, 119, 119, 119, 119, 119, 119, 119, 119, 119, 119, 119, 119, 119, 119, 119, 119, 119, 119, 119, 119, 119, 119, 119, 119, 119, 119, 119, 119, 119, 119, 119, 119, 119, 119, 119, 119, 119, 119, 119, 119, 119, 119, 119, 119, 119, 119, 119, 119, 119, 119, 119]);
p = array1d(1..14, [0, 0, 0, 0, 0, 0, 0, 0, 0, 0, 0, 0, 136, 0]);
----------
objective = 14167;
ocosts1 = array1d(1..14, [238, 239, 238, 237, 235, 238, 238, 239, 238, 238, 238, 240, 240, 239]);
ocosts2 = array1d(1..91, [119, 119, 119, 119, 119, 119, 119, 119, 119, 119, 119, 119, 119, 119, 119, 119, 119, 119, 119, 119, 119, 119, 120, 119, 119, 119, 119, 119, 119, 119, 119, 119, 119, 119, 120, 119, 120, 119, 119, 119, 119, 119, 119, 119, 119, 119, 119, 119, 119, 119, 119, 119, 119, 119, 119, 119, 119, 119, 119, 119, 119, 119, 119, 119, 119, 119, 119, 119, 119, 119, 119, 119, 119, 119, 119, 119, 119, 119, 119, 119, 119, 119, 119, 119, 119, 119, 119, 119, 119, 119, 119]);
p = array1d(1..14, [0, 0, 0, 0, 0, 0, 0, 0, 0, 0, 0, 0, 136, 66]);
----------
objective = 14166;
ocosts1 = array1d(1..14, [238, 239, 238, 236, 235, 238, 238, 239, 238, 238, 238, 240, 240, 239]);
ocosts2 = array1d(1..91, [119, 119, 119, 119, 119, 119, 119, 119, 119, 119, 119, 119, 119, 119, 119, 119, 119, 119, 119, 119, 119, 119, 120, 119, 119, 119, 119, 119, 119, 119, 119, 119, 119, 119, 120, 119, 120, 119, 119, 119, 119, 119, 119, 119, 119, 119, 119, 119, 119, 119, 119, 119, 119, 119, 119, 119, 119, 119, 119, 119, 119, 119, 119, 119, 119, 119, 119, 119, 119, 119, 119, 119, 119, 119, 119, 119, 119, 119, 119, 119, 119, 119, 119, 119, 119, 119, 119, 119, 119, 119, 119]);
p = array1d(1..14, [0, 0, 0, 0, 0, 0, 0, 0, 0, 0, 0, 0, 136, 67]);
----------
objective = 14165;
ocosts1 = array1d(1..14, [238, 239, 238, 236, 235, 238, 238, 239, 238, 238, 238, 240, 240, 239]);
ocosts2 = array1d(1..91, [119, 119, 119, 119, 119, 119, 119, 119, 119, 119, 119, 119, 119, 119, 119, 119, 119, 119, 119, 119, 119, 119, 120, 119, 119, 119, 119, 119, 119, 119, 119, 119, 119, 119, 120, 119, 120, 119, 119, 119, 119, 119, 119, 119, 119, 119, 119, 119, 119, 119, 119, 119, 119, 119, 119, 119, 119, 119, 119, 119, 119, 119, 119, 119, 119, 119, 119, 119, 119, 119, 119, 119, 119, 119, 119, 119, 118, 119, 119, 119, 119, 119, 119, 119, 119, 119, 119, 119, 119, 119, 119]);
p = array1d(1..14, [0, 0, 0, 0, 0, 0, 0, 0, 0, 0, 0, 74, 136, 67]);
----------
objective = 14164;
ocosts1 = array1d(1..14, [238, 239, 238, 236, 235, 237, 238, 239, 238, 238, 238, 240, 240, 239]);
ocosts2 = array1d(1..91, [119, 119, 119, 119, 119, 119, 119, 119, 119, 119, 119, 119, 119, 119, 119, 119, 119, 119, 119, 119, 119, 119, 120, 119, 119, 119, 119, 119, 119, 119, 119, 119, 119, 119, 120, 119, 120, 119, 119, 119, 119, 119, 119, 119, 119, 119, 119, 119, 119, 119, 119, 119, 119, 119, 119, 119, 119, 119, 119, 119, 119, 119, 119, 119, 119, 119, 119, 119, 119, 119, 119, 119, 119, 119, 119, 119, 118, 119, 119, 119, 119, 119, 119, 119, 119, 119, 119, 119, 119, 119, 119]);
p = array1d(1..14, [0, 0, 0, 0, 0, 0, 0, 0, 0, 0, 0, 132, 136, 67]);
----------
objective = 14163;
ocosts1 = array1d(1..14, [238, 239, 238, 236, 235, 237, 237, 239, 238, 238, 238, 240, 240, 239]);
ocosts2 = array1d(1..91, [119, 119, 119, 119, 119, 119, 119, 119, 119, 119, 119, 119, 119, 119, 119, 119, 119, 119, 119, 119, 119, 119, 120, 119, 119, 119, 119, 119, 119, 119, 119, 119, 119, 119, 120, 119, 120, 119, 119, 119, 119, 119, 119, 119, 119, 119, 119, 119, 119, 119, 119, 119, 119, 119, 119, 119, 119, 119, 119, 119, 119, 119, 119, 119, 119, 119, 119, 119, 119, 119, 119, 119, 119, 119, 119, 119, 118, 119, 119, 119, 119, 119, 119, 119, 119, 119, 119, 119, 119, 119, 119]);
p = array1d(1..14, [0, 0, 0, 0, 0, 0, 0, 0, 0, 0, 68, 132, 136, 67]);
----------
objective = 14162;
ocosts1 = array1d(1..14, [238, 239, 238, 236, 235, 237, 237, 239, 238, 238, 238, 240, 240, 238]);
ocosts2 = array1d(1..91, [119, 119, 119, 119, 119, 119, 119, 119, 119, 119, 119, 119, 119, 119, 119, 119, 119, 119, 119, 119, 119, 119, 120, 119, 119, 119, 119, 119, 119, 119, 119, 119, 119, 119, 120, 119, 120, 119, 119, 119, 119, 119, 119, 119, 119, 119, 119, 119, 119, 119, 119, 119, 119, 119, 119, 119, 119, 119, 119, 119, 119, 119, 119, 119, 119, 119, 119, 119, 119, 119, 119, 119, 119, 119, 119, 119, 118, 119, 119, 119, 119, 119, 119, 119, 119, 119, 119, 119, 119, 119, 119]);
p = array1d(1..14, [0, 0, 0, 0, 0, 0, 0, 0, 0, 49, 68, 132, 136, 67]);
----------
objective = 14161;
ocosts1 = array1d(1..14, [238, 239, 238, 236, 235, 237, 237, 239, 238, 238, 238, 240, 240, 238]);
ocosts2 = array1d(1..91, [119, 119, 119, 119, 119, 119, 119, 119, 119, 119, 119, 119, 119, 119, 119, 119, 119, 119, 119, 119, 119, 119, 120, 119, 119, 119, 119, 119, 119, 119, 119, 119, 119, 119, 120, 119, 120, 119, 119, 119, 119, 119, 119, 119, 119, 119, 119, 119, 119, 119, 119, 119, 119, 119, 119, 118, 119, 119, 119, 119, 119, 119, 119, 119, 119, 119, 119, 119, 119, 119, 119, 119, 119, 119, 119, 119, 118, 119, 119, 119, 119, 119, 119, 119, 119, 119, 119, 119, 119, 119, 119]);
p = array1d(1..14, [0, 0, 0, 0, 0, 0, 0, 0, 0, 50, 69, 132, 136, 67]);
----------
objective = 14160;
ocosts1 = array1d(1..14, [238, 239, 238, 236, 235, 237, 237, 239, 238, 238, 238, 240, 240, 237]);
ocosts2 = array1d(1..91, [119, 119, 119, 119, 119, 119, 119, 119, 119, 119, 119, 119, 119, 119, 119, 119, 119, 119, 119, 119, 119, 119, 120, 119, 119, 119, 119, 119, 119, 119, 119, 119, 119, 119, 120, 119, 120, 119, 119, 119, 119, 119, 119, 119, 119, 119, 119, 119, 119, 119, 119, 119, 119, 119, 119, 118, 119, 119, 119, 119, 119, 119, 119, 119, 119, 119, 119, 119, 119, 119, 119, 119, 119, 119, 119, 119, 118, 119, 119, 119, 119, 119, 119, 119, 119, 119, 119, 119, 119, 119, 119]);
p = array1d(1..14, [0, 0, 0, 0, 0, 0, 0, 0, 0, 97, 143, 132, 136, 67]);
----------
objective = 14159;
ocosts1 = array1d(1..14, [238, 239, 238, 236, 235, 237, 237, 239, 238, 237, 238, 240, 240, 237]);
ocosts2 = array1d(1..91, [119, 119, 119, 119, 119, 119, 119, 119, 119, 119, 119, 119, 119, 119, 119, 119, 119, 119, 119, 119, 119, 119, 120, 119, 119, 119, 119, 119, 119, 119, 119, 119, 119, 119, 120, 119, 120, 119, 119, 119, 119, 119, 119, 119, 119, 119, 119, 119, 119, 119, 119, 119, 119, 119, 119, 118, 119, 119, 119, 119, 119, 119, 119, 119, 119, 119, 119, 119, 119, 119, 119, 119, 119, 119, 119, 119, 118, 119, 119, 119, 119, 119, 119, 119, 119, 119, 119, 119, 119, 119, 119]);
p = array1d(1..14, [0, 0, 0, 0, 0, 0, 0, 0, 91, 97, 143, 132, 136, 67]);
----------
objective = 14158;
ocosts1 = array1d(1..14, [238, 239, 238, 236, 235, 237, 237, 239, 238, 235, 238, 240, 240, 238]);
ocosts2 = array1d(1..91, [119, 119, 119, 119, 119, 119, 119, 119, 119, 119, 119, 119, 119, 119, 119, 119, 119, 119, 119, 119, 119, 119, 120, 119, 119, 119, 119, 119, 119, 119, 119, 119, 119, 119, 120, 119, 120, 119, 119, 119, 119, 119, 119, 119, 119, 119, 119, 119, 119, 119, 119, 119, 119, 119, 119, 118, 119, 119, 119, 119, 119, 119, 119, 119, 119, 119, 119, 119, 119, 119, 119, 119, 119, 119, 119, 119, 118, 119, 119, 119, 119, 119, 119, 119, 119, 119, 119, 119, 119, 119, 119]);
p = array1d(1..14, [0, 0, 0, 0, 0, 0, 0, 0, 93, 50, 69, 132, 136, 67]);
----------
objective = 14157;
ocosts1 = array1d(1..14, [238, 239, 238, 236, 235, 237, 237, 239, 238, 235, 238, 240, 240, 237]);
ocosts2 = array1d(1..91, [119, 119, 119, 119, 119, 119, 119, 119, 119, 119, 119, 119, 119, 119, 119, 119, 119, 119, 119, 119, 119, 119, 120, 119, 119, 119, 119, 119, 119, 119, 119, 119, 119, 119, 120, 119, 120, 119, 119, 119, 119, 119, 119, 119, 119, 119, 119, 119, 119, 119, 119, 119, 119, 119, 119, 118, 119, 119, 119, 119, 119, 119, 119, 119, 119, 119, 119, 119, 119, 119, 119, 119, 119, 119, 119, 119, 118, 119, 119, 119, 119, 119, 119, 119, 119, 119, 119, 119, 119, 119, 119]);
p = array1d(1..14, [0, 0, 0, 0, 0, 0, 0, 0, 93, 97, 143, 132, 136, 67]);
----------
