mznc2017_probs/rcpsp-wet/j30_43_10-wet.dzn
objective = 488;
s = array1d(1..32, [0, 0, 0, 0, 9, 6, 1, 18, 6, 30, 7, 25, 7, 18, 12, 18, 27, 12, 27, 40, 33, 41, 30, 47, 27, 48, 46, 48, 52, 59, 57, 62]);
----------
objective = 483;
s = array1d(1..32, [0, 0, 0, 0, 9, 6, 1, 18, 6, 30, 7, 25, 7, 18, 12, 19, 27, 12, 27, 40, 33, 41, 30, 47, 27, 48, 46, 48, 52, 59, 57, 62]);
----------
objective = 478;
s = array1d(1..32, [0, 0, 0, 0, 9, 6, 1, 18, 6, 30, 7, 25, 7, 18, 12, 20, 27, 12, 27, 40, 33, 41, 30, 47, 27, 48, 46, 48, 52, 59, 57, 62]);
----------
objective = 473;
s = array1d(1..32, [0, 0, 0, 0, 9, 6, 1, 18, 6, 30, 7, 25, 7, 18, 12, 21, 27, 12, 27, 40, 33, 41, 30, 47, 27, 48, 46, 48, 52, 59, 57, 62]);
----------
objective = 469;
s = array1d(1..32, [0, 0, 0, 0, 9, 6, 1, 18, 6, 30, 7, 25, 7, 18, 12, 21, 27, 12, 27, 40, 33, 41, 31, 47, 27, 48, 46, 48, 52, 59, 57, 62]);
----------
objective = 464;
s = array1d(1..32, [0, 0, 0, 0, 9, 6, 1, 18, 6, 30, 7, 25, 7, 18, 12, 22, 27, 12, 27, 40, 33, 41, 31, 47, 27, 48, 46, 48, 52, 59, 57, 62]);
----------
objective = 460;
s = array1d(1..32, [0, 0, 0, 0, 9, 6, 1, 18, 6, 30, 7, 25, 7, 18, 12, 22, 27, 12, 27, 40, 33, 41, 32, 47, 27, 48, 46, 48, 52, 59, 57, 62]);
----------
objective = 455;
s = array1d(1..32, [0, 0, 0, 0, 9, 6, 1, 18, 6, 30, 7, 25, 7, 18, 12, 23, 27, 12, 27, 40, 33, 41, 32, 47, 27, 48, 46, 48, 52, 59, 57, 62]);
----------
objective = 451;
s = array1d(1..32, [0, 0, 0, 0, 9, 6, 1, 18, 6, 30, 7, 25, 7, 18, 12, 23, 27, 12, 27, 40, 33, 41, 33, 47, 27, 48, 46, 48, 52, 59, 57, 62]);
----------
objective = 446;
s = array1d(1..32, [0, 0, 0, 0, 9, 6, 1, 18, 6, 30, 7, 25, 7, 18, 12, 24, 27, 12, 27, 40, 33, 41, 33, 47, 27, 48, 46, 48, 52, 59, 57, 62]);
----------
objective = 442;
s = array1d(1..32, [0, 0, 0, 0, 9, 6, 1, 18, 6, 30, 7, 25, 7, 18, 12, 24, 27, 12, 27, 40, 33, 41, 34, 47, 27, 48, 46, 48, 52, 59, 57, 62]);
----------
objective = 437;
s = array1d(1..32, [0, 0, 0, 0, 9, 6, 1, 18, 6, 30, 7, 25, 7, 18, 12, 25, 27, 12, 27, 40, 33, 41, 34, 47, 27, 48, 46, 48, 52, 59, 57, 62]);
----------
objective = 435;
s = array1d(1..32, [0, 0, 0, 0, 9, 6, 1, 18, 6, 30, 7, 25, 7, 18, 12, 26, 27, 12, 27, 40, 33, 41, 35, 47, 27, 48, 46, 48, 52, 59, 57, 62]);
----------
objective = 433;
s = array1d(1..32, [0, 0, 0, 0, 9, 6, 1, 18, 6, 30, 7, 25, 7, 18, 12, 27, 27, 12, 27, 40, 33, 41, 36, 47, 27, 48, 46, 48, 52, 59, 57, 62]);
----------
objective = 432;
s = array1d(1..32, [0, 0, 0, 0, 9, 6, 1, 18, 6, 30, 7, 25, 7, 18, 12, 25, 27, 13, 27, 40, 33, 41, 34, 47, 27, 48, 46, 48, 52, 59, 57, 62]);
----------
objective = 430;
s = array1d(1..32, [0, 0, 0, 0, 9, 6, 1, 18, 6, 30, 7, 25, 7, 18, 12, 26, 27, 13, 27, 40, 33, 41, 35, 47, 27, 48, 46, 48, 52, 59, 57, 62]);
----------
objective = 428;
s = array1d(1..32, [0, 0, 0, 0, 9, 6, 1, 18, 6, 30, 7, 25, 7, 18, 12, 27, 27, 13, 27, 40, 33, 41, 36, 47, 27, 48, 46, 48, 52, 59, 57, 62]);
----------
objective = 427;
s = array1d(1..32, [0, 0, 0, 0, 9, 6, 1, 18, 6, 30, 7, 25, 7, 18, 12, 25, 27, 14, 27, 40, 33, 41, 34, 47, 27, 48, 46, 48, 52, 59, 57, 62]);
----------
objective = 425;
s = array1d(1..32, [0, 0, 0, 0, 9, 6, 1, 18, 6, 30, 7, 25, 7, 18, 12, 26, 27, 14, 27, 40, 33, 41, 35, 47, 27, 48, 46, 48, 52, 59, 57, 62]);
----------
objective = 423;
s = array1d(1..32, [0, 0, 0, 0, 9, 6, 1, 18, 6, 30, 7, 25, 7, 18, 12, 27, 27, 14, 27, 40, 33, 41, 36, 47, 27, 48, 46, 48, 52, 59, 57, 62]);
----------
objective = 422;
s = array1d(1..32, [0, 0, 0, 0, 9, 6, 1, 18, 6, 30, 7, 25, 7, 18, 12, 25, 27, 15, 27, 40, 33, 41, 34, 47, 27, 48, 46, 48, 52, 59, 57, 62]);
----------
objective = 420;
s = array1d(1..32, [0, 0, 0, 0, 9, 6, 1, 18, 6, 30, 7, 25, 7, 18, 12, 26, 27, 15, 27, 40, 33, 41, 35, 47, 27, 48, 46, 48, 52, 59, 57, 62]);
----------
objective = 418;
s = array1d(1..32, [0, 0, 0, 0, 9, 6, 1, 18, 6, 30, 7, 25, 7, 18, 12, 27, 27, 15, 27, 40, 33, 41, 36, 47, 27, 48, 46, 48, 52, 59, 57, 62]);
----------
objective = 417;
s = array1d(1..32, [0, 0, 0, 0, 9, 6, 1, 18, 6, 30, 7, 25, 7, 18, 12, 25, 27, 16, 27, 40, 33, 41, 34, 47, 27, 48, 46, 48, 52, 59, 57, 62]);
----------
objective = 415;
s = array1d(1..32, [0, 0, 0, 0, 9, 6, 1, 18, 6, 30, 7, 25, 7, 18, 12, 26, 27, 16, 27, 40, 33, 41, 35, 47, 27, 48, 46, 48, 52, 59, 57, 62]);
----------
objective = 413;
s = array1d(1..32, [0, 0, 0, 0, 9, 6, 1, 18, 6, 30, 7, 25, 7, 18, 12, 27, 27, 16, 27, 40, 33, 41, 36, 47, 27, 48, 46, 48, 52, 59, 57, 62]);
----------
objective = 412;
s = array1d(1..32, [0, 0, 0, 0, 9, 6, 1, 18, 6, 30, 7, 25, 7, 18, 12, 25, 27, 17, 27, 40, 33, 41, 34, 47, 27, 48, 46, 48, 52, 59, 57, 62]);
----------
objective = 410;
s = array1d(1..32, [0, 0, 0, 0, 9, 6, 1, 18, 6, 30, 7, 25, 7, 18, 12, 26, 27, 17, 27, 40, 33, 41, 35, 47, 27, 48, 46, 48, 52, 59, 57, 62]);
----------
objective = 408;
s = array1d(1..32, [0, 0, 0, 0, 9, 6, 1, 18, 6, 30, 7, 25, 7, 18, 12, 27, 27, 17, 27, 40, 33, 41, 36, 47, 27, 48, 46, 48, 52, 59, 57, 62]);
----------
objective = 406;
s = array1d(1..32, [0, 0, 0, 0, 9, 6, 1, 18, 6, 30, 7, 25, 7, 18, 12, 26, 27, 17, 27, 40, 33, 41, 35, 47, 28, 48, 46, 48, 52, 59, 57, 62]);
----------
objective = 404;
s = array1d(1..32, [0, 0, 0, 0, 9, 6, 1, 18, 6, 30, 7, 25, 7, 18, 12, 27, 27, 17, 27, 40, 33, 41, 36, 47, 28, 48, 46, 48, 52, 59, 57, 62]);
----------
objective = 402;
s = array1d(1..32, [0, 0, 0, 0, 9, 6, 1, 18, 6, 30, 7, 25, 7, 18, 12, 26, 27, 17, 27, 40, 33, 41, 35, 47, 29, 48, 46, 48, 52, 59, 57, 62]);
----------
objective = 400;
s = array1d(1..32, [0, 0, 0, 0, 9, 6, 1, 18, 6, 30, 7, 25, 7, 18, 12, 27, 27, 17, 27, 40, 33, 41, 36, 47, 29, 48, 46, 48, 52, 59, 57, 62]);
----------
objective = 398;
s = array1d(1..32, [0, 0, 0, 0, 9, 6, 1, 18, 6, 30, 7, 25, 7, 18, 12, 26, 27, 17, 27, 40, 33, 41, 35, 47, 30, 48, 46, 48, 52, 59, 57, 62]);
----------
objective = 397;
s = array1d(1..32, [0, 0, 0, 0, 9, 6, 1, 18, 6, 30, 7, 25, 7, 18, 12, 27, 27, 15, 27, 40, 33, 41, 37, 47, 33, 48, 46, 48, 52, 59, 57, 62]);
----------
objective = 393;
s = array1d(1..32, [0, 0, 0, 0, 9, 6, 1, 18, 6, 30, 7, 25, 7, 18, 12, 27, 27, 16, 27, 40, 33, 41, 36, 47, 32, 48, 46, 48, 52, 59, 57, 62]);
----------
objective = 392;
s = array1d(1..32, [0, 0, 0, 0, 9, 6, 1, 18, 6, 30, 7, 25, 7, 18, 12, 27, 27, 16, 27, 40, 33, 41, 37, 47, 33, 48, 46, 48, 52, 59, 57, 62]);
----------
objective = 388;
s = array1d(1..32, [0, 0, 0, 0, 9, 6, 1, 18, 6, 30, 7, 25, 7, 18, 12, 27, 27, 17, 27, 40, 33, 41, 36, 47, 32, 48, 46, 48, 52, 59, 57, 62]);
----------
objective = 387;
s = array1d(1..32, [0, 0, 0, 0, 9, 6, 1, 18, 6, 30, 7, 25, 7, 18, 12, 27, 27, 17, 27, 40, 33, 41, 37, 47, 33, 48, 46, 48, 52, 59, 57, 62]);
----------
objective = 386;
s = array1d(1..32, [0, 0, 0, 0, 9, 6, 1, 18, 6, 30, 7, 25, 7, 18, 13, 27, 27, 17, 27, 40, 33, 41, 37, 47, 33, 48, 46, 48, 52, 59, 57, 62]);
----------
objective = 385;
s = array1d(1..32, [0, 0, 0, 0, 9, 6, 1, 18, 6, 30, 10, 25, 7, 18, 12, 27, 27, 17, 27, 40, 33, 41, 36, 47, 32, 48, 46, 48, 52, 59, 57, 62]);
----------
objective = 384;
s = array1d(1..32, [0, 0, 0, 0, 9, 6, 1, 18, 6, 30, 10, 25, 7, 18, 12, 27, 27, 17, 27, 40, 33, 41, 37, 47, 33, 48, 46, 48, 52, 59, 57, 62]);
----------
objective = 383;
s = array1d(1..32, [0, 0, 0, 0, 9, 6, 1, 18, 6, 30, 10, 25, 7, 18, 13, 27, 27, 17, 27, 40, 33, 41, 37, 47, 33, 48, 46, 48, 52, 59, 57, 62]);
----------
objective = 382;
s = array1d(1..32, [0, 0, 0, 0, 9, 6, 1, 18, 6, 30, 9, 25, 8, 18, 13, 27, 27, 17, 27, 40, 33, 41, 36, 47, 32, 48, 46, 48, 52, 59, 57, 62]);
----------
objective = 381;
s = array1d(1..32, [0, 0, 0, 0, 9, 6, 1, 18, 6, 30, 10, 25, 8, 18, 13, 27, 27, 17, 27, 40, 33, 41, 36, 47, 32, 48, 46, 48, 52, 59, 57, 62]);
----------
objective = 380;
s = array1d(1..32, [0, 0, 0, 0, 9, 6, 1, 18, 6, 30, 10, 25, 8, 18, 13, 27, 27, 17, 27, 40, 33, 41, 37, 47, 33, 48, 46, 48, 52, 59, 57, 62]);
----------
objective = 379;
s = array1d(1..32, [0, 0, 0, 0, 9, 6, 1, 18, 7, 30, 10, 25, 8, 18, 13, 27, 27, 17, 27, 40, 33, 41, 36, 47, 32, 48, 46, 48, 52, 59, 57, 62]);
----------
objective = 378;
s = array1d(1..32, [0, 0, 0, 0, 9, 6, 1, 18, 7, 30, 10, 25, 8, 18, 13, 27, 27, 17, 27, 40, 33, 41, 37, 47, 33, 48, 46, 48, 52, 59, 57, 62]);
----------
objective = 377;
s = array1d(1..32, [0, 0, 0, 0, 9, 6, 1, 18, 6, 30, 9, 25, 8, 18, 13, 27, 27, 17, 27, 40, 33, 41, 36, 47, 32, 48, 46, 48, 52, 59, 57, 63]);
----------
objective = 376;
s = array1d(1..32, [0, 0, 0, 0, 9, 6, 1, 18, 6, 30, 10, 25, 8, 18, 13, 27, 27, 17, 27, 40, 33, 41, 36, 47, 32, 48, 46, 48, 52, 59, 57, 63]);
----------
objective = 375;
s = array1d(1..32, [0, 0, 0, 0, 9, 6, 1, 18, 6, 30, 10, 25, 8, 18, 13, 27, 27, 17, 27, 40, 33, 41, 37, 47, 33, 48, 46, 48, 52, 59, 57, 63]);
----------
objective = 374;
s = array1d(1..32, [0, 0, 0, 0, 9, 6, 1, 18, 7, 30, 10, 25, 8, 18, 13, 27, 27, 17, 27, 40, 33, 41, 36, 47, 32, 48, 46, 48, 52, 59, 57, 63]);
----------
objective = 373;
s = array1d(1..32, [0, 0, 0, 0, 9, 6, 1, 18, 7, 30, 10, 25, 8, 18, 13, 27, 27, 17, 27, 40, 33, 41, 37, 47, 33, 48, 46, 48, 52, 59, 57, 63]);
----------
objective = 372;
s = array1d(1..32, [0, 0, 0, 0, 9, 6, 1, 18, 6, 30, 9, 25, 8, 18, 13, 27, 27, 17, 27, 40, 33, 41, 36, 47, 32, 48, 46, 48, 52, 59, 57, 64]);
----------
objective = 371;
s = array1d(1..32, [0, 0, 0, 0, 9, 6, 1, 18, 6, 30, 10, 25, 8, 18, 13, 27, 27, 17, 27, 40, 33, 41, 36, 47, 32, 48, 46, 48, 52, 59, 57, 64]);
----------
objective = 370;
s = array1d(1..32, [0, 0, 0, 0, 9, 6, 1, 18, 6, 30, 10, 25, 8, 18, 13, 27, 27, 17, 27, 40, 33, 41, 37, 47, 33, 48, 46, 48, 52, 59, 57, 64]);
----------
objective = 369;
s = array1d(1..32, [0, 0, 0, 0, 9, 6, 1, 18, 7, 30, 10, 25, 8, 18, 13, 27, 27, 17, 27, 40, 33, 41, 36, 47, 32, 48, 46, 48, 52, 59, 57, 64]);
----------
objective = 368;
s = array1d(1..32, [0, 0, 0, 0, 9, 6, 1, 18, 7, 30, 10, 25, 8, 18, 13, 27, 27, 17, 27, 40, 33, 41, 37, 47, 33, 48, 46, 48, 52, 59, 57, 64]);
----------
objective = 367;
s = array1d(1..32, [0, 0, 0, 0, 9, 6, 1, 18, 6, 30, 9, 25, 8, 18, 13, 27, 27, 17, 27, 40, 33, 41, 36, 47, 32, 48, 46, 48, 52, 59, 57, 65]);
----------
objective = 366;
s = array1d(1..32, [0, 0, 0, 0, 9, 6, 1, 18, 6, 30, 10, 25, 8, 18, 13, 27, 27, 17, 27, 40, 33, 41, 36, 47, 32, 48, 46, 48, 52, 59, 57, 65]);
----------
objective = 365;
s = array1d(1..32, [0, 0, 0, 0, 9, 6, 1, 18, 6, 30, 10, 25, 8, 18, 13, 27, 27, 17, 27, 40, 33, 41, 37, 47, 33, 48, 46, 48, 52, 59, 57, 65]);
----------
objective = 364;
s = array1d(1..32, [0, 0, 0, 0, 9, 6, 1, 18, 7, 30, 10, 25, 8, 18, 13, 27, 27, 17, 27, 40, 33, 41, 36, 47, 32, 48, 46, 48, 52, 59, 57, 65]);
----------
objective = 363;
s = array1d(1..32, [0, 0, 0, 0, 9, 6, 1, 18, 7, 30, 10, 25, 8, 18, 13, 27, 27, 17, 27, 40, 33, 41, 37, 47, 33, 48, 46, 48, 52, 59, 57, 65]);
----------
objective = 362;
s = array1d(1..32, [0, 0, 0, 0, 9, 6, 1, 18, 6, 30, 9, 25, 8, 18, 13, 27, 27, 17, 27, 40, 33, 41, 36, 47, 32, 48, 46, 48, 52, 59, 57, 66]);
----------
objective = 361;
s = array1d(1..32, [0, 0, 0, 0, 9, 6, 1, 18, 6, 30, 10, 25, 8, 18, 13, 27, 27, 17, 27, 40, 33, 41, 36, 47, 32, 48, 46, 48, 52, 59, 57, 66]);
----------
objective = 360;
s = array1d(1..32, [0, 0, 0, 0, 9, 6, 1, 18, 6, 30, 10, 25, 8, 18, 13, 27, 27, 17, 27, 40, 33, 41, 37, 47, 33, 48, 46, 48, 52, 59, 57, 66]);
----------
objective = 359;
s = array1d(1..32, [0, 0, 0, 0, 9, 6, 1, 18, 7, 30, 10, 25, 8, 18, 13, 27, 27, 17, 27, 40, 33, 41, 36, 47, 32, 48, 46, 48, 52, 59, 57, 66]);
----------
objective = 358;
s = array1d(1..32, [0, 0, 0, 0, 9, 6, 1, 18, 7, 30, 10, 25, 8, 18, 13, 27, 27, 17, 27, 40, 33, 41, 37, 47, 33, 48, 46, 48, 52, 59, 57, 66]);
----------
objective = 357;
s = array1d(1..32, [0, 0, 0, 0, 9, 6, 1, 18, 6, 30, 9, 25, 8, 18, 13, 27, 27, 17, 27, 40, 33, 41, 36, 47, 32, 48, 46, 48, 52, 59, 57, 67]);
----------
objective = 356;
s = array1d(1..32, [0, 0, 0, 0, 9, 6, 1, 18, 6, 30, 10, 25, 8, 18, 13, 27, 27, 17, 27, 40, 33, 41, 36, 47, 32, 48, 46, 48, 52, 59, 57, 67]);
----------
objective = 355;
s = array1d(1..32, [0, 0, 0, 0, 9, 6, 1, 18, 6, 30, 10, 25, 8, 18, 13, 27, 27, 17, 27, 40, 33, 41, 37, 47, 33, 48, 46, 48, 52, 59, 57, 67]);
----------
objective = 354;
s = array1d(1..32, [0, 0, 0, 0, 9, 6, 1, 18, 7, 30, 10, 25, 8, 18, 13, 27, 27, 17, 27, 40, 33, 41, 36, 47, 32, 48, 46, 48, 52, 59, 57, 67]);
----------
objective = 353;
s = array1d(1..32, [0, 0, 0, 0, 9, 6, 1, 18, 7, 30, 10, 25, 8, 18, 13, 27, 27, 17, 27, 40, 33, 41, 37, 47, 33, 48, 46, 48, 52, 59, 57, 67]);
----------
objective = 352;
s = array1d(1..32, [0, 0, 0, 0, 9, 6, 1, 18, 6, 30, 9, 25, 8, 18, 13, 27, 27, 17, 27, 40, 33, 41, 36, 47, 32, 48, 46, 48, 52, 59, 57, 68]);
----------
objective = 351;
s = array1d(1..32, [0, 0, 0, 0, 9, 6, 1, 18, 6, 30, 10, 25, 8, 18, 13, 27, 27, 17, 27, 40, 33, 41, 36, 47, 32, 48, 46, 48, 52, 59, 57, 68]);
----------
objective = 350;
s = array1d(1..32, [0, 0, 0, 0, 9, 6, 1, 18, 6, 30, 10, 25, 8, 18, 13, 27, 27, 17, 27, 40, 33, 41, 37, 47, 33, 48, 46, 48, 52, 59, 57, 68]);
----------
objective = 349;
s = array1d(1..32, [0, 0, 0, 0, 9, 6, 1, 18, 7, 30, 10, 25, 8, 18, 13, 27, 27, 17, 27, 40, 33, 41, 36, 47, 32, 48, 46, 48, 52, 59, 57, 68]);
----------
objective = 348;
s = array1d(1..32, [0, 0, 0, 0, 9, 6, 1, 18, 7, 30, 10, 25, 8, 18, 13, 27, 27, 17, 27, 40, 33, 41, 37, 47, 33, 48, 46, 48, 52, 59, 57, 68]);
----------
objective = 347;
s = array1d(1..32, [0, 0, 0, 0, 9, 6, 1, 18, 6, 30, 9, 25, 8, 18, 13, 27, 27, 17, 27, 40, 33, 41, 36, 47, 32, 48, 46, 48, 52, 59, 57, 69]);
----------
objective = 346;
s = array1d(1..32, [0, 0, 0, 0, 9, 6, 1, 18, 6, 30, 10, 25, 8, 18, 13, 27, 27, 17, 27, 40, 33, 41, 36, 47, 32, 48, 46, 48, 52, 59, 57, 69]);
----------
objective = 345;
s = array1d(1..32, [0, 0, 0, 0, 9, 6, 1, 18, 6, 30, 10, 25, 8, 18, 13, 27, 27, 17, 27, 40, 33, 41, 37, 47, 33, 48, 46, 48, 52, 59, 57, 69]);
----------
objective = 344;
s = array1d(1..32, [0, 0, 0, 0, 9, 6, 1, 18, 7, 30, 10, 25, 8, 18, 13, 27, 27, 17, 27, 40, 33, 41, 36, 47, 32, 48, 46, 48, 52, 59, 57, 69]);
----------
objective = 343;
s = array1d(1..32, [0, 0, 0, 0, 9, 6, 1, 18, 7, 30, 10, 25, 8, 18, 13, 27, 27, 17, 27, 40, 33, 41, 37, 47, 33, 48, 46, 48, 52, 59, 57, 69]);
----------
objective = 342;
s = array1d(1..32, [0, 0, 0, 0, 9, 6, 1, 18, 6, 30, 9, 25, 8, 18, 13, 27, 27, 17, 27, 40, 33, 41, 36, 47, 32, 48, 46, 48, 52, 59, 57, 70]);
----------
objective = 341;
s = array1d(1..32, [0, 0, 0, 0, 9, 6, 1, 18, 6, 30, 10, 25, 8, 18, 13, 27, 27, 17, 27, 40, 33, 41, 36, 47, 32, 48, 46, 48, 52, 59, 57, 70]);
----------
objective = 340;
s = array1d(1..32, [0, 0, 0, 0, 9, 6, 1, 18, 6, 30, 10, 25, 8, 18, 13, 27, 27, 17, 27, 40, 33, 41, 37, 47, 33, 48, 46, 48, 52, 59, 57, 70]);
----------
objective = 339;
s = array1d(1..32, [0, 0, 0, 0, 9, 6, 1, 18, 7, 30, 10, 25, 8, 18, 13, 27, 27, 17, 27, 40, 33, 41, 36, 47, 32, 48, 46, 48, 52, 59, 57, 70]);
----------
objective = 338;
s = array1d(1..32, [0, 0, 0, 0, 9, 6, 1, 18, 7, 30, 10, 25, 8, 18, 13, 27, 27, 17, 27, 40, 33, 41, 37, 47, 33, 48, 46, 48, 52, 59, 57, 70]);
----------
objective = 337;
s = array1d(1..32, [0, 0, 0, 0, 9, 6, 1, 18, 7, 30, 10, 25, 8, 18, 13, 27, 27, 17, 27, 40, 33, 41, 37, 47, 33, 48, 46, 48, 52, 60, 57, 70]);
----------
objective = 336;
s = array1d(1..32, [0, 0, 0, 0, 9, 6, 1, 18, 7, 30, 10, 25, 8, 18, 13, 27, 27, 17, 27, 40, 33, 41, 37, 47, 33, 48, 46, 48, 52, 61, 57, 70]);
----------
objective = 335;
s = array1d(1..32, [0, 0, 0, 0, 9, 6, 1, 18, 7, 30, 10, 25, 8, 18, 13, 27, 27, 17, 27, 40, 33, 41, 37, 47, 33, 49, 46, 48, 52, 60, 57, 70]);
----------
objective = 334;
s = array1d(1..32, [0, 0, 0, 0, 9, 6, 1, 18, 7, 30, 10, 25, 8, 18, 13, 27, 27, 17, 27, 40, 33, 41, 37, 47, 33, 49, 46, 48, 52, 61, 57, 70]);
----------
objective = 333;
s = array1d(1..32, [0, 0, 0, 0, 9, 6, 1, 18, 6, 30, 10, 25, 8, 18, 13, 27, 27, 17, 27, 40, 33, 41, 36, 47, 32, 57, 46, 48, 52, 60, 60, 69]);
----------
objective = 332;
s = array1d(1..32, [0, 0, 0, 0, 9, 6, 1, 18, 6, 30, 10, 25, 8, 18, 13, 27, 27, 17, 27, 40, 33, 41, 36, 47, 32, 57, 46, 48, 52, 61, 60, 69]);
----------
objective = 331;
s = array1d(1..32, [0, 0, 0, 0, 9, 6, 1, 18, 6, 30, 10, 25, 8, 18, 13, 27, 27, 17, 27, 40, 33, 41, 37, 47, 33, 57, 46, 48, 52, 61, 60, 69]);
----------
objective = 330;
s = array1d(1..32, [0, 0, 0, 0, 9, 6, 1, 18, 7, 30, 10, 25, 8, 18, 13, 27, 27, 17, 27, 40, 33, 41, 36, 47, 32, 57, 46, 48, 52, 61, 60, 69]);
----------
objective = 329;
s = array1d(1..32, [0, 0, 0, 0, 9, 6, 1, 18, 7, 30, 10, 25, 8, 18, 13, 27, 27, 17, 27, 40, 33, 41, 37, 47, 33, 57, 46, 48, 52, 61, 60, 69]);
----------
objective = 328;
s = array1d(1..32, [0, 0, 0, 0, 9, 6, 1, 18, 6, 30, 10, 25, 8, 18, 13, 27, 27, 17, 27, 40, 33, 41, 36, 47, 32, 57, 46, 48, 52, 60, 60, 70]);
----------
objective = 327;
s = array1d(1..32, [0, 0, 0, 0, 9, 6, 1, 18, 6, 30, 10, 25, 8, 18, 13, 27, 27, 17, 27, 40, 33, 41, 36, 47, 32, 57, 46, 48, 52, 61, 60, 70]);
----------
objective = 326;
s = array1d(1..32, [0, 0, 0, 0, 9, 6, 1, 18, 6, 30, 10, 25, 8, 18, 13, 27, 27, 17, 27, 40, 33, 41, 37, 47, 33, 57, 46, 48, 52, 61, 60, 70]);
----------
objective = 325;
s = array1d(1..32, [0, 0, 0, 0, 9, 6, 1, 18, 7, 30, 10, 25, 8, 18, 13, 27, 27, 17, 27, 40, 33, 41, 36, 47, 32, 57, 46, 48, 52, 61, 60, 70]);
----------
objective = 324;
s = array1d(1..32, [0, 0, 0, 0, 9, 6, 1, 18, 7, 30, 10, 25, 8, 18, 13, 27, 27, 17, 27, 40, 33, 41, 37, 47, 33, 57, 46, 48, 52, 61, 60, 70]);
----------
objective = 323;
s = array1d(1..32, [0, 0, 0, 0, 9, 6, 1, 18, 6, 30, 10, 25, 8, 18, 13, 27, 27, 17, 27, 40, 33, 41, 36, 47, 32, 57, 46, 48, 53, 60, 60, 70]);
----------
objective = 322;
s = array1d(1..32, [0, 0, 0, 0, 9, 6, 1, 18, 6, 30, 10, 25, 8, 18, 13, 27, 27, 17, 27, 40, 33, 41, 36, 47, 32, 57, 46, 48, 53, 61, 60, 70]);
----------
objective = 321;
s = array1d(1..32, [0, 0, 0, 0, 9, 6, 1, 18, 6, 30, 10, 25, 8, 18, 13, 27, 27, 17, 27, 40, 33, 41, 37, 47, 33, 57, 46, 48, 53, 61, 60, 70]);
----------
objective = 320;
s = array1d(1..32, [0, 0, 0, 0, 9, 6, 1, 18, 7, 30, 10, 25, 8, 18, 13, 27, 27, 17, 27, 40, 33, 41, 36, 47, 32, 57, 46, 48, 53, 61, 60, 70]);
----------
objective = 319;
s = array1d(1..32, [0, 0, 0, 0, 9, 6, 1, 18, 7, 30, 10, 25, 8, 18, 13, 27, 27, 17, 27, 40, 33, 41, 37, 47, 33, 57, 46, 48, 53, 61, 60, 70]);
----------
objective = 318;
s = array1d(1..32, [0, 0, 0, 0, 9, 6, 1, 18, 6, 30, 9, 25, 8, 18, 13, 27, 27, 17, 27, 40, 33, 41, 36, 47, 32, 57, 46, 48, 54, 61, 60, 70]);
----------
objective = 317;
s = array1d(1..32, [0, 0, 0, 0, 9, 6, 1, 18, 6, 30, 10, 25, 8, 18, 13, 27, 27, 17, 27, 40, 33, 41, 36, 47, 32, 57, 46, 48, 54, 61, 60, 70]);
----------
objective = 316;
s = array1d(1..32, [0, 0, 0, 0, 9, 6, 1, 18, 6, 30, 10, 25, 8, 18, 13, 27, 27, 17, 27, 40, 33, 41, 37, 47, 33, 57, 46, 48, 54, 61, 60, 70]);
----------
objective = 315;
s = array1d(1..32, [0, 0, 0, 0, 9, 6, 1, 18, 7, 30, 10, 25, 8, 18, 13, 27, 27, 17, 27, 40, 33, 41, 36, 47, 32, 57, 46, 48, 54, 61, 60, 70]);
----------
objective = 314;
s = array1d(1..32, [0, 0, 0, 0, 9, 6, 1, 18, 7, 30, 10, 25, 8, 18, 13, 27, 27, 17, 27, 40, 33, 41, 37, 47, 33, 57, 46, 48, 54, 61, 60, 70]);
----------
objective = 313;
s = array1d(1..32, [0, 0, 0, 0, 9, 6, 1, 18, 7, 30, 10, 25, 8, 18, 13, 27, 27, 17, 27, 40, 33, 41, 37, 47, 33, 52, 46, 48, 55, 61, 57, 70]);
----------
objective = 312;
s = array1d(1..32, [0, 0, 0, 0, 9, 6, 1, 18, 7, 30, 10, 25, 8, 18, 13, 27, 27, 17, 27, 40, 33, 41, 37, 47, 33, 57, 46, 48, 55, 62, 60, 70]);
----------
objective = 311;
s = array1d(1..32, [0, 0, 0, 0, 9, 6, 1, 18, 6, 30, 10, 25, 8, 18, 13, 27, 27, 17, 27, 40, 33, 41, 37, 47, 33, 57, 46, 48, 55, 61, 62, 70]);
----------
objective = 310;
s = array1d(1..32, [0, 0, 0, 0, 9, 6, 1, 18, 7, 30, 10, 25, 8, 18, 13, 27, 27, 17, 27, 40, 33, 41, 36, 47, 32, 57, 46, 48, 55, 61, 62, 70]);
----------
objective = 309;
s = array1d(1..32, [0, 0, 0, 0, 9, 6, 1, 18, 7, 30, 10, 25, 8, 18, 13, 27, 27, 17, 27, 40, 33, 41, 37, 47, 33, 57, 46, 48, 55, 61, 62, 70]);
----------
objective = 308;
s = array1d(1..32, [0, 0, 0, 0, 9, 6, 1, 18, 7, 30, 10, 25, 8, 18, 13, 27, 27, 17, 27, 40, 33, 41, 37, 47, 33, 52, 46, 48, 56, 61, 57, 70]);
----------
objective = 307;
s = array1d(1..32, [0, 0, 0, 0, 9, 6, 1, 18, 7, 30, 10, 25, 8, 18, 13, 27, 27, 17, 27, 40, 33, 41, 36, 47, 32, 53, 46, 48, 56, 61, 57, 70]);
----------
objective = 306;
s = array1d(1..32, [0, 0, 0, 0, 9, 6, 1, 18, 7, 30, 10, 25, 8, 18, 13, 27, 27, 17, 27, 40, 33, 41, 37, 47, 33, 53, 46, 48, 56, 61, 57, 70]);
----------
objective = 305;
s = array1d(1..32, [0, 0, 0, 0, 9, 6, 1, 18, 7, 30, 10, 25, 8, 18, 13, 27, 27, 17, 27, 40, 33, 41, 36, 47, 32, 57, 46, 48, 56, 61, 63, 70]);
----------
objective = 304;
s = array1d(1..32, [0, 0, 0, 0, 9, 6, 1, 18, 7, 30, 10, 25, 8, 18, 13, 27, 27, 17, 27, 40, 33, 41, 37, 47, 33, 57, 46, 48, 56, 61, 63, 70]);
----------
objective = 303;
s = array1d(1..32, [0, 0, 0, 0, 9, 6, 1, 18, 7, 30, 10, 25, 8, 18, 13, 27, 27, 17, 27, 40, 33, 41, 36, 47, 32, 55, 46, 48, 57, 61, 58, 69]);
----------
objective = 302;
s = array1d(1..32, [0, 0, 0, 0, 9, 6, 1, 18, 7, 30, 10, 25, 8, 18, 13, 27, 27, 17, 27, 40, 33, 41, 37, 47, 33, 55, 46, 48, 57, 61, 58, 69]);
----------
objective = 301;
s = array1d(1..32, [0, 0, 0, 0, 9, 6, 1, 18, 7, 30, 10, 25, 8, 18, 13, 27, 27, 17, 27, 40, 33, 41, 37, 47, 33, 53, 46, 48, 57, 61, 57, 70]);
----------
objective = 300;
s = array1d(1..32, [0, 0, 0, 0, 9, 6, 1, 18, 7, 30, 10, 25, 8, 18, 13, 27, 27, 17, 27, 40, 33, 41, 36, 47, 32, 54, 46, 48, 57, 61, 57, 70]);
----------
objective = 299;
s = array1d(1..32, [0, 0, 0, 0, 9, 6, 1, 18, 7, 30, 10, 25, 8, 18, 13, 27, 27, 17, 27, 40, 33, 41, 37, 47, 33, 54, 46, 48, 57, 61, 57, 70]);
----------
objective = 298;
s = array1d(1..32, [0, 0, 0, 0, 9, 6, 1, 18, 7, 30, 10, 25, 8, 18, 13, 27, 27, 17, 27, 40, 33, 41, 36, 47, 32, 55, 46, 48, 57, 61, 58, 70]);
----------
objective = 297;
s = array1d(1..32, [0, 0, 0, 0, 9, 6, 1, 18, 7, 30, 10, 25, 8, 18, 13, 27, 27, 17, 27, 40, 33, 41, 37, 47, 33, 55, 46, 48, 57, 61, 58, 70]);
----------
objective = 296;
s = array1d(1..32, [0, 0, 0, 0, 9, 6, 1, 18, 7, 30, 10, 25, 8, 18, 13, 27, 27, 17, 27, 40, 33, 41, 37, 47, 33, 53, 46, 48, 58, 61, 57, 70]);
----------
objective = 295;
s = array1d(1..32, [0, 0, 0, 0, 9, 6, 1, 18, 7, 30, 10, 25, 8, 18, 13, 27, 27, 17, 27, 40, 33, 41, 36, 47, 32, 54, 46, 48, 58, 61, 57, 70]);
----------
objective = 294;
s = array1d(1..32, [0, 0, 0, 0, 9, 6, 1, 18, 7, 30, 10, 25, 8, 18, 13, 27, 27, 17, 27, 40, 33, 41, 37, 47, 33, 54, 46, 48, 58, 61, 57, 70]);
----------
objective = 293;
s = array1d(1..32, [0, 0, 0, 0, 9, 6, 1, 18, 7, 30, 10, 25, 8, 18, 13, 27, 27, 17, 27, 40, 33, 41, 36, 47, 32, 55, 46, 48, 58, 61, 58, 70]);
----------
objective = 292;
s = array1d(1..32, [0, 0, 0, 0, 9, 6, 1, 18, 7, 30, 10, 25, 8, 18, 13, 27, 27, 17, 27, 40, 33, 41, 37, 47, 33, 55, 46, 48, 58, 61, 58, 70]);
----------
objective = 291;
s = array1d(1..32, [0, 0, 0, 0, 9, 6, 1, 18, 7, 30, 10, 25, 8, 18, 13, 27, 27, 17, 27, 40, 33, 41, 37, 47, 33, 53, 46, 48, 59, 61, 57, 70]);
----------
objective = 290;
s = array1d(1..32, [0, 0, 0, 0, 9, 6, 1, 18, 7, 30, 10, 25, 8, 18, 13, 27, 27, 17, 27, 40, 33, 41, 36, 47, 32, 54, 46, 48, 59, 61, 57, 70]);
----------
objective = 289;
s = array1d(1..32, [0, 0, 0, 0, 9, 6, 1, 18, 7, 30, 10, 25, 8, 18, 13, 27, 27, 17, 27, 40, 33, 41, 37, 47, 33, 54, 46, 48, 59, 61, 57, 70]);
----------
objective = 288;
s = array1d(1..32, [0, 0, 0, 0, 9, 6, 1, 18, 7, 30, 10, 25, 8, 18, 13, 27, 27, 17, 27, 40, 33, 41, 36, 47, 32, 55, 46, 48, 59, 61, 58, 70]);
----------
objective = 287;
s = array1d(1..32, [0, 0, 0, 0, 9, 6, 1, 18, 7, 30, 10, 25, 8, 18, 13, 27, 27, 17, 27, 40, 33, 41, 37, 47, 33, 55, 46, 48, 59, 61, 58, 70]);
----------
objective = 286;
s = array1d(1..32, [0, 0, 0, 0, 9, 6, 1, 18, 7, 30, 10, 25, 8, 18, 13, 27, 27, 17, 27, 40, 33, 41, 36, 48, 32, 55, 46, 48, 59, 61, 58, 70]);
----------
objective = 285;
s = array1d(1..32, [0, 0, 0, 0, 9, 6, 1, 18, 7, 30, 10, 25, 8, 18, 13, 27, 27, 17, 27, 40, 33, 41, 37, 48, 33, 55, 46, 48, 59, 61, 58, 70]);
----------
objective = 284;
s = array1d(1..32, [0, 0, 0, 0, 9, 6, 1, 18, 7, 30, 10, 25, 8, 18, 13, 27, 27, 17, 27, 40, 33, 41, 36, 49, 32, 55, 46, 48, 59, 61, 58, 70]);
----------
objective = 283;
s = array1d(1..32, [0, 0, 0, 0, 9, 6, 1, 18, 7, 30, 10, 25, 8, 18, 13, 27, 27, 17, 27, 40, 33, 41, 37, 49, 33, 55, 46, 48, 59, 61, 58, 70]);
----------
objective = 282;
s = array1d(1..32, [0, 0, 0, 0, 9, 6, 1, 18, 7, 30, 10, 25, 8, 18, 13, 27, 27, 17, 27, 40, 33, 41, 36, 50, 32, 55, 46, 48, 59, 61, 58, 70]);
----------
objective = 281;
s = array1d(1..32, [0, 0, 0, 0, 9, 6, 1, 18, 7, 30, 10, 25, 8, 18, 13, 27, 27, 17, 27, 40, 33, 41, 37, 50, 33, 55, 46, 48, 59, 61, 58, 70]);
----------
objective = 280;
s = array1d(1..32, [0, 0, 0, 0, 9, 6, 1, 18, 7, 30, 10, 25, 8, 18, 13, 27, 27, 17, 27, 40, 33, 41, 36, 51, 32, 55, 46, 48, 59, 61, 58, 70]);
----------
objective = 279;
s = array1d(1..32, [0, 0, 0, 0, 9, 6, 1, 18, 7, 30, 10, 25, 8, 18, 13, 27, 27, 17, 27, 40, 33, 41, 37, 51, 33, 55, 46, 48, 59, 61, 58, 70]);
----------
objective = 278;
s = array1d(1..32, [0, 0, 0, 0, 9, 6, 1, 18, 7, 30, 10, 25, 8, 18, 13, 27, 27, 17, 27, 40, 33, 41, 36, 52, 32, 55, 46, 48, 59, 61, 58, 70]);
----------
objective = 277;
s = array1d(1..32, [0, 0, 0, 0, 9, 6, 1, 18, 7, 30, 10, 25, 8, 18, 13, 27, 27, 17, 27, 40, 33, 41, 37, 52, 33, 55, 46, 48, 59, 61, 58, 70]);
----------
objective = 276;
s = array1d(1..32, [0, 0, 0, 0, 9, 6, 1, 18, 7, 30, 10, 25, 8, 18, 13, 27, 27, 17, 27, 40, 33, 41, 36, 53, 32, 55, 46, 48, 59, 61, 58, 70]);
----------
objective = 275;
s = array1d(1..32, [0, 0, 0, 0, 9, 6, 1, 18, 7, 30, 10, 25, 8, 18, 13, 27, 27, 17, 27, 40, 33, 41, 37, 53, 33, 55, 46, 48, 59, 61, 58, 70]);
----------
objective = 274;
s = array1d(1..32, [0, 0, 0, 0, 9, 6, 1, 18, 7, 30, 10, 25, 8, 18, 13, 27, 27, 17, 27, 40, 33, 42, 36, 53, 32, 55, 46, 48, 59, 61, 58, 70]);
----------
objective = 273;
s = array1d(1..32, [0, 0, 0, 0, 9, 6, 1, 18, 7, 30, 10, 25, 8, 18, 13, 27, 27, 17, 27, 40, 33, 42, 37, 53, 33, 55, 46, 48, 59, 61, 58, 70]);
----------
objective = 272;
s = array1d(1..32, [0, 0, 0, 0, 9, 6, 1, 18, 7, 30, 10, 25, 8, 18, 13, 27, 27, 17, 27, 40, 33, 43, 36, 53, 32, 55, 46, 48, 59, 61, 58, 70]);
----------
objective = 271;
s = array1d(1..32, [0, 0, 0, 0, 9, 6, 1, 18, 7, 30, 10, 25, 8, 18, 13, 27, 27, 17, 27, 40, 33, 43, 37, 53, 33, 55, 46, 48, 59, 61, 58, 70]);
----------
objective = 270;
s = array1d(1..32, [0, 0, 0, 0, 9, 6, 1, 18, 7, 30, 10, 25, 8, 18, 13, 27, 27, 17, 27, 40, 33, 44, 36, 53, 32, 55, 46, 48, 59, 61, 58, 70]);
----------
objective = 269;
s = array1d(1..32, [0, 0, 0, 0, 9, 6, 1, 18, 7, 30, 10, 25, 8, 18, 13, 27, 27, 17, 27, 40, 33, 44, 37, 53, 33, 55, 46, 48, 59, 61, 58, 70]);
----------
objective = 268;
s = array1d(1..32, [0, 0, 0, 0, 9, 6, 1, 18, 7, 34, 9, 25, 8, 18, 13, 27, 27, 17, 27, 28, 33, 44, 37, 50, 33, 55, 43, 46, 55, 61, 58, 70]);
----------
objective = 267;
s = array1d(1..32, [0, 0, 0, 0, 9, 6, 1, 18, 7, 34, 10, 25, 8, 18, 13, 27, 27, 17, 27, 28, 33, 44, 37, 50, 33, 55, 43, 46, 55, 61, 58, 70]);
----------
objective = 266;
s = array1d(1..32, [0, 0, 0, 0, 9, 6, 1, 18, 7, 34, 7, 25, 8, 18, 13, 27, 27, 17, 27, 28, 33, 44, 36, 50, 32, 55, 43, 46, 56, 61, 58, 70]);
----------
objective = 265;
s = array1d(1..32, [0, 0, 0, 0, 9, 6, 1, 18, 7, 34, 7, 25, 8, 18, 13, 27, 27, 17, 27, 28, 33, 44, 37, 50, 33, 55, 43, 46, 56, 61, 58, 70]);
----------
objective = 264;
s = array1d(1..32, [0, 0, 0, 0, 9, 6, 1, 18, 7, 34, 8, 25, 8, 18, 13, 27, 27, 17, 27, 28, 33, 44, 37, 50, 33, 55, 43, 46, 56, 61, 58, 70]);
----------
objective = 263;
s = array1d(1..32, [0, 0, 0, 0, 9, 6, 1, 18, 7, 34, 9, 25, 8, 18, 13, 27, 27, 17, 27, 28, 33, 44, 37, 50, 33, 55, 43, 46, 56, 61, 58, 70]);
----------
objective = 262;
s = array1d(1..32, [0, 0, 0, 0, 9, 6, 1, 18, 7, 34, 10, 25, 8, 18, 13, 27, 27, 17, 27, 28, 33, 44, 37, 50, 33, 55, 43, 46, 56, 61, 58, 70]);
----------
objective = 261;
s = array1d(1..32, [0, 0, 0, 0, 9, 6, 1, 18, 7, 34, 7, 25, 8, 18, 13, 27, 27, 17, 27, 28, 33, 44, 36, 50, 32, 55, 43, 46, 57, 61, 58, 70]);
----------
objective = 260;
s = array1d(1..32, [0, 0, 0, 0, 9, 6, 1, 18, 7, 34, 7, 25, 8, 18, 13, 27, 27, 17, 27, 28, 33, 44, 37, 50, 33, 55, 43, 46, 57, 61, 58, 70]);
----------
objective = 259;
s = array1d(1..32, [0, 0, 0, 0, 9, 6, 1, 18, 7, 34, 8, 25, 8, 18, 13, 27, 27, 17, 27, 28, 33, 44, 37, 50, 33, 55, 43, 46, 57, 61, 58, 70]);
----------
objective = 258;
s = array1d(1..32, [0, 0, 0, 0, 9, 6, 1, 18, 7, 34, 9, 25, 8, 18, 13, 27, 27, 17, 27, 28, 33, 44, 37, 50, 33, 55, 43, 46, 57, 61, 58, 70]);
----------
objective = 257;
s = array1d(1..32, [0, 0, 0, 0, 9, 6, 1, 18, 7, 34, 10, 25, 8, 18, 13, 27, 27, 17, 27, 28, 33, 44, 37, 50, 33, 55, 43, 46, 57, 61, 58, 70]);
----------
objective = 256;
s = array1d(1..32, [0, 0, 0, 0, 9, 6, 1, 18, 7, 34, 7, 25, 8, 18, 13, 27, 27, 17, 27, 28, 33, 44, 36, 50, 32, 55, 43, 46, 58, 61, 58, 70]);
----------
objective = 255;
s = array1d(1..32, [0, 0, 0, 0, 9, 6, 1, 18, 7, 34, 7, 25, 8, 18, 13, 27, 27, 17, 27, 28, 33, 44, 37, 50, 33, 55, 43, 46, 58, 61, 58, 70]);
----------
objective = 254;
s = array1d(1..32, [0, 0, 0, 0, 9, 6, 1, 18, 7, 34, 8, 25, 8, 18, 13, 27, 27, 17, 27, 28, 33, 44, 37, 50, 33, 55, 43, 46, 58, 61, 58, 70]);
----------
objective = 253;
s = array1d(1..32, [0, 0, 0, 0, 9, 6, 1, 18, 7, 34, 9, 25, 8, 18, 13, 27, 27, 17, 27, 28, 33, 44, 37, 50, 33, 55, 43, 46, 58, 61, 58, 70]);
----------
objective = 252;
s = array1d(1..32, [0, 0, 0, 0, 9, 6, 1, 18, 7, 34, 10, 25, 8, 18, 13, 27, 27, 17, 27, 28, 33, 44, 37, 50, 33, 55, 43, 46, 58, 61, 58, 70]);
----------
objective = 251;
s = array1d(1..32, [0, 0, 0, 0, 9, 6, 1, 18, 7, 34, 7, 25, 8, 18, 13, 27, 27, 17, 27, 28, 33, 44, 36, 50, 32, 55, 43, 46, 59, 61, 58, 70]);
----------
objective = 250;
s = array1d(1..32, [0, 0, 0, 0, 9, 6, 1, 18, 7, 34, 7, 25, 8, 18, 13, 27, 27, 17, 27, 28, 33, 44, 37, 50, 33, 55, 43, 46, 59, 61, 58, 70]);
----------
objective = 249;
s = array1d(1..32, [0, 0, 0, 0, 9, 6, 1, 18, 7, 34, 8, 25, 8, 18, 13, 27, 27, 17, 27, 28, 33, 44, 37, 50, 33, 55, 43, 46, 59, 61, 58, 70]);
----------
objective = 248;
s = array1d(1..32, [0, 0, 0, 0, 9, 6, 1, 18, 7, 34, 9, 25, 8, 18, 13, 27, 27, 17, 27, 28, 33, 44, 37, 50, 33, 55, 43, 46, 59, 61, 58, 70]);
----------
objective = 247;
s = array1d(1..32, [0, 0, 0, 0, 9, 6, 1, 18, 7, 34, 10, 25, 8, 18, 13, 27, 27, 17, 27, 28, 33, 44, 37, 50, 33, 55, 43, 46, 59, 61, 58, 70]);
----------
objective = 246;
s = array1d(1..32, [0, 0, 0, 0, 9, 6, 1, 18, 7, 34, 9, 25, 8, 18, 13, 27, 27, 17, 27, 28, 33, 44, 37, 51, 33, 55, 43, 46, 59, 61, 58, 70]);
----------
objective = 245;
s = array1d(1..32, [0, 0, 0, 0, 9, 6, 1, 18, 7, 34, 10, 25, 8, 18, 13, 27, 27, 17, 27, 28, 33, 44, 37, 51, 33, 55, 43, 46, 59, 61, 58, 70]);
----------
objective = 244;
s = array1d(1..32, [0, 0, 0, 0, 9, 6, 1, 18, 7, 34, 9, 25, 8, 18, 13, 27, 27, 17, 27, 28, 33, 44, 37, 52, 33, 55, 43, 46, 59, 61, 58, 70]);
----------
objective = 243;
s = array1d(1..32, [0, 0, 0, 0, 9, 6, 1, 18, 7, 34, 10, 25, 8, 18, 13, 27, 27, 17, 27, 28, 33, 44, 37, 52, 33, 55, 43, 46, 59, 61, 58, 70]);
----------
objective = 242;
s = array1d(1..32, [0, 0, 0, 0, 9, 6, 1, 18, 7, 34, 9, 25, 8, 18, 13, 27, 27, 17, 27, 28, 33, 44, 37, 53, 33, 55, 43, 46, 59, 61, 58, 70]);
----------
objective = 241;
s = array1d(1..32, [0, 0, 0, 0, 9, 6, 1, 18, 7, 34, 10, 25, 8, 18, 13, 27, 27, 17, 27, 28, 33, 44, 37, 53, 33, 55, 43, 46, 59, 61, 58, 70]);
----------
objective = 240;
s = array1d(1..32, [0, 0, 0, 0, 9, 6, 1, 18, 7, 34, 9, 25, 8, 18, 13, 27, 27, 17, 27, 28, 33, 45, 37, 53, 33, 55, 43, 46, 59, 61, 58, 70]);
----------
objective = 239;
s = array1d(1..32, [0, 0, 0, 0, 9, 6, 1, 18, 7, 34, 10, 25, 8, 18, 13, 27, 27, 17, 27, 28, 33, 45, 37, 53, 33, 55, 43, 46, 59, 61, 58, 70]);
----------
objective = 238;
s = array1d(1..32, [0, 0, 0, 0, 9, 6, 1, 18, 7, 35, 10, 25, 8, 18, 13, 27, 27, 17, 27, 29, 33, 45, 36, 53, 32, 55, 43, 46, 59, 61, 58, 70]);
----------
objective = 237;
s = array1d(1..32, [0, 0, 0, 0, 9, 6, 1, 18, 7, 35, 10, 25, 8, 18, 13, 27, 27, 17, 27, 29, 33, 45, 37, 53, 33, 55, 43, 46, 59, 61, 58, 70]);
----------
objective = 236;
s = array1d(1..32, [0, 0, 0, 0, 9, 6, 1, 18, 7, 35, 9, 25, 8, 18, 13, 27, 27, 17, 27, 29, 33, 46, 37, 53, 33, 55, 43, 46, 59, 61, 58, 70]);
----------
objective = 235;
s = array1d(1..32, [0, 0, 0, 0, 9, 6, 1, 18, 7, 35, 10, 25, 8, 18, 13, 27, 27, 17, 27, 29, 33, 46, 37, 53, 33, 55, 43, 46, 59, 61, 58, 70]);
----------
objective = 234;
s = array1d(1..32, [0, 0, 0, 0, 9, 6, 1, 18, 7, 36, 10, 25, 8, 18, 13, 27, 27, 17, 27, 30, 33, 46, 36, 53, 32, 55, 43, 46, 59, 61, 58, 70]);
----------
objective = 233;
s = array1d(1..32, [0, 0, 0, 0, 9, 6, 1, 18, 7, 36, 10, 25, 8, 18, 13, 27, 27, 17, 27, 30, 33, 46, 37, 53, 33, 55, 43, 46, 59, 61, 58, 70]);
----------
objective = 232;
s = array1d(1..32, [0, 0, 0, 0, 9, 6, 1, 18, 7, 37, 10, 25, 8, 18, 13, 27, 27, 17, 27, 31, 33, 47, 36, 53, 33, 55, 43, 46, 58, 60, 58, 70]);
----------
objective = 231;
s = array1d(1..32, [0, 0, 0, 0, 9, 6, 1, 18, 7, 37, 10, 25, 8, 18, 13, 27, 27, 17, 27, 31, 33, 47, 36, 53, 33, 55, 43, 46, 58, 61, 58, 70]);
----------
objective = 230;
s = array1d(1..32, [0, 0, 0, 0, 9, 6, 1, 18, 6, 37, 10, 25, 8, 18, 13, 26, 27, 17, 27, 31, 33, 47, 35, 53, 33, 55, 43, 46, 59, 61, 58, 70]);
----------
objective = 229;
s = array1d(1..32, [0, 0, 0, 0, 9, 6, 1, 18, 6, 37, 10, 25, 8, 18, 13, 27, 27, 17, 27, 31, 33, 47, 36, 53, 33, 55, 43, 46, 59, 60, 58, 70]);
----------
objective = 228;
s = array1d(1..32, [0, 0, 0, 0, 9, 6, 1, 18, 6, 37, 10, 25, 8, 18, 13, 27, 27, 17, 27, 31, 33, 47, 36, 53, 33, 55, 43, 46, 59, 61, 58, 70]);
----------
objective = 227;
s = array1d(1..32, [0, 0, 0, 0, 9, 6, 1, 18, 7, 37, 10, 25, 8, 18, 13, 27, 27, 17, 27, 31, 33, 47, 36, 53, 33, 55, 43, 46, 59, 60, 58, 70]);
----------
objective = 226;
s = array1d(1..32, [0, 0, 0, 0, 9, 6, 1, 18, 7, 37, 10, 25, 8, 18, 13, 27, 27, 17, 27, 31, 33, 47, 36, 53, 33, 55, 43, 46, 59, 61, 58, 70]);
----------
objective = 225;
s = array1d(1..32, [0, 0, 0, 0, 9, 6, 1, 18, 7, 37, 10, 25, 8, 18, 13, 27, 27, 17, 27, 31, 33, 48, 36, 54, 33, 55, 43, 46, 59, 60, 58, 70]);
----------
objective = 224;
s = array1d(1..32, [0, 0, 0, 0, 9, 6, 1, 18, 7, 37, 10, 25, 8, 18, 13, 27, 27, 17, 27, 31, 33, 48, 36, 54, 33, 55, 43, 46, 59, 61, 58, 70]);
----------
objective = 223;
s = array1d(1..32, [0, 0, 0, 0, 9, 6, 1, 18, 7, 37, 10, 25, 8, 18, 13, 27, 28, 17, 27, 31, 33, 47, 36, 53, 33, 55, 43, 46, 59, 60, 58, 70]);
----------
objective = 222;
s = array1d(1..32, [0, 0, 0, 0, 9, 6, 1, 18, 7, 37, 10, 25, 8, 18, 13, 27, 28, 17, 27, 31, 33, 47, 36, 53, 33, 55, 43, 46, 59, 61, 58, 70]);
----------
objective = 221;
s = array1d(1..32, [0, 0, 0, 0, 9, 6, 1, 18, 7, 37, 10, 25, 8, 18, 13, 27, 28, 17, 27, 31, 33, 48, 36, 54, 33, 55, 43, 46, 59, 60, 58, 70]);
----------
objective = 220;
s = array1d(1..32, [0, 0, 0, 0, 9, 6, 1, 18, 7, 37, 10, 25, 8, 18, 13, 27, 28, 17, 27, 31, 33, 48, 36, 54, 33, 55, 43, 46, 59, 61, 58, 70]);
----------
objective = 219;
s = array1d(1..32, [0, 0, 0, 0, 9, 6, 1, 18, 7, 37, 10, 25, 8, 18, 13, 27, 29, 17, 27, 31, 33, 47, 36, 53, 33, 55, 43, 46, 59, 60, 58, 70]);
----------
objective = 218;
s = array1d(1..32, [0, 0, 0, 0, 9, 6, 1, 18, 7, 37, 10, 25, 8, 18, 13, 27, 29, 17, 27, 31, 33, 47, 36, 53, 33, 55, 43, 46, 59, 61, 58, 70]);
----------
objective = 217;
s = array1d(1..32, [0, 0, 0, 0, 9, 6, 1, 18, 7, 37, 10, 25, 8, 18, 13, 27, 29, 17, 27, 31, 33, 48, 36, 54, 33, 55, 43, 46, 59, 60, 58, 70]);
----------
objective = 216;
s = array1d(1..32, [0, 0, 0, 0, 9, 6, 1, 18, 7, 37, 10, 25, 8, 18, 13, 27, 29, 17, 27, 31, 33, 48, 36, 54, 33, 55, 43, 46, 59, 61, 58, 70]);
----------
objective = 215;
s = array1d(1..32, [0, 0, 0, 0, 9, 6, 1, 18, 7, 37, 10, 25, 8, 18, 13, 27, 30, 17, 27, 31, 33, 47, 36, 53, 33, 55, 43, 46, 59, 60, 58, 70]);
----------
objective = 214;
s = array1d(1..32, [0, 0, 0, 0, 9, 6, 1, 18, 7, 37, 10, 25, 8, 18, 13, 27, 30, 17, 27, 31, 33, 47, 36, 53, 33, 55, 43, 46, 59, 61, 58, 70]);
----------
objective = 213;
s = array1d(1..32, [0, 0, 0, 0, 9, 6, 1, 18, 7, 37, 10, 25, 8, 18, 13, 27, 30, 17, 27, 31, 33, 48, 36, 54, 33, 55, 43, 46, 59, 60, 58, 70]);
----------
objective = 212;
s = array1d(1..32, [0, 0, 0, 0, 9, 6, 1, 18, 7, 37, 10, 25, 8, 18, 13, 27, 30, 17, 27, 31, 33, 48, 36, 54, 33, 55, 43, 46, 59, 61, 58, 70]);
----------
objective = 211;
s = array1d(1..32, [0, 0, 0, 0, 9, 6, 1, 18, 7, 37, 10, 25, 8, 18, 13, 27, 30, 17, 28, 31, 33, 47, 36, 53, 33, 55, 43, 46, 59, 61, 58, 70]);
----------
objective = 210;
s = array1d(1..32, [0, 0, 0, 0, 9, 6, 1, 18, 7, 37, 10, 25, 8, 18, 13, 27, 30, 17, 28, 31, 33, 48, 36, 54, 33, 55, 43, 46, 59, 60, 58, 70]);
----------
objective = 209;
s = array1d(1..32, [0, 0, 0, 0, 9, 6, 1, 18, 7, 37, 10, 25, 8, 18, 13, 27, 30, 17, 28, 31, 33, 48, 36, 54, 33, 55, 43, 46, 59, 61, 58, 70]);
----------
objective = 208;
s = array1d(1..32, [0, 0, 0, 0, 9, 6, 1, 18, 7, 37, 10, 25, 8, 18, 13, 27, 30, 17, 29, 31, 33, 47, 36, 53, 33, 55, 43, 46, 59, 61, 58, 70]);
----------
objective = 207;
s = array1d(1..32, [0, 0, 0, 0, 9, 6, 1, 18, 7, 37, 10, 25, 8, 18, 13, 27, 30, 17, 29, 31, 33, 48, 36, 54, 33, 55, 43, 46, 59, 60, 58, 70]);
----------
objective = 206;
s = array1d(1..32, [0, 0, 0, 0, 9, 6, 1, 18, 7, 37, 10, 25, 8, 18, 13, 27, 30, 17, 29, 31, 33, 48, 36, 54, 33, 55, 43, 46, 59, 61, 58, 70]);
----------
objective = 205;
s = array1d(1..32, [0, 0, 0, 0, 9, 6, 1, 18, 7, 37, 10, 25, 8, 18, 13, 27, 30, 17, 30, 31, 33, 47, 36, 53, 33, 55, 43, 46, 59, 61, 58, 70]);
----------
objective = 204;
s = array1d(1..32, [0, 0, 0, 0, 9, 6, 1, 18, 7, 37, 10, 25, 8, 18, 13, 27, 30, 17, 30, 31, 33, 48, 36, 54, 33, 55, 43, 46, 59, 60, 58, 70]);
----------
objective = 203;
s = array1d(1..32, [0, 0, 0, 0, 9, 6, 1, 18, 7, 37, 10, 25, 8, 18, 13, 27, 30, 17, 30, 31, 33, 48, 36, 54, 33, 55, 43, 46, 59, 61, 58, 70]);
----------
objective = 202;
s = array1d(1..32, [0, 0, 0, 0, 9, 6, 1, 18, 6, 37, 10, 25, 8, 19, 13, 27, 30, 18, 28, 31, 33, 48, 36, 54, 33, 55, 43, 46, 59, 60, 58, 70]);
----------
objective = 201;
s = array1d(1..32, [0, 0, 0, 0, 9, 6, 1, 18, 6, 37, 10, 25, 8, 19, 13, 27, 30, 18, 28, 31, 33, 48, 36, 54, 33, 55, 43, 46, 59, 61, 58, 70]);
----------
objective = 200;
s = array1d(1..32, [0, 0, 0, 0, 9, 6, 1, 18, 7, 37, 10, 25, 8, 19, 13, 27, 30, 18, 28, 31, 33, 48, 36, 54, 33, 55, 43, 46, 59, 60, 58, 70]);
----------
objective = 199;
s = array1d(1..32, [0, 0, 0, 0, 9, 6, 1, 18, 7, 37, 10, 25, 8, 19, 13, 27, 30, 18, 28, 31, 33, 48, 36, 54, 33, 55, 43, 46, 59, 61, 58, 70]);
----------
objective = 198;
s = array1d(1..32, [0, 0, 0, 0, 9, 6, 1, 18, 6, 37, 10, 25, 8, 19, 13, 27, 30, 18, 29, 31, 33, 48, 36, 54, 33, 55, 43, 46, 59, 61, 58, 70]);
----------
objective = 197;
s = array1d(1..32, [0, 0, 0, 0, 9, 6, 1, 18, 7, 37, 10, 25, 8, 19, 13, 27, 30, 18, 29, 31, 33, 48, 36, 54, 33, 55, 43, 46, 59, 60, 58, 70]);
----------
objective = 196;
s = array1d(1..32, [0, 0, 0, 0, 9, 6, 1, 18, 7, 37, 10, 25, 8, 19, 13, 27, 30, 18, 29, 31, 33, 48, 36, 54, 33, 55, 43, 46, 59, 61, 58, 70]);
----------
objective = 195;
s = array1d(1..32, [0, 0, 0, 0, 9, 6, 1, 18, 6, 37, 10, 25, 8, 19, 13, 27, 30, 18, 30, 31, 33, 48, 36, 54, 33, 55, 43, 46, 59, 61, 58, 70]);
----------
objective = 194;
s = array1d(1..32, [0, 0, 0, 0, 9, 6, 1, 18, 7, 37, 10, 25, 8, 19, 13, 27, 30, 18, 30, 31, 33, 48, 36, 54, 33, 55, 43, 46, 59, 60, 58, 70]);
----------
objective = 193;
s = array1d(1..32, [0, 0, 0, 0, 9, 6, 1, 18, 7, 37, 10, 25, 8, 19, 13, 27, 30, 18, 30, 31, 33, 48, 36, 54, 33, 55, 43, 46, 59, 61, 58, 70]);
----------
objective = 192;
s = array1d(1..32, [0, 0, 0, 0, 9, 6, 1, 18, 6, 37, 10, 25, 8, 20, 13, 27, 29, 19, 29, 31, 33, 48, 36, 54, 33, 55, 43, 46, 59, 61, 58, 70]);
----------
objective = 191;
s = array1d(1..32, [0, 0, 0, 0, 9, 6, 1, 18, 7, 37, 10, 25, 8, 20, 13, 27, 29, 19, 29, 31, 33, 48, 36, 54, 33, 55, 43, 46, 59, 60, 58, 70]);
----------
objective = 190;
s = array1d(1..32, [0, 0, 0, 0, 9, 6, 1, 18, 7, 37, 10, 25, 8, 20, 13, 27, 29, 19, 29, 31, 33, 48, 36, 54, 33, 55, 43, 46, 59, 61, 58, 70]);
----------
objective = 189;
s = array1d(1..32, [0, 0, 0, 0, 9, 6, 1, 18, 8, 37, 10, 25, 9, 20, 14, 27, 29, 19, 29, 31, 33, 48, 36, 54, 33, 55, 43, 46, 59, 61, 58, 70]);
----------
objective = 188;
s = array1d(1..32, [0, 0, 0, 0, 9, 6, 1, 18, 6, 37, 10, 25, 8, 20, 13, 27, 30, 19, 29, 31, 33, 48, 36, 54, 33, 55, 43, 46, 59, 61, 58, 70]);
----------
objective = 187;
s = array1d(1..32, [0, 0, 0, 0, 9, 6, 1, 18, 7, 37, 10, 25, 8, 20, 13, 27, 30, 19, 29, 31, 33, 48, 36, 54, 33, 55, 43, 46, 59, 60, 58, 70]);
----------
objective = 186;
s = array1d(1..32, [0, 0, 0, 0, 9, 6, 1, 18, 7, 37, 10, 25, 8, 20, 13, 27, 30, 19, 29, 31, 33, 48, 36, 54, 33, 55, 43, 46, 59, 61, 58, 70]);
----------
objective = 185;
s = array1d(1..32, [0, 0, 0, 0, 9, 6, 1, 18, 8, 37, 10, 25, 9, 20, 14, 27, 30, 19, 29, 31, 33, 48, 36, 54, 33, 55, 43, 46, 59, 61, 58, 70]);
----------
objective = 184;
s = array1d(1..32, [0, 0, 0, 0, 9, 6, 1, 18, 7, 37, 10, 25, 8, 20, 13, 27, 30, 19, 30, 31, 33, 48, 36, 54, 33, 55, 43, 46, 59, 60, 58, 70]);
----------
objective = 183;
s = array1d(1..32, [0, 0, 0, 0, 9, 6, 1, 18, 7, 37, 10, 25, 8, 20, 13, 27, 30, 19, 30, 31, 33, 48, 36, 54, 33, 55, 43, 46, 59, 61, 58, 70]);
----------
objective = 182;
s = array1d(1..32, [0, 0, 0, 0, 9, 6, 1, 18, 8, 37, 10, 25, 9, 20, 14, 27, 30, 19, 30, 31, 33, 48, 36, 54, 33, 55, 43, 46, 59, 61, 58, 70]);
----------
objective = 181;
s = array1d(1..32, [0, 0, 0, 0, 9, 6, 1, 18, 7, 37, 10, 25, 8, 20, 13, 27, 30, 19, 30, 31, 34, 48, 36, 54, 33, 55, 43, 46, 59, 60, 58, 70]);
----------
objective = 180;
s = array1d(1..32, [0, 0, 0, 0, 9, 6, 1, 18, 7, 37, 10, 25, 8, 20, 13, 27, 30, 19, 30, 31, 34, 48, 36, 54, 33, 55, 43, 46, 59, 61, 58, 70]);
----------
objective = 179;
s = array1d(1..32, [0, 0, 0, 0, 9, 6, 1, 18, 8, 37, 10, 25, 9, 20, 14, 27, 30, 19, 30, 31, 34, 48, 36, 54, 33, 55, 43, 46, 59, 61, 58, 70]);
----------
objective = 178;
s = array1d(1..32, [0, 0, 0, 0, 9, 6, 1, 18, 7, 37, 10, 25, 8, 20, 13, 27, 30, 19, 31, 31, 34, 48, 36, 54, 33, 55, 43, 46, 59, 60, 58, 70]);
----------
objective = 177;
s = array1d(1..32, [0, 0, 0, 0, 9, 6, 1, 18, 7, 37, 10, 25, 8, 20, 13, 27, 30, 19, 31, 31, 34, 48, 36, 54, 33, 55, 43, 46, 59, 61, 58, 70]);
----------
objective = 176;
s = array1d(1..32, [0, 0, 0, 0, 9, 6, 1, 18, 8, 37, 10, 25, 9, 20, 14, 27, 30, 19, 31, 31, 34, 48, 36, 54, 33, 55, 43, 46, 59, 61, 58, 70]);
----------
objective = 175;
s = array1d(1..32, [0, 0, 0, 0, 9, 6, 1, 18, 7, 37, 10, 25, 8, 20, 13, 27, 30, 19, 31, 31, 35, 48, 36, 54, 33, 55, 43, 46, 59, 60, 58, 70]);
----------
objective = 174;
s = array1d(1..32, [0, 0, 0, 0, 9, 6, 1, 18, 7, 37, 10, 25, 8, 20, 13, 27, 30, 19, 31, 31, 35, 48, 36, 54, 33, 55, 43, 46, 59, 61, 58, 70]);
----------
objective = 173;
s = array1d(1..32, [0, 0, 0, 0, 9, 6, 1, 18, 8, 37, 10, 25, 9, 20, 14, 27, 30, 19, 31, 31, 35, 48, 36, 54, 33, 55, 43, 46, 59, 61, 58, 70]);
----------
objective = 172;
s = array1d(1..32, [0, 0, 0, 0, 9, 6, 1, 18, 7, 37, 10, 25, 8, 20, 13, 27, 30, 19, 32, 31, 35, 48, 36, 54, 33, 55, 43, 46, 59, 60, 58, 70]);
----------
objective = 171;
s = array1d(1..32, [0, 0, 0, 0, 9, 6, 1, 18, 7, 37, 10, 25, 8, 20, 13, 27, 30, 19, 32, 31, 35, 48, 36, 54, 33, 55, 43, 46, 59, 61, 58, 70]);
----------
objective = 170;
s = array1d(1..32, [0, 0, 0, 0, 9, 6, 1, 18, 8, 37, 10, 25, 9, 20, 14, 27, 30, 19, 32, 31, 35, 48, 36, 54, 33, 55, 43, 46, 59, 61, 58, 70]);
----------
objective = 169;
s = array1d(1..32, [0, 0, 0, 0, 9, 6, 1, 18, 7, 37, 10, 25, 8, 20, 13, 27, 30, 19, 32, 31, 36, 48, 36, 54, 33, 55, 43, 46, 59, 60, 58, 70]);
----------
objective = 168;
s = array1d(1..32, [0, 0, 0, 0, 9, 6, 1, 18, 7, 37, 10, 25, 8, 20, 13, 27, 30, 19, 32, 31, 36, 48, 36, 54, 33, 55, 43, 46, 59, 61, 58, 70]);
----------
objective = 167;
s = array1d(1..32, [0, 0, 0, 0, 9, 6, 1, 18, 8, 37, 10, 25, 9, 20, 14, 27, 30, 19, 32, 31, 36, 48, 36, 54, 33, 55, 43, 46, 59, 61, 58, 70]);
----------
objective = 166;
s = array1d(1..32, [0, 0, 0, 0, 9, 6, 1, 18, 7, 37, 10, 25, 8, 20, 13, 27, 30, 19, 33, 31, 36, 48, 36, 54, 33, 55, 43, 46, 59, 60, 58, 70]);
----------
objective = 165;
s = array1d(1..32, [0, 0, 0, 0, 9, 6, 1, 18, 7, 37, 10, 25, 8, 20, 13, 27, 30, 19, 33, 31, 36, 48, 36, 54, 33, 55, 43, 46, 59, 61, 58, 70]);
----------
objective = 164;
s = array1d(1..32, [0, 0, 0, 0, 9, 6, 1, 18, 8, 37, 10, 25, 9, 20, 14, 27, 30, 19, 33, 31, 36, 48, 36, 54, 33, 55, 43, 46, 59, 61, 58, 70]);
----------
objective = 163;
s = array1d(1..32, [0, 0, 0, 0, 9, 6, 1, 18, 8, 37, 10, 26, 9, 20, 14, 27, 30, 19, 33, 31, 36, 48, 36, 54, 33, 55, 43, 46, 59, 61, 58, 70]);
----------
objective = 162;
s = array1d(1..32, [0, 0, 0, 0, 9, 6, 1, 18, 8, 37, 10, 27, 9, 20, 14, 27, 30, 19, 33, 31, 36, 48, 36, 54, 33, 55, 43, 46, 59, 61, 58, 70]);
----------
objective = 161;
s = array1d(1..32, [0, 0, 0, 0, 9, 6, 1, 18, 8, 37, 10, 28, 9, 20, 14, 27, 30, 19, 33, 31, 36, 48, 36, 54, 33, 55, 43, 46, 59, 61, 58, 70]);
----------
objective = 160;
s = array1d(1..32, [0, 0, 0, 0, 9, 7, 1, 18, 8, 37, 10, 28, 9, 20, 14, 27, 30, 19, 33, 31, 36, 48, 36, 54, 33, 55, 43, 46, 59, 61, 58, 70]);
----------
objective = 159;
s = array1d(1..32, [0, 0, 0, 0, 9, 8, 1, 18, 8, 37, 10, 28, 9, 20, 14, 27, 30, 19, 33, 31, 36, 48, 36, 54, 33, 55, 43, 46, 59, 61, 58, 70]);
----------
objective = 158;
s = array1d(1..32, [0, 0, 0, 0, 9, 9, 1, 18, 8, 37, 10, 28, 9, 20, 14, 27, 30, 19, 33, 31, 36, 48, 36, 54, 33, 55, 43, 46, 59, 61, 58, 70]);
----------
objective = 157;
s = array1d(1..32, [0, 1, 0, 0, 9, 8, 1, 18, 8, 37, 10, 28, 9, 20, 14, 27, 30, 19, 33, 31, 36, 48, 36, 54, 33, 55, 43, 46, 59, 61, 58, 70]);
----------
objective = 156;
s = array1d(1..32, [0, 1, 0, 0, 9, 9, 1, 18, 8, 37, 10, 28, 9, 20, 14, 27, 30, 19, 33, 31, 36, 48, 36, 54, 33, 55, 43, 46, 59, 61, 58, 70]);
----------
objective = 155;
s = array1d(1..32, [0, 2, 0, 0, 9, 8, 1, 18, 8, 37, 10, 28, 9, 20, 14, 27, 30, 19, 33, 31, 36, 48, 36, 54, 33, 55, 43, 46, 59, 61, 58, 70]);
----------
objective = 154;
s = array1d(1..32, [0, 2, 0, 0, 9, 9, 1, 18, 8, 37, 10, 28, 9, 20, 14, 27, 30, 19, 33, 31, 36, 48, 36, 54, 33, 55, 43, 46, 59, 61, 58, 70]);
----------
objective = 153;
s = array1d(1..32, [0, 3, 0, 0, 9, 9, 1, 18, 8, 37, 10, 27, 9, 20, 14, 27, 30, 19, 33, 31, 36, 48, 36, 54, 33, 55, 43, 46, 59, 61, 58, 70]);
----------
objective = 152;
s = array1d(1..32, [0, 3, 0, 0, 9, 9, 1, 18, 8, 37, 10, 28, 9, 20, 14, 27, 30, 19, 33, 31, 36, 48, 36, 54, 33, 55, 43, 46, 59, 61, 58, 70]);
----------
objective = 151;
s = array1d(1..32, [0, 3, 0, 0, 9, 9, 1, 19, 7, 37, 10, 26, 8, 20, 13, 27, 30, 19, 33, 31, 36, 48, 36, 54, 33, 55, 43, 46, 59, 60, 58, 70]);
----------
objective = 150;
s = array1d(1..32, [0, 3, 0, 0, 9, 9, 1, 19, 7, 37, 10, 26, 8, 20, 13, 27, 30, 19, 33, 31, 36, 48, 36, 54, 33, 55, 43, 46, 59, 61, 58, 70]);
----------
objective = 149;
s = array1d(1..32, [0, 3, 0, 0, 9, 9, 1, 19, 8, 37, 10, 26, 9, 20, 14, 27, 30, 19, 33, 31, 36, 48, 36, 54, 33, 55, 43, 46, 59, 61, 58, 70]);
----------
objective = 148;
s = array1d(1..32, [0, 3, 0, 0, 9, 9, 1, 19, 8, 37, 10, 27, 9, 20, 14, 27, 30, 19, 33, 31, 36, 48, 36, 54, 33, 55, 43, 46, 59, 61, 58, 70]);
----------
objective = 147;
s = array1d(1..32, [0, 3, 0, 0, 9, 9, 1, 19, 8, 37, 10, 28, 9, 20, 14, 27, 30, 19, 33, 31, 36, 48, 36, 54, 33, 55, 43, 46, 59, 61, 58, 70]);
----------
objective = 146;
s = array1d(1..32, [0, 3, 0, 0, 9, 9, 1, 20, 8, 37, 10, 27, 9, 20, 14, 27, 30, 19, 32, 31, 36, 48, 36, 54, 33, 55, 43, 46, 59, 61, 58, 70]);
----------
objective = 145;
s = array1d(1..32, [0, 3, 0, 0, 9, 9, 1, 20, 7, 37, 10, 27, 8, 20, 13, 27, 30, 19, 33, 31, 36, 48, 36, 54, 33, 55, 43, 46, 59, 60, 58, 70]);
----------
objective = 144;
s = array1d(1..32, [0, 3, 0, 0, 9, 9, 1, 20, 7, 37, 10, 27, 8, 20, 13, 27, 30, 19, 33, 31, 36, 48, 36, 54, 33, 55, 43, 46, 59, 61, 58, 70]);
----------
objective = 143;
s = array1d(1..32, [0, 3, 0, 0, 9, 9, 1, 20, 8, 37, 10, 27, 9, 20, 14, 27, 30, 19, 33, 31, 36, 48, 36, 54, 33, 55, 43, 46, 59, 61, 58, 70]);
----------
objective = 142;
s = array1d(1..32, [0, 3, 0, 0, 9, 9, 1, 20, 8, 37, 10, 28, 9, 20, 14, 27, 30, 19, 33, 31, 36, 48, 36, 54, 33, 55, 43, 46, 59, 61, 58, 70]);
----------
objective = 141;
s = array1d(1..32, [0, 3, 0, 0, 9, 9, 1, 21, 7, 37, 10, 28, 8, 20, 13, 27, 30, 19, 32, 31, 36, 48, 36, 54, 33, 55, 43, 46, 59, 61, 58, 70]);
----------
objective = 140;
s = array1d(1..32, [0, 3, 0, 0, 9, 9, 1, 21, 8, 37, 10, 28, 9, 20, 14, 27, 30, 19, 32, 31, 36, 48, 36, 54, 33, 55, 43, 46, 59, 61, 58, 70]);
----------
objective = 139;
s = array1d(1..32, [0, 3, 0, 0, 9, 9, 1, 21, 7, 37, 10, 28, 8, 20, 13, 27, 30, 19, 33, 31, 36, 48, 36, 54, 33, 55, 43, 46, 59, 60, 58, 70]);
----------
objective = 138;
s = array1d(1..32, [0, 3, 0, 0, 9, 9, 1, 21, 7, 37, 10, 28, 8, 20, 13, 27, 30, 19, 33, 31, 36, 48, 36, 54, 33, 55, 43, 46, 59, 61, 58, 70]);
----------
objective = 137;
s = array1d(1..32, [0, 3, 0, 0, 9, 9, 1, 21, 8, 37, 10, 28, 9, 20, 14, 27, 30, 19, 33, 31, 36, 48, 36, 54, 33, 55, 43, 46, 59, 61, 58, 70]);
----------
objective = 136;
s = array1d(1..32, [0, 3, 0, 0, 9, 9, 1, 22, 7, 37, 10, 29, 8, 20, 13, 27, 30, 19, 33, 31, 37, 48, 36, 54, 33, 55, 43, 46, 59, 61, 58, 70]);
----------
objective = 135;
s = array1d(1..32, [0, 3, 0, 0, 9, 9, 1, 22, 8, 37, 10, 29, 9, 20, 14, 27, 30, 19, 33, 31, 37, 48, 36, 54, 33, 55, 43, 46, 59, 61, 58, 70]);
----------
objective = 134;
s = array1d(1..32, [0, 3, 0, 0, 9, 9, 1, 23, 7, 37, 10, 30, 8, 20, 13, 27, 30, 19, 33, 31, 38, 48, 36, 54, 33, 55, 43, 46, 59, 61, 58, 70]);
----------
objective = 133;
s = array1d(1..32, [0, 3, 0, 0, 9, 9, 1, 23, 8, 37, 10, 30, 9, 20, 14, 27, 30, 19, 33, 31, 38, 48, 36, 54, 33, 55, 43, 46, 59, 61, 58, 70]);
----------
objective = 132;
s = array1d(1..32, [0, 3, 0, 0, 9, 9, 1, 24, 8, 38, 10, 31, 9, 20, 14, 27, 31, 19, 33, 32, 39, 48, 36, 54, 33, 55, 43, 46, 59, 61, 58, 70]);
----------
objective = 131;
s = array1d(1..32, [0, 3, 1, 0, 10, 9, 1, 22, 8, 37, 10, 29, 9, 20, 14, 27, 30, 19, 33, 31, 37, 48, 36, 54, 33, 55, 43, 46, 59, 61, 58, 70]);
----------
objective = 130;
s = array1d(1..32, [0, 3, 1, 0, 10, 9, 1, 23, 7, 37, 10, 30, 8, 20, 13, 27, 30, 19, 33, 31, 38, 48, 36, 54, 33, 55, 43, 46, 59, 61, 58, 70]);
----------
objective = 129;
s = array1d(1..32, [0, 3, 1, 0, 10, 9, 1, 23, 8, 37, 10, 30, 9, 20, 14, 27, 30, 19, 33, 31, 38, 48, 36, 54, 33, 55, 43, 46, 59, 61, 58, 70]);
----------
objective = 128;
s = array1d(1..32, [0, 3, 1, 0, 10, 9, 1, 24, 8, 38, 10, 31, 9, 20, 14, 27, 31, 19, 33, 32, 39, 48, 36, 54, 33, 55, 43, 46, 59, 61, 58, 70]);
----------
objective = 127;
s = array1d(1..32, [0, 3, 2, 0, 11, 9, 1, 22, 8, 37, 10, 29, 9, 20, 14, 27, 30, 19, 33, 31, 37, 48, 36, 54, 33, 55, 43, 46, 59, 61, 58, 70]);
----------
objective = 126;
s = array1d(1..32, [0, 3, 2, 0, 11, 9, 1, 23, 7, 37, 10, 30, 8, 20, 13, 27, 30, 19, 33, 31, 38, 48, 36, 54, 33, 55, 43, 46, 59, 61, 58, 70]);
----------
objective = 125;
s = array1d(1..32, [0, 3, 2, 0, 11, 9, 1, 23, 8, 37, 10, 30, 9, 20, 14, 27, 30, 19, 33, 31, 38, 48, 36, 54, 33, 55, 43, 46, 59, 61, 58, 70]);
----------
objective = 124;
s = array1d(1..32, [0, 3, 2, 0, 11, 9, 1, 24, 8, 38, 10, 31, 9, 20, 14, 27, 31, 19, 33, 32, 39, 48, 36, 54, 33, 55, 43, 46, 59, 61, 58, 70]);
----------
objective = 123;
s = array1d(1..32, [1, 3, 2, 1, 11, 9, 2, 23, 7, 37, 10, 30, 8, 20, 13, 27, 30, 19, 33, 31, 38, 48, 36, 54, 33, 55, 43, 46, 59, 61, 58, 70]);
----------
objective = 122;
s = array1d(1..32, [1, 3, 2, 1, 11, 9, 2, 23, 8, 37, 10, 30, 9, 20, 14, 27, 30, 19, 33, 31, 38, 48, 36, 54, 33, 55, 43, 46, 59, 61, 58, 70]);
----------
objective = 121;
s = array1d(1..32, [1, 3, 2, 1, 11, 9, 2, 24, 8, 38, 10, 31, 9, 20, 14, 27, 31, 19, 33, 32, 39, 48, 36, 54, 33, 55, 43, 46, 59, 61, 58, 70]);
----------
==========
