mznc2017_probs/community-detection/Strike.s6.k5.dzn
objective = 35;
x = array1d(1..24, [1, 1, 1, 1, 1, 1, 1, 1, 1, 1, 1, 1, 1, 2, 1, 1, 1, 2, 1, 2, 3, 2, 4, 1]);
----------
objective = 37;
x = array1d(1..24, [1, 1, 1, 1, 1, 1, 1, 1, 1, 1, 1, 1, 1, 2, 1, 1, 1, 2, 3, 2, 4, 2, 4, 1]);
----------
objective = 51;
x = array1d(1..24, [1, 1, 1, 1, 1, 1, 1, 1, 1, 1, 1, 1, 1, 2, 1, 1, 2, 1, 1, 3, 1, 1, 3, 1]);
----------
objective = 53;
x = array1d(1..24, [1, 1, 1, 1, 1, 1, 1, 1, 1, 1, 1, 2, 1, 1, 1, 2, 3, 1, 4, 2, 1, 1, 2, 1]);
----------
objective = 57;
x = array1d(1..24, [1, 1, 1, 1, 1, 1, 1, 1, 1, 2, 1, 1, 1, 2, 1, 1, 2, 1, 3, 4, 1, 1, 4, 1]);
----------
