mznc2018_probs/neighbours/neighbours9.dzn
objective = 91;
x = array2d(1..9, 1..4, [2, 3, 1, 3, 1, 5, 4, 2, 1, 2, 3, 1, 3, 5, 4, 2, 2, 1, 1, 3, 3, 5, 4, 2, 1, 2, 3, 1, 1, 5, 4, 2, 2, 3, 1, 3]);
----------
objective = 92;
x = array2d(1..9, 1..4, [1, 2, 3, 1, 3, 5, 4, 2, 2, 1, 1, 4, 3, 5, 2, 3, 1, 4, 3, 1, 3, 2, 3, 4, 4, 1, 1, 2, 2, 4, 5, 3, 1, 3, 2, 1]);
----------
objective = 93;
x = array2d(1..9, 1..4, [1, 2, 3, 1, 3, 5, 4, 2, 2, 1, 1, 3, 4, 3, 2, 4, 1, 5, 4, 1, 3, 2, 3, 4, 4, 1, 1, 2, 2, 4, 5, 3, 1, 3, 2, 1]);
----------
